132 95355.9
120 97868.4
158 89575.8
157 91461.4
132 95355.9
61 113334
144 94224.4
132 95355.9
132 95355.9
134 95097.4
111 101923
135 94982.9
132 95355.9
118 99032.7
121 97689.9
83 105291
61 113334
63 113143
63 113143
61 113334
115 101812
144 94224.4
97 102042
120 97868.4
70 106272
135 94982.9
60 113641
60 113641
60 113641
145 93821.5
131 95358.5
115 101812
85 105143
61 113334
158 89575.8
157 91461.4
144 94224.4
132 95355.9
61 113334
115 101812
144 94224.4
61 113334
131 95358.5
144 94224.4
111 101923
158 89575.8
115 101812
132 95355.9
131 95358.5
157 91461.4
157 91461.4
157 91461.4
158 89575.8
144 94224.4
135 94982.9
115 101812
144 94224.4
85 105143
134 95223.9
134 95223.9
118 99568.5
118 99568.5
121 97768.4
70 106293
146 94157.7
147 93953.2
146 94157.7
146 94157.7
147 93953.2
146 94157.7
146 94157.7
111 102007
131 96525.3
132 95429.3
131 96525.3
157 93386.3
158 89609.8
158 89609.8
95 105492
95 105492
158 90063.3
158 90063.3
70 110114
157 94006.2
94 106350
135 95321.9
111 102251
111 102251
78 106764
121 98051.6
135 95321.9
94 106350
75 106860
121 98051.6
118 99671.6
118 99671.6
157 94006.2
75 106860
75 106860
75 106860
