83 326488
78 328191
94 320860
103 319382
85 323859
100 320345
86 321888
95 320556
80 326950
78 328191
85 323859
94 320860
94 320860
85 323859
93 322917
93 322917
93 322917
95 322552
94 322595
102 322174
108 321729
105 321756
97 322424
102 322174
105 321756
85 325706
86 324588
86 324588
93 323435
93 323435
94 322804
103 322524
103 322524
116 322451
116 322451
116 322451
116 322451
85 326296
89 325298
87 325407
89 325298
87 325407
93 323540
95 322869
86 326998
92 325517
92 325517
94 323630
94 323630
103 323018
97 323298
97 323298
97 323298
97 323298
103 323018
86 327574
89 326998
88 327314
86 327574
89 326998
86 327574
88 327314
93 325653
93 325653
94 324230
94 324230
94 324230
94 324230
100 323705
97 323944
100 323705
100 323705
105 323128
90 327030
90 327030
90 327030
88 327401
89 327320
89 327320
88 327401
88 327401
93 326492
93 326492
93 326492
93 326492
94 326018
95 324484
95 324484
94 326018
97 324043
97 324043
97 324043
92 327228
90 327278
90 327278
90 327278
92 327228
90 327278
92 327228
88 330560
