125 659437
147 651138
145 653007
128 656549
130 655377
132 653550
128 656549
145 653007
125 659437
147 651393
132 654658
139 654142
128 656861
150 651897
147 652721
148 652379
147 652721
148 652379
136 655730
137 655674
136 655730
136 655730
137 655674
145 654176
140 654563
145 654176
140 654563
140 654563
130 658223
151 652333
151 652333
148 652627
148 652627
148 652627
136 655802
136 655802
136 655802
136 655802
140 655087
143 654828
143 654828
143 654828
140 655087
131 659912
131 659912
131 659912
131 659912
131 659912
160 652795
148 654331
152 653195
152 653195
152 653195
137 656251
137 656251
147 655290
142 655878
146 655568
146 655568
142 655878
142 655878
136 663049
136 663049
151 654987
151 654987
161 653997
161 653997
161 653997
161 653997
161 653997
137 657772
141 656562
140 657691
140 657691
140 657691
140 657691
140 657691
147 655738
147 655738
147 655738
143 655951
143 655951
155 655009
155 655009
167 654038
137 664010
139 658956
138 659484
138 659484
138 659484
138 659484
140 658067
140 658067
140 658067
143 656372
147 656016
152 656002
147 656016
147 656016
152 656002
