116 657968
125 652700
141 640246
143 637332
126 646770
131 645064
132 640975
126 646770
131 645064
143 637332
131 645064
141 640246
125 652700
141 640246
132 640975
141 640246
125 652700
129 648393
129 648393
129 648393
476 637725
179 638708
157 638962
143 639375
476 637725
143 639375
157 638962
157 638962
476 637725
179 638708
179 638708
157 638962
476 637725
131 645695
131 645695
134 643386
139 642963
139 642963
134 643386
130 652202
130 652202
130 652202
156 639672
144 640649
143 642792
144 640649
156 639672
143 642792
144 640649
143 642792
133 646351
132 647062
131 647119
132 647062
133 646351
131 647119
138 643967
136 645563
138 643967
136 645563
272 639707
272 639707
272 639707
272 639707
272 639707
155 641348
155 641348
143 643928
144 643031
144 643031
143 643928
132 647481
131 648241
132 647481
131 648241
131 648241
131 648241
131 648241
138 644059
138 644059
463 640836
463 640836
463 640836
463 640836
154 643534
154 643534
135 647556
135 647556
135 647556
133 648678
131 649546
131 649546
133 648678
133 648678
138 644650
138 644650
133 651099
156 643941
156 643941
133 651099
