99 911490
86 915252
82 923620
82 923620
92 917139
87 920132
101 915662
88 917721
96 916369
101 915662
92 917139
96 916369
88 917721
92 917139
92 917139
86 929318
86 929318
87 920230
87 920230
87 920230
87 920230
96 916972
96 916972
88 918968
89 918739
88 918968
86 930952
86 930952
86 930952
87 924475
87 924475
87 924475
97 918065
97 918065
97 918065
92 918821
90 918893
90 918893
92 918821
90 918893
88 922694
88 922694
87 924712
87 924712
98 918289
106 918223
106 918223
91 919933
90 920444
91 919933
91 919933
90 920444
87 926192
87 926192
87 926192
87 926192
100 918365
98 918552
98 918552
100 918365
92 920100
93 920073
92 920100
90 921086
91 920447
90 921086
91 920447
89 926208
88 930727
88 930727
92 920102
90 924263
91 921904
91 921904
89 927620
89 927620
89 927620
92 921701
94 920438
91 923739
89 930678
90 929450
89 930678
90 929450
89 930678
92 923367
93 922594
93 922594
92 923367
93 922594
92 923367
92 923367
92 923367
96 921627
94 922047
97 920636
97 920636
94 922047
91 924098
98 920892
