82 904758
87 898658
83 899053
83 899053
82 904758
83 899053
87 898658
87 898658
86 899407
84 900204
83 926534
84 900204
86 899407
84 902527
84 902527
84 902527
93 900871
95 900096
93 900871
95 900096
95 900096
95 900096
95 900096
84 910106
86 902944
85 903452
85 903452
84 910106
85 903452
86 902944
115 901540
115 901540
115 901540
115 901540
85 910039
85 910039
87 903320
86 904601
86 904601
87 903320
86 905902
86 905902
92 903488
87 905632
91 904454
87 905632
92 903488
87 905632
91 904454
86 912090
86 912090
87 907129
87 907129
92 906529
99 904532
96 905638
95 906241
96 905638
99 904532
96 905638
95 906241
96 905638
96 905638
95 906241
99 904532
92 906529
86 914374
86 914374
90 907403
87 909378
89 908995
90 907403
89 908995
90 907403
87 909378
87 909378
107 904552
107 904552
93 907257
93 907257
86 923730
90 908478
90 908478
87 909775
89 909402
87 909775
89 909402
94 908417
95 907950
95 907950
94 908417
95 907950
95 907950
94 908417
95 907950
95 908090
95 908090
87 927917
88 915345
91 909645
