134 642431
130 642917
206 638957
120 643955
138 639697
320 638756
126 643901
130 642917
130 642917
206 638957
126 643901
120 643955
134 642431
138 639697
206 638957
134 642431
138 639697
320 638756
130 643864
132 643629
132 643629
130 643864
121 644357
121 644357
136 642987
134 643200
136 642987
134 643200
151 640342
139 641836
139 641836
151 640342
505 639010
505 639010
505 639010
126 646598
131 644460
129 644512
127 644945
131 644460
129 644512
131 644460
129 644512
129 644512
127 644945
126 646598
141 642674
145 641869
141 642674
145 641869
159 641143
224 640663
155 641561
224 640663
159 641143
155 641561
224 640663
224 640663
155 641561
155 641561
159 641143
133 644892
133 644892
132 645446
132 645446
131 647130
129 648022
131 647130
129 648022
142 643713
142 643713
142 643713
142 643713
150 642879
150 642879
150 642879
150 642879
162 641341
162 641341
133 647372
133 647372
133 647372
129 648470
129 648470
142 644414
142 644414
158 643372
158 643372
339 641814
265 642457
265 642457
339 641814
339 641814
265 642457
129 648810
171 643945
171 643945
129 648810
147 644684
138 647809
