85 899868
83 903060
99 897683
106 897533
99 897683
99 897683
85 899868
83 903060
106 897533
83 903060
99 897683
106 897533
96 899988
86 900660
88 900485
86 900660
96 899988
96 899988
86 900660
88 900485
88 900485
84 909207
85 906209
83 920717
84 909207
84 909207
84 909207
83 920717
85 906209
83 920717
106 899534
106 899534
106 899534
96 900227
96 900227
86 902894
86 902894
84 915034
84 915034
84 915034
85 908187
85 908187
86 903125
86 903125
85 908537
85 908537
87 904523
87 904523
87 904523
85 908859
85 908859
87 905423
92 904897
87 905423
92 904897
86 909259
85 916998
85 916998
86 909259
85 916998
87 906319
88 906229
87 906319
88 906229
118 905339
119 905009
94 905457
119 905009
94 905457
119 905009
119 905009
118 905339
118 905339
119 905009
85 925538
87 914721
87 914721
90 907223
91 906493
89 907664
91 906493
89 907664
90 907223
102 906056
94 906248
94 906248
102 906056
102 906056
102 906056
99 906500
99 906500
89 921697
90 910245
93 906984
90 910245
92 907334
92 907334
93 906984
92 907334
99 906500
