157 89509
91 103718
91 103718
80 106025
71 109886
118 99457
145 95832
62 111505
106 101163
131 99236.8
74 108276
80 106025
83 105793
118 99457
138 97531.3
131 99236.8
83 105793
158 88715.9
141 95936.7
156 95437.6
84 104509
156 95437.6
156 95437.6
138 97531.3
84 104509
156 95437.6
84 104509
138 97531.3
158 88715.9
106 101163
156 95437.6
138 97531.3
141 95936.7
157 89681.3
157 89681.3
71 111978
71 111978
62 112052
74 108288
80 107132
80 107132
80 107132
80 107132
118 100134
84 105426
95 104665
95 104665
95 104665
158 88721.4
106 101540
145 96497.8
157 89742
65 118289
73 113811
74 109432
74 109432
74 109432
118 100601
118 100601
118 100601
118 100601
118 100601
86 105920
86 105920
105 104822
99 105813
99 105813
158 88721.4
106 101706
145 96855.7
145 96855.7
145 96855.7
145 96855.7
145 96855.7
157 90018.5
74 109677
121 100908
121 100908
91 106987
92 106514
158 88756.1
158 88756.1
106 103827
145 96887
145 96887
157 90200.5
157 90200.5
133 102564
121 103522
121 103522
133 102564
133 102564
158 88759.6
158 88759.6
145 96978.9
157 90275.2
158 88797.7
158 88797.7
157 90275.2
157 90275.2
