141 95989.2
131 98955.5
80 106230
64 113456
106 102400
156 94737.2
82 105874
79 106863
67 112050
95 103972
74 109595
118 102149
121 102095
121 102095
121 102095
91 104491
158 88715.9
157 89733.8
67 112050
95 103972
156 94737.2
157 89733.8
67 112050
82 105874
158 88715.9
80 106230
80 106230
82 105874
64 113456
158 88715.9
95 103972
141 96106.3
141 96106.3
132 99734.4
132 99734.4
131 99751.9
131 99751.9
115 103649
115 103649
119 103095
119 103095
91 104800
156 95307.9
157 89745.6
80 108940
80 108940
80 108940
80 108940
83 106751
82 108189
68 115801
74 114227
74 114227
158 88721.4
158 88721.4
158 88721.4
158 88721.4
158 88721.4
158 88721.4
97 104030
95 104150
97 104030
145 97475.5
145 97475.5
138 100447
141 100416
141 100416
92 106678
92 106678
156 95645.3
157 89761
83 107143
158 88721.4
158 88721.4
158 88721.4
158 88721.4
158 88721.4
158 88721.4
158 88721.4
95 104364
155 98046.8
155 98046.8
155 98046.8
155 98046.8
157 90018.4
157 90018.4
157 90018.4
87 107639
158 88733.4
95 106680
95 106680
157 90075.6
157 90075.6
157 90075.6
91 108647
158 88740.9
158 88740.9
105 106838
157 90078.1
158 88750.6
