42 108239
142 83531.1
76 93240.7
134 85407.6
141 84272.2
149 81458.9
142 83531.1
87 91352.3
141 84272.2
143 82798.4
134 85407.6
142 83531.1
86 91893.7
142 83531.1
142 83531.1
134 85407.6
143 82798.4
142 83531.1
63 101927
111 88247.2
71 94584.3
99 89733.4
63 101927
51 107030
148 82320.7
143 82798.4
141 84272.2
63 101927
63 101927
51 107030
123 86509.8
99 89733.4
111 88247.2
135 85009.9
135 85009.9
81 92963.8
135 85009.9
111 88247.2
142 83531.1
111 88247.2
142 83531.1
111 88247.2
134 85407.6
111 88247.2
135 85009.9
99 89733.4
142 83531.1
99 89733.4
142 83531.1
135 85009.9
63 101927
81 92963.8
99 89733.4
134 85407.6
142 83531.1
143 82798.4
111 88247.2
135 85009.9
135 85009.9
71 94584.3
81 92963.8
99 89733.4
142 83531.1
135 85009.9
148 82320.7
143 82798.4
148 82320.7
142 83531.1
111 88247.2
148 82320.7
135 85009.9
47 112881
47 112881
149 81674.3
149 81674.3
47 112881
72 95239.4
111 88258.2
135 85174.2
72 95239.4
87 91480.1
111 88258.2
142 83531.1
99 90005.6
76 94232.2
135 85174.2
99 90005.6
87 91480.1
76 94232.2
72 95239.4
145 82868.8
99 90005.6
87 91480.1
149 81674.3
145 82868.8
149 81674.3
76 94232.2
145 82868.8
149 81674.3
149 81674.3
