88 920975
85 927161
87 922346
89 920764
90 919738
91 918436
92 915483
85 927161
85 927161
91 918436
85 927161
91 918436
92 915483
89 920764
87 922346
91 920736
91 920736
96 917362
94 918473
92 919491
97 917011
94 918473
92 919491
92 919491
89 921850
89 921850
89 921850
87 927799
88 923693
88 923693
91 920979
91 920979
97 917322
94 919300
94 919300
94 919300
93 919680
93 919680
90 922821
90 922821
88 924951
92 921270
92 921270
92 921270
92 921270
92 921270
104 918079
102 918990
104 918079
102 918990
93 919836
93 919836
93 919836
91 923031
91 923031
90 925298
89 929036
90 925298
89 929036
89 929036
90 925298
92 921660
92 921660
102 919558
95 920138
93 920398
93 920398
91 924507
91 924507
91 924507
89 933264
90 926119
92 923493
95 920158
95 920158
94 920400
93 922380
94 920400
91 925161
91 925161
91 925161
90 927456
90 927456
92 924719
92 924719
104 920274
93 922822
97 920521
94 921693
96 921121
94 921693
94 921693
96 921121
96 921121
91 927396
90 930554
90 930554
90 930554
90 935849
102 921152
