77 321592
83 312025
180 302972
82 314519
77 321592
82 314519
180 302972
180 302972
83 312025
83 312025
82 318200
82 318200
227 310750
227 310750
227 310750
83 312239
83 312239
82 318281
82 318281
93 313407
83 313621
93 313407
83 313621
82 324414
95 314035
83 314441
83 314441
95 314035
82 325976
83 314791
83 314791
83 314791
96 314057
95 314698
95 314698
95 314698
96 314057
95 314698
83 315551
85 314900
83 315551
85 314900
122 314489
105 314552
122 314489
122 314489
122 314489
105 314552
83 315569
83 315569
83 315569
93 315099
92 315391
93 315099
92 315391
93 315099
92 315391
108 314818
108 314818
108 314818
108 314818
83 317033
83 317033
94 315167
94 315167
94 315167
92 316958
93 315943
93 315943
92 316958
118 315035
118 315035
118 315035
118 315035
83 317187
83 317187
94 315339
94 315339
90 317412
85 317481
83 318140
85 317481
83 318140
90 317412
106 315472
94 315777
106 315472
94 315777
83 318182
83 318182
106 315492
106 315492
94 316341
95 316216
95 316216
94 316341
94 316341
83 318599
107 315749
107 315749
