132 658140
133 649230
132 658140
154 650371
144 652933
134 656447
139 653380
140 652971
145 652330
154 650371
134 656447
145 652330
139 653380
145 652330
144 652933
137 656732
135 658013
136 657653
136 657653
135 658013
139 654171
139 654171
139 654171
161 652456
161 652456
161 652456
146 653026
146 653026
138 656943
137 660175
137 660175
142 656061
140 656458
139 656556
145 654859
139 656556
142 656061
142 656061
145 654859
139 656556
146 653227
168 653097
168 653097
146 653227
138 657987
144 656201
145 654999
145 654999
145 654999
145 654999
145 654999
139 656688
139 656688
148 654888
158 653373
149 653576
149 653576
149 653576
149 653576
148 654888
138 661347
138 661347
138 661347
138 661347
144 656420
144 656420
145 656267
146 655059
145 656267
141 657277
140 659640
141 657277
141 657277
149 654266
152 653577
149 654266
138 663309
146 655726
146 655726
140 660055
141 658420
142 658102
143 657816
142 658102
142 658102
142 658102
160 653688
153 653815
153 653815
151 654671
151 654671
151 654671
151 654671
151 654671
140 660670
158 654143
158 654143
140 660670
142 658140
153 655598
