80 319787
77 329944
82 313506
84 312358
81 318064
80 319787
84 312358
84 312358
82 313506
81 318064
82 313506
80 322135
106 312831
93 313082
84 313280
84 313280
106 312831
93 313082
106 312831
84 313280
82 314434
82 314434
132 312869
130 312996
132 312869
130 312996
132 312869
130 312996
94 313823
94 313823
82 315404
83 314684
83 314684
82 315404
83 314684
148 313369
148 313369
148 313369
94 313843
94 313843
83 315044
83 315044
124 314614
97 315031
124 314614
97 315031
124 314614
92 315443
83 315913
95 315324
95 315324
83 315913
92 315443
103 315377
103 315377
83 316179
91 315948
91 315948
83 316179
91 315948
94 315838
96 315608
94 315838
96 315608
96 315608
96 315608
83 318420
85 316458
85 316458
83 318420
83 318420
85 316458
85 316458
91 316126
91 316126
106 315841
106 315841
106 315841
106 315841
83 318459
83 318459
87 318085
87 318085
103 316477
91 317477
98 316823
95 317271
94 317427
91 317477
94 317427
95 317271
94 317427
98 316823
94 317427
94 317427
103 316477
95 317271
98 316823
83 318968
119 317120
