50 116573
69 113065
69 113065
59 114758
63 113231
51 115191
96 110562
101 109202
56 115019
101 109202
56 115019
56 115019
96 110562
50 116573
51 115191
51 115191
84 110773
60 113982
60 113982
59 114758
69 113065
118 108897
61 113352
63 113231
60 113982
51 115191
61 113352
56 115019
69 113065
59 114758
118 108897
69 113065
84 110773
60 113982
69 113065
63 113231
50 116573
118 108897
63 113231
69 113065
63 113231
55 115215
51 115262
55 115215
55 115215
56 115023
56 115023
56 115023
56 115023
84 112236
95 110982
95 110982
84 112236
84 112236
84 112236
60 114071
60 114071
60 114071
60 114071
60 114071
60 114071
60 114071
50 116853
50 116853
50 116853
50 116853
50 116853
123 109025
123 109025
123 109025
123 109025
123 109025
63 113231
63 113231
63 113231
63 113231
63 113231
63 113231
63 113231
63 113231
51 115279
51 115279
100 111834
63 113235
92 112371
61 114587
92 112371
63 113235
61 114587
51 115279
51 115279
100 111834
100 111834
51 115279
51 115279
51 115279
51 115279
51 115279
51 115279
51 115279
