81 323822
94 320684
77 325894
107 318399
83 321237
82 323281
107 318399
83 321237
77 325894
81 323822
82 323281
81 323822
77 325894
107 318399
95 320823
95 320823
95 320823
83 321391
81 324529
81 324529
81 324529
77 326530
104 321385
93 321977
103 321757
83 322190
83 322190
82 327120
109 321958
109 321958
109 321958
92 322597
83 322688
98 322395
98 322395
83 322688
82 327562
82 327562
94 322666
94 322666
94 322666
85 323471
83 325305
91 322970
91 322970
85 323471
83 325305
91 322970
85 323471
103 322698
103 322698
83 325729
83 325729
95 323307
95 323307
86 323487
85 324422
85 324422
86 323487
86 323487
97 323442
85 324496
94 323623
93 324051
93 324051
94 323623
91 324704
85 324858
87 324843
87 324843
91 324704
91 324704
96 324132
94 324520
95 324298
106 324087
94 324520
94 324520
94 324520
86 325740
86 325740
86 325740
88 325179
88 325179
93 324834
92 324849
93 324834
100 324684
86 326041
86 326041
103 324759
93 325000
93 325000
97 324845
97 324845
94 324940
94 324940
93 325000
86 326041
93 325000
