0 1 3 2 12 7 6 11 17 4 9 10 25 14 15 8 13 18 16 5 28 26 20 27 19 30 24 21 22 23 29 31 0 0 0 1 0 0 0 0 0 0 0 1 0 0 0 0 0 0 0 0 0 0 0 0 0 0 0 0 0 0 0 0
0 2 3 1 7 10 12 4 6 8 14 9 18 26 5 25 11 13 15 16 17 20 19 28 27 24 30 21 22 23 29 31 0 0 0 1 1 1 1 1 0 1 1 0 0 0 0 1 1 1 1 1 0 0 0 0 1 1 1 1 1 0 1 0
0 1 10 3 2 9 12 6 14 4 25 7 26 11 8 17 15 18 19 28 20 13 24 16 21 5 27 30 22 23 29 31 0 0 0 1 1 1 1 1 1 1 0 0 1 1 1 1 1 1 1 1 1 1 0 0 0 0 1 0 1 0 1 0
0 1 10 3 14 2 9 6 5 12 7 4 25 17 11 8 18 15 26 19 28 20 13 24 16 21 27 30 22 23 29 31 0 0 0 1 1 1 1 1 1 1 1 1 0 1 1 1 1 1 1 1 1 1 1 0 0 0 1 0 1 0 1 0
0 1 3 9 8 14 2 7 15 12 6 10 17 11 13 20 18 25 5 26 4 19 28 16 27 21 22 24 30 23 29 31 0 0 0 1 1 1 1 1 1 1 1 0 1 0 0 1 1 1 1 1 1 1 1 0 1 1 1 1 1 0 1 0
0 1 10 3 2 14 5 12 8 9 6 4 15 7 25 11 18 20 28 26 27 13 17 19 16 30 24 21 22 23 29 31 0 0 1 1 1 1 0 1 0 1 1 1 1 1 1 0 1 1 0 1 1 0 0 0 0 1 1 1 1 0 1 0
0 2 3 1 7 10 12 4 6 8 14 9 18 26 5 25 11 13 15 16 17 20 19 28 27 24 30 21 22 23 29 31 0 0 0 1 1 1 1 1 0 1 1 0 0 0 0 1 1 1 1 1 0 0 0 0 1 1 1 1 1 0 1 0
0 1 3 9 14 4 2 6 7 10 5 15 12 25 18 11 8 26 13 17 28 20 19 16 27 21 30 24 22 23 29 31 0 1 1 1 1 1 1 1 0 1 1 0 1 0 1 1 1 1 1 1 1 1 0 1 1 1 1 1 1 0 1 0
0 2 3 6 1 7 10 8 5 14 9 18 12 4 11 15 26 17 19 25 13 16 28 20 27 30 21 24 22 23 29 31 0 0 0 1 0 1 1 1 1 1 1 1 0 0 1 1 1 1 1 1 1 1 0 0 1 1 1 1 1 0 1 0
0 3 4 1 8 10 2 12 14 6 25 9 7 5 18 28 11 13 16 17 19 24 15 26 21 20 22 27 23 30 29 31 0 0 0 0 1 1 1 0 0 0 0 0 1 0 1 0 0 0 0 0 1 0 0 0 0 1 1 0 1 0 1 0
0 3 1 8 2 9 5 15 14 12 10 7 11 6 25 20 18 28 26 4 13 16 17 27 19 24 21 22 23 29 30 31 0 0 1 0 0 0 0 0 0 1 1 1 0 1 0 1 0 0 0 0 0 0 0 0 1 1 0 0 0 0 1 0
0 1 10 2 6 12 3 9 25 7 4 5 15 14 8 11 13 16 18 28 20 26 17 19 27 24 30 21 22 23 29 31 0 0 0 0 0 0 0 0 1 1 1 1 1 1 0 0 0 0 0 0 0 0 0 0 0 1 1 0 0 0 0 0
0 1 10 2 6 12 3 9 25 7 4 5 15 14 8 11 13 16 18 28 20 26 17 19 27 24 30 21 22 23 29 31 0 0 0 0 0 0 0 0 1 1 1 1 1 1 0 0 0 0 0 0 0 0 0 0 0 1 1 0 0 0 0 0
0 1 10 2 3 4 7 5 9 12 11 17 6 8 18 15 14 25 26 19 20 28 13 16 27 30 24 21 22 23 29 31 0 0 1 1 1 1 0 0 0 0 0 1 0 1 0 1 1 1 0 1 1 0 0 0 0 1 1 1 1 0 0 0
0 2 1 7 10 14 12 3 8 9 18 28 4 11 15 6 25 13 17 19 20 26 16 27 24 5 21 30 22 23 29 31 0 0 0 1 1 1 1 1 0 1 1 0 1 1 1 1 0 1 1 1 0 1 1 0 1 1 1 0 1 0 0 0
0 2 1 14 3 12 17 10 9 7 6 8 11 4 18 26 28 15 20 5 25 13 19 16 21 24 27 30 22 23 29 31 0 1 1 1 1 1 1 1 1 1 1 1 0 0 0 0 1 1 1 1 1 1 0 1 0 1 1 0 1 1 1 0
0 2 1 6 3 7 9 14 10 18 4 12 26 5 11 25 8 13 15 16 20 17 19 28 27 24 30 21 22 23 29 31 0 0 0 0 0 1 1 1 1 1 1 1 1 0 0 1 1 1 1 1 0 0 0 0 1 1 1 1 1 0 0 0
0 1 3 10 5 2 7 18 9 25 6 4 12 8 14 11 15 17 26 28 19 13 16 21 20 27 30 24 22 23 29 31 0 0 0 1 0 0 1 1 0 1 1 0 0 0 0 0 0 1 1 1 1 1 0 1 0 1 1 1 1 0 0 0
0 1 3 10 5 2 7 18 9 25 6 4 12 8 14 11 15 17 26 28 19 13 16 21 20 27 30 24 22 23 29 31 0 0 0 1 0 0 1 1 0 1 1 0 0 0 0 0 0 1 1 1 1 1 0 1 0 1 1 1 1 0 0 0
0 1 3 9 10 4 2 14 7 6 25 5 12 18 8 26 11 17 15 19 28 13 20 16 21 27 22 24 30 23 29 31 0 0 1 1 1 1 1 1 0 1 0 1 1 1 1 1 1 1 1 1 1 1 1 0 0 1 1 1 1 0 1 0
0 2 1 14 3 12 17 10 9 7 6 8 11 4 18 26 28 15 20 5 25 13 19 16 21 24 27 30 22 23 29 31 0 1 1 1 1 1 1 1 1 1 1 1 0 0 0 0 1 1 1 1 1 1 0 1 0 1 1 0 1 1 1 0
0 1 3 9 8 14 2 7 15 12 6 10 17 11 13 20 18 25 5 26 4 19 28 16 27 21 22 24 30 23 29 31 0 0 0 1 1 1 1 1 1 1 1 0 1 0 0 1 1 1 1 1 1 1 1 0 1 1 1 1 1 0 1 0
0 1 3 9 10 4 2 14 7 6 25 5 12 18 8 26 11 17 15 19 28 13 20 16 21 27 22 24 30 23 29 31 0 0 1 1 1 1 1 1 0 1 0 1 1 1 1 1 1 1 1 1 1 1 1 0 0 1 1 1 1 0 1 0
0 2 1 14 3 12 17 10 9 7 6 8 11 4 18 26 28 15 20 5 25 13 19 16 21 24 27 30 22 23 29 31 0 1 1 1 1 1 1 1 1 1 1 1 0 0 0 0 1 1 1 1 1 1 0 1 0 1 1 0 1 1 1 0
0 2 1 14 3 12 17 10 9 7 6 8 11 4 18 26 28 15 20 5 25 13 19 16 21 24 27 30 22 23 29 31 0 1 1 1 1 1 1 1 1 1 1 1 0 0 0 0 1 1 1 1 1 1 0 1 0 1 1 0 1 1 1 0
0 2 1 14 3 12 17 10 9 7 6 8 11 4 18 26 28 15 20 5 25 13 19 16 21 24 27 30 22 23 29 31 0 1 1 1 1 1 1 1 1 1 1 1 0 0 0 0 1 1 1 1 1 1 0 1 0 1 1 0 1 1 1 0
0 2 1 6 3 7 9 14 10 18 4 12 26 5 11 25 8 13 15 16 20 17 19 28 27 24 30 21 22 23 29 31 0 0 0 0 0 1 1 1 1 1 1 1 1 0 0 1 1 1 1 1 0 0 0 0 1 1 1 1 1 0 0 0
0 2 1 3 14 12 5 8 9 7 6 4 15 10 18 11 26 17 19 13 25 16 20 28 27 24 30 21 22 23 29 31 0 0 0 1 1 1 1 1 1 1 1 1 0 0 0 0 1 1 1 1 1 1 1 0 1 1 1 1 1 0 1 0
0 2 1 3 14 12 5 8 9 7 6 4 15 10 18 11 26 17 19 13 25 16 20 28 27 24 30 21 22 23 29 31 0 0 0 1 1 1 1 1 1 1 1 1 0 0 0 0 1 1 1 1 1 1 1 0 1 1 1 1 1 0 1 0
0 2 1 7 3 9 12 4 14 8 18 28 10 11 15 6 13 25 17 19 20 26 16 27 24 5 21 30 22 23 29 31 0 0 0 1 1 1 1 1 1 0 1 0 1 1 1 1 0 1 1 1 0 1 1 0 1 1 1 0 1 0 0 0
0 2 1 7 3 9 12 4 14 8 18 28 10 11 15 6 13 25 17 19 20 26 16 27 24 5 21 30 22 23 29 31 0 0 0 1 1 1 1 1 1 0 1 0 1 1 1 1 0 1 1 1 0 1 1 0 1 1 1 0 1 0 0 0
0 2 1 7 3 9 12 4 14 8 18 28 10 11 15 6 13 25 17 19 20 26 16 27 24 5 21 30 22 23 29 31 0 0 0 1 1 1 1 1 1 0 1 0 1 1 1 1 0 1 1 1 0 1 1 0 1 1 1 0 1 0 0 0
0 3 2 4 1 9 5 14 10 8 7 12 15 25 17 6 18 28 11 26 19 20 27 13 16 21 22 24 30 23 29 31 0 1 1 1 0 1 1 1 1 1 1 1 0 1 1 1 1 1 0 1 1 1 1 0 0 1 1 1 1 0 1 0
0 3 2 4 1 9 5 14 10 8 7 12 15 25 17 6 18 28 11 26 19 20 27 13 16 21 22 24 30 23 29 31 0 1 1 1 0 1 1 1 1 1 1 1 0 1 1 1 1 1 0 1 1 1 1 0 0 1 1 1 1 0 1 0
0 2 1 12 10 3 7 9 15 6 18 17 14 8 20 25 5 4 26 11 28 13 19 16 27 21 30 24 22 23 29 31 0 1 1 1 1 1 1 1 1 0 0 0 0 0 0 0 1 1 1 0 1 1 1 1 1 1 1 0 1 1 1 0
0 1 14 10 25 3 5 2 6 12 7 9 18 8 4 26 11 17 15 19 28 13 20 16 21 27 30 24 22 23 29 31 0 1 0 1 0 1 1 0 1 1 1 0 1 1 0 1 1 1 1 1 1 1 1 0 0 0 1 1 1 0 1 0
0 1 3 4 10 9 2 7 14 8 11 6 15 18 25 12 28 17 5 13 26 19 20 27 24 30 16 21 22 23 29 31 0 0 1 1 0 1 1 0 1 1 0 0 0 0 0 0 0 0 0 1 1 1 0 0 0 0 0 0 0 0 1 0
0 2 1 12 10 3 7 9 15 6 18 17 14 8 20 25 5 4 26 11 28 13 19 16 27 21 30 24 22 23 29 31 0 1 1 1 1 1 1 1 1 0 0 0 0 0 0 0 1 1 1 0 1 1 1 1 1 1 1 0 1 1 1 0
0 1 3 4 8 2 10 6 14 7 9 12 17 5 11 13 25 15 18 28 26 19 20 16 27 30 24 21 22 23 29 31 0 0 0 1 1 0 0 0 0 1 0 1 0 0 0 0 0 1 1 0 1 0 0 0 0 1 1 0 1 0 1 0
0 1 3 4 8 2 10 6 14 7 9 12 17 5 11 13 25 15 18 28 26 19 20 16 27 30 24 21 22 23 29 31 0 0 0 1 1 0 0 0 0 1 0 1 0 0 0 0 0 1 1 0 1 0 0 0 0 1 1 0 1 0 1 0
0 2 6 1 3 14 10 7 4 9 5 12 26 17 8 15 25 18 11 13 28 16 21 19 20 24 22 27 23 30 29 31 0 0 0 1 1 1 1 0 1 1 1 1 1 1 1 0 0 1 1 0 0 0 1 1 1 0 1 1 1 0 1 0
0 1 3 4 10 9 2 14 7 15 12 6 8 18 25 11 28 17 5 13 20 19 26 27 24 30 16 21 22 23 29 31 0 1 0 1 0 1 1 0 1 1 0 0 0 0 0 0 0 0 0 1 1 1 0 0 0 0 0 1 1 0 1 0
0 1 3 4 10 9 2 14 7 15 12 6 8 18 25 11 28 17 5 13 20 19 26 27 24 30 16 21 22 23 29 31 0 1 0 1 0 1 1 0 1 1 0 0 0 0 0 0 0 0 0 1 1 1 0 0 0 0 0 1 1 0 1 0
0 1 2 3 10 14 5 12 4 8 9 15 6 7 25 26 18 20 28 11 27 13 17 19 16 30 24 21 22 23 29 31 0 0 1 1 1 1 0 1 1 0 1 1 1 1 1 0 1 1 1 1 1 0 0 0 0 1 1 0 1 0 1 0
0 1 10 14 25 3 5 2 6 4 7 18 11 9 12 15 17 8 20 26 13 28 19 16 27 30 24 21 22 23 29 31 0 1 0 1 0 1 1 1 1 1 1 1 1 0 1 1 1 1 1 0 0 1 1 1 0 1 0 1 1 0 1 0
0 1 10 14 25 3 5 2 6 4 7 18 11 9 12 15 17 8 20 26 13 28 19 16 27 30 24 21 22 23 29 31 0 1 0 1 0 1 1 1 1 1 1 1 1 0 1 1 1 1 1 0 0 1 1 1 0 1 0 1 1 0 1 0
0 1 2 3 10 14 5 12 4 8 9 15 6 7 25 26 18 20 28 11 27 13 17 19 16 30 24 21 22 23 29 31 0 0 1 1 1 1 0 1 1 0 1 1 1 1 1 0 1 1 1 1 1 0 0 0 0 1 1 0 1 0 1 0
0 2 1 6 3 7 10 12 26 8 14 5 11 4 9 25 18 13 15 16 20 17 19 28 27 24 30 21 22 23 29 31 0 0 0 0 0 1 1 1 1 0 1 0 0 0 0 1 1 1 1 1 0 0 0 0 1 1 1 1 1 0 0 0
0 1 3 2 9 10 5 12 7 6 11 15 14 25 8 18 26 4 20 17 13 28 19 16 27 21 30 22 24 23 29 31 0 1 0 0 1 1 1 1 0 1 1 0 1 0 0 1 0 1 1 1 1 1 0 0 1 1 1 1 1 0 1 0
0 1 3 2 9 10 5 12 7 6 11 15 14 25 8 18 26 4 20 17 13 28 19 16 27 21 30 22 24 23 29 31 0 1 0 0 1 1 1 1 0 1 1 0 1 0 0 1 0 1 1 1 1 1 0 0 1 1 1 1 1 0 1 0
0 1 3 9 14 4 2 6 7 10 5 15 12 25 18 11 8 26 13 17 28 20 19 16 27 21 30 24 22 23 29 31 0 1 1 1 1 1 1 1 0 1 1 0 1 0 1 1 1 1 1 1 1 1 0 1 1 1 1 1 1 0 1 0
0 3 2 1 14 9 6 10 7 26 5 18 15 12 8 25 17 28 4 20 19 11 27 13 30 16 21 24 22 23 29 31 0 1 0 0 1 1 1 1 1 1 1 1 1 1 1 0 1 1 0 1 1 0 1 0 0 1 1 1 1 0 1 0
0 1 10 2 3 8 7 11 25 12 5 17 9 15 4 14 18 6 28 13 16 19 24 20 21 26 22 27 30 23 29 31 0 0 1 1 0 1 0 1 0 1 0 1 0 1 1 0 1 1 0 0 0 1 0 0 0 1 1 1 1 0 0 0
0 1 10 2 3 8 7 11 25 12 5 17 9 15 4 14 18 6 28 13 16 19 24 20 21 26 22 27 30 23 29 31 0 0 1 1 0 1 0 1 0 1 0 1 0 1 1 0 1 1 0 0 0 1 0 0 0 1 1 1 1 0 0 0
0 2 1 7 3 10 12 8 18 28 14 9 11 25 5 6 26 17 15 4 19 20 13 16 24 27 30 21 22 23 29 31 0 0 0 1 0 1 1 1 0 0 1 0 1 1 1 1 1 1 1 1 1 1 1 1 0 0 1 0 1 0 0 0
0 1 3 9 14 4 2 6 7 10 5 15 12 25 18 11 8 26 13 17 28 20 19 16 27 21 30 24 22 23 29 31 0 1 1 1 1 1 1 1 0 1 1 0 1 0 1 1 1 1 1 1 1 1 0 1 1 1 1 1 1 0 1 0
0 3 2 1 14 9 6 10 7 26 5 18 15 12 8 25 17 28 4 20 19 11 27 13 30 16 21 24 22 23 29 31 0 1 0 0 1 1 1 1 1 1 1 1 1 1 1 0 1 1 0 1 1 0 1 0 0 1 1 1 1 0 1 0
0 1 2 12 3 10 7 11 18 25 9 14 8 28 6 13 26 17 4 15 20 19 5 16 24 27 30 21 22 23 29 31 0 0 0 1 0 1 1 1 0 0 1 0 1 1 1 1 1 1 1 1 1 1 1 1 0 1 1 1 1 0 1 0
0 2 3 1 7 14 9 11 4 8 15 20 10 12 6 17 25 5 18 26 13 19 16 28 27 30 21 24 22 23 29 31 0 0 0 1 1 1 1 1 1 0 1 0 0 1 0 0 1 1 1 1 0 1 1 0 1 1 1 1 1 0 1 0
0 3 4 1 2 7 6 10 8 9 5 14 15 12 18 11 25 28 17 26 20 19 13 16 27 21 22 24 30 23 29 31 0 1 1 0 0 1 1 1 1 1 1 1 1 0 1 1 0 0 1 1 1 1 0 0 1 1 1 1 1 0 1 0
0 2 1 3 14 10 12 9 8 6 7 5 11 18 28 26 25 17 15 4 19 20 27 13 16 21 22 24 30 23 29 31 0 0 0 1 1 1 1 1 0 1 1 0 0 1 1 1 0 1 1 1 1 1 1 1 1 1 1 0 1 0 1 0
0 2 1 3 14 10 12 9 8 6 7 5 11 18 28 26 25 17 15 4 19 20 27 13 16 21 22 24 30 23 29 31 0 0 0 1 1 1 1 1 0 1 1 0 0 1 1 1 0 1 1 1 1 1 1 1 1 1 1 0 1 0 1 0
0 3 1 9 10 14 5 25 2 6 4 7 11 18 12 15 17 8 26 13 28 20 27 19 24 16 30 21 22 23 29 31 0 1 1 1 1 1 0 1 1 1 1 0 1 0 1 1 1 1 1 0 0 1 1 0 0 0 1 1 1 0 1 0
0 3 1 9 10 14 5 25 2 6 4 7 11 18 12 15 17 8 26 13 28 20 27 19 24 16 30 21 22 23 29 31 0 1 1 1 1 1 0 1 1 1 1 0 1 0 1 1 1 1 1 0 0 1 1 0 0 0 1 1 1 0 1 0
0 3 9 2 8 1 10 12 7 11 6 4 18 5 14 13 26 17 19 25 15 16 28 20 24 27 21 22 30 23 29 31 0 0 1 1 1 1 1 1 1 0 1 1 1 1 1 1 1 1 1 1 1 1 0 0 1 0 1 0 1 0 1 0
0 3 9 2 8 1 10 12 7 11 6 4 18 5 14 13 26 17 19 25 15 16 28 20 24 27 21 22 30 23 29 31 0 0 1 1 1 1 1 1 1 0 1 1 1 1 1 1 1 1 1 1 1 1 0 0 1 0 1 0 1 0 1 0
0 1 10 3 2 9 12 6 14 7 5 18 15 4 11 25 26 17 28 8 19 20 27 13 24 16 21 30 22 23 29 31 0 0 0 1 1 1 1 1 1 1 1 1 1 1 1 0 1 1 1 1 1 1 1 1 0 0 0 0 1 0 1 0
0 1 3 9 10 2 14 7 25 5 6 12 18 8 4 26 11 17 15 19 28 13 20 16 21 27 22 24 30 23 29 31 0 0 1 1 1 1 1 1 0 1 1 1 1 1 0 1 1 1 1 1 1 1 1 0 0 1 1 1 1 0 1 0
0 1 3 10 5 2 7 18 9 25 6 4 12 8 14 11 15 26 17 28 19 13 16 21 20 27 30 24 22 23 29 31 0 0 0 1 0 0 1 1 0 1 1 0 0 0 0 0 0 1 1 1 1 1 0 1 0 1 1 1 1 0 0 0
0 1 10 14 25 5 2 3 12 9 4 8 7 6 17 18 11 15 28 13 26 19 24 20 27 16 21 22 30 23 29 31 0 1 1 1 1 1 1 0 1 1 1 0 1 1 1 0 1 1 1 1 1 1 1 0 1 1 1 0 1 0 1 0
0 1 10 14 25 5 2 3 12 9 4 8 7 6 17 18 11 15 28 13 26 19 24 20 27 16 21 22 30 23 29 31 0 1 1 1 1 1 1 0 1 1 1 0 1 1 1 0 1 1 1 1 1 1 1 0 1 1 1 0 1 0 1 0
0 1 10 14 25 5 2 3 12 9 4 8 7 6 17 18 11 15 28 13 26 19 24 20 27 16 21 22 30 23 29 31 0 1 1 1 1 1 1 0 1 1 1 0 1 1 1 0 1 1 1 1 1 1 1 0 1 1 1 0 1 0 1 0
0 1 10 14 25 5 2 3 12 9 4 8 7 6 17 18 11 15 28 13 26 19 24 20 27 16 21 22 30 23 29 31 0 1 1 1 1 1 1 0 1 1 1 0 1 1 1 0 1 1 1 1 1 1 1 0 1 1 1 0 1 0 1 0
0 1 10 14 25 5 2 3 12 9 4 8 7 6 17 18 11 15 28 13 26 19 24 20 27 16 21 22 30 23 29 31 0 1 1 1 1 1 1 0 1 1 1 0 1 1 1 0 1 1 1 1 1 1 1 0 1 1 1 0 1 0 1 0
0 1 10 14 25 5 2 3 12 9 4 8 7 6 17 18 11 15 28 13 26 19 24 20 27 16 21 22 30 23 29 31 0 1 1 1 1 1 1 0 1 1 1 0 1 1 1 0 1 1 1 1 1 1 1 0 1 1 1 0 1 0 1 0
0 1 3 14 2 9 8 6 10 7 12 4 15 17 18 5 19 11 25 13 26 16 21 20 24 27 30 28 22 23 29 31 0 0 1 1 0 1 1 0 1 1 1 1 1 0 0 0 0 1 1 1 1 1 1 0 0 1 1 1 1 0 1 0
0 2 1 3 14 9 5 8 12 7 6 4 11 10 18 15 17 26 28 13 25 16 21 19 20 24 27 30 22 23 29 31 0 0 0 1 1 1 1 1 1 1 1 1 0 0 0 1 1 1 0 0 0 0 1 1 1 1 1 1 1 0 1 0
0 1 3 14 2 9 8 6 10 7 12 4 15 17 18 5 19 11 25 13 26 16 21 20 24 27 30 28 22 23 29 31 0 0 1 1 0 1 1 0 1 1 1 1 1 0 0 0 0 1 1 1 1 1 1 0 0 1 1 1 1 0 1 0
0 1 3 14 2 9 8 6 10 7 12 4 15 17 18 5 19 11 25 13 26 16 21 20 24 27 30 28 22 23 29 31 0 0 1 1 0 1 1 0 1 1 1 1 1 0 0 0 0 1 1 1 1 1 1 0 0 1 1 1 1 0 1 0
0 2 1 3 14 9 5 8 12 7 6 4 11 10 18 15 17 26 28 13 25 16 21 19 20 24 27 30 22 23 29 31 0 0 0 1 1 1 1 1 1 1 1 1 0 0 0 1 1 1 0 0 0 0 1 1 1 1 1 1 1 0 1 0
0 1 3 14 2 9 8 6 10 7 12 4 15 17 18 5 19 11 25 13 26 16 21 20 24 27 30 28 22 23 29 31 0 0 1 1 0 1 1 0 1 1 1 1 1 0 0 0 0 1 1 1 1 1 1 0 0 1 1 1 1 0 1 0
0 1 3 14 2 9 8 6 10 7 12 4 15 17 18 5 19 11 25 13 26 16 21 20 24 27 30 28 22 23 29 31 0 0 1 1 0 1 1 0 1 1 1 1 1 0 0 0 0 1 1 1 1 1 1 0 0 1 1 1 1 0 1 0
0 1 3 14 2 9 8 6 10 7 12 4 15 17 18 5 19 11 25 13 26 16 21 20 24 27 30 28 22 23 29 31 0 0 1 1 0 1 1 0 1 1 1 1 1 0 0 0 0 1 1 1 1 1 1 0 0 1 1 1 1 0 1 0
0 2 1 14 3 9 7 10 12 15 8 20 11 25 4 5 6 26 18 17 13 16 19 28 27 24 30 21 22 23 29 31 0 0 0 1 1 1 1 1 1 1 1 1 1 0 1 0 1 1 1 1 1 1 0 0 1 1 1 0 1 0 0 0
0 2 1 14 3 9 7 10 12 15 8 20 11 25 4 5 6 26 18 17 13 16 19 28 27 24 30 21 22 23 29 31 0 0 0 1 1 1 1 1 1 1 1 1 1 0 1 0 1 1 1 1 1 1 0 0 1 1 1 0 1 0 0 0
0 2 1 14 3 9 7 10 12 15 8 20 11 25 4 5 6 26 18 17 13 16 19 28 27 24 30 21 22 23 29 31 0 0 0 1 1 1 1 1 1 1 1 1 1 0 1 0 1 1 1 1 1 1 0 0 1 1 1 0 1 0 0 0
0 2 3 1 7 12 10 9 15 6 18 17 14 8 20 11 4 25 5 26 13 19 16 28 27 30 21 24 22 23 29 31 0 0 0 1 1 1 1 1 1 0 0 0 0 0 0 1 1 1 1 1 0 1 1 0 1 1 1 1 1 0 1 0
0 2 3 1 7 6 11 8 18 4 9 13 12 10 5 15 26 17 19 25 16 20 14 24 27 30 21 28 22 23 29 31 0 0 0 1 1 1 1 1 1 1 1 0 0 0 1 1 1 1 1 1 1 1 1 0 1 1 1 1 1 0 1 0
0 2 3 1 7 12 10 9 15 6 18 17 14 8 20 11 4 25 5 26 13 19 16 28 27 30 21 24 22 23 29 31 0 0 0 1 1 1 1 1 1 0 0 0 0 0 0 1 1 1 1 1 0 1 1 0 1 1 1 1 1 0 1 0
0 1 3 10 9 2 8 6 7 18 25 4 14 12 17 28 26 11 13 15 16 20 19 27 5 24 30 21 22 23 29 31 0 0 1 1 1 1 1 1 1 1 1 1 1 1 0 0 1 1 1 1 1 1 0 0 0 0 1 1 1 1 1 0
0 3 1 2 8 9 10 25 7 14 11 15 18 12 13 28 16 6 26 5 17 4 19 21 20 27 30 24 22 23 29 31 0 1 0 1 0 1 1 1 1 1 1 0 1 0 1 0 1 0 0 1 1 1 1 1 1 0 1 1 1 0 1 0
0 3 1 2 8 9 10 25 7 14 11 15 18 12 13 28 16 6 26 5 17 4 19 21 20 27 30 24 22 23 29 31 0 1 0 1 0 1 1 1 1 1 1 0 1 0 1 0 1 0 0 1 1 1 1 1 1 0 1 1 1 0 1 0
0 1 10 2 3 4 7 5 9 6 12 11 17 8 15 18 28 25 26 19 20 14 13 16 27 30 24 21 22 23 29 31 0 0 0 1 0 1 0 0 0 0 1 0 1 1 0 1 1 1 0 1 1 0 0 0 0 1 1 1 1 0 0 0
0 3 4 1 10 14 9 15 2 7 6 12 11 26 25 20 8 18 28 17 5 13 27 16 30 19 21 22 24 23 29 31 0 1 1 0 0 1 1 1 1 1 1 0 1 0 1 1 1 0 0 1 1 1 0 0 1 1 1 1 1 1 1 0
0 1 10 2 3 4 7 5 9 6 12 11 17 8 15 18 28 25 26 19 20 14 13 16 27 30 24 21 22 23 29 31 0 0 0 1 0 1 0 0 0 0 1 0 1 1 0 1 1 1 0 1 1 0 0 0 0 1 1 1 1 0 0 0
0 2 1 10 3 12 7 14 9 11 4 8 15 20 6 18 17 13 28 5 26 16 25 19 24 27 30 21 22 23 29 31 0 0 1 1 1 1 1 1 1 1 1 0 1 0 0 0 1 1 1 1 1 1 1 0 0 1 1 1 1 0 1 0
0 3 4 1 10 14 9 15 2 7 6 12 11 26 25 20 8 18 28 17 5 13 27 16 30 19 21 22 24 23 29 31 0 1 1 0 0 1 1 1 1 1 1 0 1 0 1 1 1 0 0 1 1 1 0 0 1 1 1 1 1 1 1 0
0 1 3 10 9 2 8 6 7 18 25 4 14 12 17 28 26 11 13 15 16 20 19 27 5 24 30 21 22 23 29 31 0 0 1 1 1 1 1 1 1 1 1 1 1 1 0 0 1 1 1 1 1 1 0 0 0 0 1 1 1 1 1 0
0 1 3 9 10 4 2 14 7 6 26 15 12 17 18 11 5 8 13 19 25 16 20 28 27 21 30 22 24 23 29 31 0 1 1 1 1 1 1 1 0 1 1 0 1 0 1 0 1 1 0 1 1 1 1 1 1 1 1 1 1 0 1 0
0 1 3 9 10 4 2 14 7 6 26 15 12 17 18 11 5 8 13 19 25 16 20 28 27 21 30 22 24 23 29 31 0 1 1 1 1 1 1 1 0 1 1 0 1 0 1 0 1 1 0 1 1 1 1 1 1 1 1 1 1 0 1 0
