0 1 2 3 7 12 4 5 14 59 11 6 8 20 37 13 16 25 15 29 31 45 9 10 68 18 41 56 46 17 23 38 19 22 65 24 28 82 32 43 60 27 33 26 30 67 57 72 21 35 40 50 100 39 44 54 61 70 42 52 66 71 75 48 55 93 80 95 49 51 78 62 58 64 98 34 53 69 109 81 73 86 76 90 79 102 85 94 87 47 96 101 110 88 89 77 103 63 117 104 97 74 84 91 92 83 112 105 36 111 106 114 115 116 107 108 99 113 119 120 118 121 0 0 0 0 0 0 0 0 0 0 0 0 0 0 0 0 0 0 0 0 0 0 0 0 0 0 0 0 0 0 0 0 0 0 0 0 0 0 0 0 0 0 0 0 0 0 0 0 0 0 0 0 0 0 0 0 0 0 0 0 0 0 0 0 0 0 0 0 0 0 0 0 0 0 0 0 0 0 0 0 0 0 0 0 0 0 0 0 0 0 0 0 0 0 0 0 0 0 0 0 0 0 0 0 0 0 0 0 0 0 0 0 0 0 0 0 0 0 0 0 0 0
0 2 4 1 5 3 11 9 19 7 20 64 52 45 69 13 6 12 33 37 46 68 8 71 15 25 16 57 14 59 31 94 10 75 18 56 38 39 29 50 17 32 22 72 35 65 28 26 105 53 87 40 34 41 63 21 54 44 83 108 42 74 43 96 103 47 70 61 23 80 24 84 100 82 55 27 89 76 58 36 66 30 79 95 88 98 60 93 67 78 81 102 117 110 92 99 107 118 77 85 111 48 51 62 91 49 73 90 86 109 101 104 112 114 97 106 115 116 120 113 119 121 0 0 0 0 0 0 0 0 0 0 0 0 0 0 0 0 0 0 0 0 0 0 0 0 0 0 0 1 0 0 0 0 0 0 0 0 0 0 0 0 0 0 0 0 0 0 0 0 0 0 0 0 0 0 0 0 0 0 0 0 0 0 0 0 0 0 0 0 0 0 0 0 0 0 0 0 0 0 0 0 0 0 0 0 0 0 0 0 0 0 0 0 0 0 1 0 0 0 0 0 0 0 0 0 0 0 0 0 0 0 0 0 0 1 0 0 0 0 0 0 0 0
0 3 7 12 43 2 8 59 1 14 5 21 9 52 37 6 64 46 20 4 29 38 15 27 45 53 71 36 41 87 68 11 16 39 18 22 83 96 28 69 55 10 13 103 58 65 25 56 79 88 17 105 31 34 63 47 33 54 19 60 30 50 23 94 74 82 24 26 61 95 72 98 32 57 35 44 70 108 40 80 66 89 75 84 67 107 92 100 77 111 110 42 76 48 85 91 51 62 49 93 102 99 117 118 78 81 109 112 73 97 86 113 90 101 104 114 106 115 116 120 119 121 0 0 0 0 0 0 0 0 0 0 0 0 0 0 0 0 0 0 0 0 0 0 0 0 0 0 0 0 0 0 0 1 0 0 1 0 0 0 0 0 0 0 0 0 0 0 0 0 0 0 0 0 0 0 0 0 0 0 0 0 0 0 0 0 0 0 0 1 0 0 0 0 0 0 1 0 0 0 0 0 0 1 0 0 0 0 0 0 0 0 0 0 0 0 0 0 0 0 0 0 0 0 0 0 0 0 0 0 0 0 0 0 0 1 0 0 0 0 0 0 0 0
0 3 2 12 43 5 8 6 10 7 4 14 37 9 22 28 25 59 30 21 55 46 20 29 17 34 1 11 13 38 65 58 33 71 45 68 52 63 41 96 19 16 69 72 103 15 105 32 74 79 18 95 82 27 39 94 23 56 75 98 57 31 50 53 93 44 88 40 35 36 42 64 54 48 47 60 61 70 87 77 111 108 117 49 67 26 24 84 83 89 100 51 62 73 97 113 92 80 110 76 66 90 109 107 85 78 99 81 102 118 101 86 104 112 114 119 91 106 115 116 120 121 0 0 0 0 0 0 0 0 0 0 0 0 0 0 0 0 0 0 0 0 0 0 1 0 0 0 1 0 0 0 0 1 0 0 0 0 0 0 0 0 0 0 0 0 0 0 0 0 0 0 0 0 0 0 0 0 0 0 0 0 0 0 0 0 0 0 0 0 0 0 0 0 0 0 0 0 0 1 0 0 0 1 0 0 0 0 0 1 1 0 0 0 0 0 0 1 0 0 0 0 0 0 0 0 0 1 0 0 0 0 0 1 0 1 0 0 0 0 0 0 0 0
0 3 2 7 12 43 59 4 8 25 1 15 5 64 22 14 6 38 10 17 72 60 67 20 34 9 37 52 29 21 46 41 71 26 93 28 27 11 45 96 13 31 65 16 36 68 32 19 103 33 69 74 47 23 30 54 35 55 58 75 77 92 39 79 63 18 53 61 56 88 50 24 111 100 66 84 87 82 42 89 105 78 83 107 76 44 70 95 98 94 80 102 57 108 48 110 49 85 91 51 117 40 109 112 62 73 97 90 86 99 118 113 104 81 114 101 119 106 115 116 120 121 0 0 0 0 0 0 0 0 0 0 0 0 0 0 0 0 0 0 0 0 0 0 0 0 0 0 0 1 0 0 0 0 0 0 0 0 0 0 0 0 1 0 0 0 0 0 0 0 0 0 0 0 0 0 0 0 1 0 0 0 0 0 0 0 0 0 0 0 0 0 0 0 0 0 1 0 0 0 0 0 0 1 0 0 0 0 0 0 0 0 0 0 0 0 0 0 0 0 0 0 0 0 0 0 0 0 0 0 0 0 0 0 0 0 0 0 0 0 0 0 0 0
0 1 2 9 52 3 4 11 12 64 19 75 5 7 6 37 46 8 16 22 10 17 13 18 33 71 31 82 20 28 25 57 15 14 83 59 23 30 27 24 21 65 45 100 54 55 34 38 63 95 50 105 72 84 53 39 87 60 56 29 68 103 67 107 61 66 26 108 93 92 47 58 36 89 110 41 79 77 43 74 88 78 32 111 69 35 44 99 94 118 117 42 48 70 51 76 96 62 85 81 98 80 73 97 49 86 90 113 102 109 104 112 40 91 101 114 119 106 115 116 120 121 0 0 0 0 0 0 0 0 0 0 0 0 0 0 0 0 0 0 0 0 0 0 0 0 0 1 0 0 0 0 0 1 1 0 0 0 0 0 0 0 0 0 0 0 0 0 0 0 0 0 0 0 0 0 0 0 0 1 0 0 0 0 0 0 0 0 1 0 0 0 0 0 0 0 0 0 0 1 0 0 0 1 0 1 0 1 0 0 0 0 0 0 0 0 0 0 0 1 0 0 0 0 0 0 0 0 0 1 0 0 0 0 0 1 0 0 0 0 0 0 0 0
0 3 12 1 11 19 2 5 20 68 4 25 103 45 16 13 7 14 22 64 29 9 41 43 18 56 23 24 6 69 34 28 8 37 38 31 26 15 33 63 46 100 54 47 50 39 84 10 65 21 71 77 17 30 105 32 61 95 52 96 44 75 53 27 55 74 83 59 94 36 87 82 98 60 58 89 108 72 66 35 57 93 78 40 67 111 42 81 48 92 117 49 76 70 79 110 85 51 80 107 88 62 99 102 109 91 73 97 113 90 86 104 101 118 112 106 115 116 114 119 120 121 0 0 0 0 0 0 0 0 0 0 0 0 0 0 0 0 0 0 0 0 0 0 0 0 0 0 0 0 0 0 0 0 0 0 0 0 0 0 0 0 0 0 0 0 0 0 0 0 0 0 0 0 0 0 0 0 1 0 0 0 0 0 0 0 0 0 0 0 0 0 0 0 0 0 0 0 0 0 0 0 0 1 0 0 0 0 0 0 0 0 0 0 0 0 0 0 0 0 0 0 0 0 0 0 0 0 0 0 0 0 0 1 0 0 0 0 0 0 0 0 0 0
0 3 2 7 12 43 59 4 8 25 1 15 5 64 22 14 6 38 10 17 72 60 67 20 34 9 37 52 29 21 46 41 71 26 93 28 27 11 45 96 13 31 65 16 36 68 32 19 103 33 69 74 47 23 30 54 35 55 58 75 77 92 39 79 63 18 53 61 56 88 50 24 111 100 66 84 87 82 42 89 105 78 83 107 76 44 70 95 98 94 80 102 57 108 48 110 49 85 91 51 117 40 109 112 62 73 97 90 86 99 118 113 104 81 114 101 119 106 115 116 120 121 0 0 0 0 0 0 0 0 0 0 0 0 0 0 0 0 0 0 0 0 0 0 0 0 0 0 0 1 0 0 0 0 0 0 0 0 0 0 0 0 1 0 0 0 0 0 0 0 0 0 0 0 0 0 0 0 1 0 0 0 0 0 0 0 0 0 0 0 0 0 0 0 0 0 1 0 0 0 0 0 0 1 0 0 0 0 0 0 0 0 0 0 0 0 0 0 0 0 0 0 0 0 0 0 0 0 0 0 0 0 0 0 0 0 0 0 0 0 0 0 0 0
0 1 2 9 52 3 4 11 12 64 19 75 5 7 6 37 46 8 16 22 10 17 13 18 33 71 31 82 20 28 25 57 15 14 83 59 23 30 27 24 21 65 45 100 54 55 34 38 63 95 50 105 72 84 53 39 87 60 56 29 68 103 67 107 61 66 26 108 93 92 47 58 36 89 110 41 79 77 43 74 88 78 32 111 69 35 44 99 94 118 117 42 48 70 51 76 96 62 85 81 98 80 73 97 49 86 90 113 102 109 104 112 40 91 101 114 119 106 115 116 120 121 0 0 0 0 0 0 0 0 0 0 0 0 0 0 0 0 0 0 0 0 0 0 0 0 0 1 0 0 0 0 0 1 1 0 0 0 0 0 0 0 0 0 0 0 0 0 0 0 0 0 0 0 0 0 0 0 0 1 0 0 0 0 0 0 0 0 1 0 0 0 0 0 0 0 0 0 0 1 0 0 0 1 0 1 0 1 0 0 0 0 0 0 0 0 0 0 0 1 0 0 0 0 0 0 0 0 0 1 0 0 0 0 0 1 0 0 0 0 0 0 0 0
0 3 2 12 43 5 8 6 10 7 4 14 37 9 22 28 25 59 30 21 55 46 20 29 17 34 1 11 13 38 65 58 33 71 45 68 52 63 41 96 19 16 69 72 103 15 105 32 74 79 18 95 82 27 39 94 23 56 75 98 57 31 50 53 93 44 88 40 35 36 42 64 54 48 47 60 61 70 87 77 111 108 117 49 67 26 24 84 83 89 100 51 62 73 97 113 92 80 110 76 66 90 109 107 85 78 99 81 102 118 101 86 104 112 114 119 91 106 115 116 120 121 0 0 0 0 0 0 0 0 0 0 0 0 0 0 0 0 0 0 0 0 0 0 1 0 0 0 1 0 0 0 0 1 0 0 0 0 0 0 0 0 0 0 0 0 0 0 0 0 0 0 0 0 0 0 0 0 0 0 0 0 0 0 0 0 0 0 0 0 0 0 0 0 0 0 0 0 0 1 0 0 0 1 0 0 0 0 0 1 1 0 0 0 0 0 0 1 0 0 0 0 0 0 0 0 0 1 0 0 0 0 0 1 0 1 0 0 0 0 0 0 0 0
0 1 2 9 52 3 4 11 12 64 19 75 5 7 6 37 46 8 16 22 10 17 13 18 33 71 31 82 20 28 25 57 15 14 83 59 23 30 27 24 21 65 45 100 54 55 34 38 63 95 50 105 72 84 53 39 87 60 56 29 68 103 67 107 61 66 26 108 93 92 47 58 36 89 110 41 79 77 43 74 88 78 32 111 69 35 44 99 94 118 117 42 48 70 51 76 96 62 85 81 98 80 73 97 49 86 90 113 102 109 104 112 40 91 101 114 119 106 115 116 120 121 0 0 0 0 0 0 0 0 0 0 0 0 0 0 0 0 0 0 0 0 0 0 0 0 0 1 0 0 0 0 0 1 1 0 0 0 0 0 0 0 0 0 0 0 0 0 0 0 0 0 0 0 0 0 0 0 0 1 0 0 0 0 0 0 0 0 1 0 0 0 0 0 0 0 0 0 0 1 0 0 0 1 0 1 0 1 0 0 0 0 0 0 0 0 0 0 0 1 0 0 0 0 0 0 0 0 0 1 0 0 0 0 0 1 0 0 0 0 0 0 0 0
0 3 7 12 43 2 8 59 1 14 5 21 9 52 37 6 64 46 20 4 29 38 15 27 45 53 71 36 41 87 68 11 16 39 18 22 83 96 28 69 55 10 13 103 58 65 25 56 79 88 17 105 31 34 63 47 33 54 19 60 30 50 23 94 74 82 24 26 61 95 72 98 32 57 35 44 70 108 40 80 66 89 75 84 67 107 92 100 77 111 110 42 76 48 85 91 51 62 49 93 102 99 117 118 78 81 109 112 73 97 86 113 90 101 104 114 106 115 116 120 119 121 0 0 0 0 0 0 0 0 0 0 0 0 0 0 0 0 0 0 0 0 0 0 0 0 0 0 0 0 0 0 0 1 0 0 1 0 0 0 0 0 0 0 0 0 0 0 0 0 0 0 0 0 0 0 0 0 0 0 0 0 0 0 0 0 0 0 0 1 0 0 0 0 0 0 1 0 0 0 0 0 0 1 0 0 0 0 0 0 0 0 0 0 0 0 0 0 0 0 0 0 0 0 0 0 0 0 0 0 0 0 0 0 0 1 0 0 0 0 0 0 0 0
0 2 4 1 5 3 11 9 19 7 20 64 52 45 69 13 6 12 33 37 46 68 8 71 15 25 16 57 14 59 31 94 10 75 18 56 38 39 29 50 17 32 22 72 35 65 28 26 105 53 87 40 34 41 63 21 54 44 83 108 42 74 43 96 103 47 70 61 23 80 24 84 100 82 55 27 89 76 58 36 66 30 79 95 88 98 60 93 67 78 81 102 117 110 92 99 107 118 77 85 111 48 51 62 91 49 73 90 86 109 101 104 112 114 97 106 115 116 120 113 119 121 0 0 0 0 0 0 0 0 0 0 0 0 0 0 0 0 0 0 0 0 0 0 0 0 0 0 0 1 0 0 0 0 0 0 0 0 0 0 0 0 0 0 0 0 0 0 0 0 0 0 0 0 0 0 0 0 0 0 0 0 0 0 0 0 0 0 0 0 0 0 0 0 0 0 0 0 0 0 0 0 0 0 0 0 0 0 0 0 0 0 0 0 0 0 1 0 0 0 0 0 0 0 0 0 0 0 0 0 0 0 0 0 0 1 0 0 0 0 0 0 0 0
0 3 7 12 43 2 8 59 1 14 5 21 9 52 37 6 64 46 20 4 29 38 15 27 45 53 71 36 41 87 68 11 16 39 18 22 83 96 28 69 55 10 13 103 58 65 25 56 79 88 17 105 31 34 63 47 33 54 19 60 30 50 23 94 74 82 24 26 61 95 72 98 32 57 35 44 70 108 40 80 66 89 75 84 67 107 92 100 77 111 110 42 76 48 85 91 51 62 49 93 102 99 117 118 78 81 109 112 73 97 86 113 90 101 104 114 106 115 116 120 119 121 0 0 0 0 0 0 0 0 0 0 0 0 0 0 0 0 0 0 0 0 0 0 0 0 0 0 0 0 0 0 0 1 0 0 1 0 0 0 0 0 0 0 0 0 0 0 0 0 0 0 0 0 0 0 0 0 0 0 0 0 0 0 0 0 0 0 0 1 0 0 0 0 0 0 1 0 0 0 0 0 0 1 0 0 0 0 0 0 0 0 0 0 0 0 0 0 0 0 0 0 0 0 0 0 0 0 0 0 0 0 0 0 0 1 0 0 0 0 0 0 0 0
0 3 12 1 11 19 2 5 20 68 4 25 103 45 16 13 7 14 22 64 29 9 41 43 18 56 23 24 6 69 34 28 8 37 38 31 26 15 33 63 46 100 54 47 50 39 84 10 65 21 71 77 17 30 105 32 61 95 52 96 44 75 53 27 55 74 83 59 94 36 87 82 98 60 58 89 108 72 66 35 57 93 78 40 67 111 42 81 48 92 117 49 76 70 79 110 85 51 80 107 88 62 99 102 109 91 73 97 113 90 86 104 101 118 112 106 115 116 114 119 120 121 0 0 0 0 0 0 0 0 0 0 0 0 0 0 0 0 0 0 0 0 0 0 0 0 0 0 0 0 0 0 0 0 0 0 0 0 0 0 0 0 0 0 0 0 0 0 0 0 0 0 0 0 0 0 0 0 1 0 0 0 0 0 0 0 0 0 0 0 0 0 0 0 0 0 0 0 0 0 0 0 0 1 0 0 0 0 0 0 0 0 0 0 0 0 0 0 0 0 0 0 0 0 0 0 0 0 0 0 0 0 0 1 0 0 0 0 0 0 0 0 0 0
0 3 7 12 43 2 8 59 1 14 5 21 9 52 37 6 64 46 20 4 29 38 15 27 45 53 71 36 41 87 68 11 16 39 18 22 83 96 28 69 55 10 13 103 58 65 25 56 79 88 17 105 31 34 63 47 33 54 19 60 30 50 23 94 74 82 24 26 61 95 72 98 32 57 35 44 70 108 40 80 66 89 75 84 67 107 92 100 77 111 110 42 76 48 85 91 51 62 49 93 102 99 117 118 78 81 109 112 73 97 86 113 90 101 104 114 106 115 116 120 119 121 0 0 0 0 0 0 0 0 0 0 0 0 0 0 0 0 0 0 0 0 0 0 0 0 0 0 0 0 0 0 0 1 0 0 1 0 0 0 0 0 0 0 0 0 0 0 0 0 0 0 0 0 0 0 0 0 0 0 0 0 0 0 0 0 0 0 0 1 0 0 0 0 0 0 1 0 0 0 0 0 0 1 0 0 0 0 0 0 0 0 0 0 0 0 0 0 0 0 0 0 0 0 0 0 0 0 0 0 0 0 0 0 0 1 0 0 0 0 0 0 0 0
0 2 4 1 5 3 11 9 19 7 20 64 52 45 69 13 6 12 33 37 46 68 8 71 15 25 16 57 14 59 31 94 10 75 18 56 38 39 29 50 17 32 22 72 35 65 28 26 105 53 87 40 34 41 63 21 54 44 83 108 42 74 43 96 103 47 70 61 23 80 24 84 100 82 55 27 89 76 58 36 66 30 79 95 88 98 60 93 67 78 81 102 117 110 92 99 107 118 77 85 111 48 51 62 91 49 73 90 86 109 101 104 112 114 97 106 115 116 120 113 119 121 0 0 0 0 0 0 0 0 0 0 0 0 0 0 0 0 0 0 0 0 0 0 0 0 0 0 0 1 0 0 0 0 0 0 0 0 0 0 0 0 0 0 0 0 0 0 0 0 0 0 0 0 0 0 0 0 0 0 0 0 0 0 0 0 0 0 0 0 0 0 0 0 0 0 0 0 0 0 0 0 0 0 0 0 0 0 0 0 0 0 0 0 0 0 1 0 0 0 0 0 0 0 0 0 0 0 0 0 0 0 0 0 0 1 0 0 0 0 0 0 0 0
0 1 3 7 11 2 9 12 8 13 59 65 52 14 31 38 29 43 33 5 6 22 21 19 26 39 15 4 75 53 54 27 16 55 58 64 79 28 34 47 61 77 10 37 23 36 41 30 46 20 96 71 25 17 60 57 95 74 32 67 68 87 35 83 40 98 72 42 48 45 89 69 103 56 94 63 93 44 92 18 82 50 24 100 105 70 80 102 111 99 108 117 88 49 76 51 62 73 86 66 90 78 81 101 109 84 107 104 112 85 114 91 110 97 118 113 119 106 115 116 120 121 0 0 0 0 0 0 0 0 0 0 0 0 0 0 0 0 1 0 0 0 0 0 0 0 0 0 0 0 0 0 0 1 0 0 0 0 0 0 0 0 1 0 0 0 0 0 0 0 0 0 0 0 0 0 0 0 0 0 0 0 0 0 0 0 1 0 0 0 0 0 0 0 0 0 0 0 0 1 0 0 0 0 0 1 0 0 0 0 0 0 1 1 0 0 0 0 0 0 0 0 0 0 0 0 1 0 0 0 1 0 0 0 0 0 0 0 0 0 0 0 0 0
0 1 3 7 11 2 9 12 8 13 59 65 52 14 31 38 29 43 33 5 6 22 21 19 26 39 15 4 75 53 54 27 16 55 58 64 79 28 34 47 61 77 10 37 23 36 41 30 46 20 96 71 25 17 60 57 95 74 32 67 68 87 35 83 40 98 72 42 48 45 89 69 103 56 94 63 93 44 92 18 82 50 24 100 105 70 80 102 111 99 108 117 88 49 76 51 62 73 86 66 90 78 81 101 109 84 107 104 112 85 114 91 110 97 118 113 119 106 115 116 120 121 0 0 0 0 0 0 0 0 0 0 0 0 0 0 0 0 1 0 0 0 0 0 0 0 0 0 0 0 0 0 0 1 0 0 0 0 0 0 0 0 1 0 0 0 0 0 0 0 0 0 0 0 0 0 0 0 0 0 0 0 0 0 0 0 1 0 0 0 0 0 0 0 0 0 0 0 0 1 0 0 0 0 0 1 0 0 0 0 0 0 1 1 0 0 0 0 0 0 0 0 0 0 0 0 1 0 0 0 1 0 0 0 0 0 0 0 0 0 0 0 0 0
0 1 3 7 11 2 9 12 8 13 59 65 52 14 31 38 29 43 33 5 6 22 21 19 26 39 15 4 75 53 54 27 16 55 58 64 79 28 34 47 61 77 10 37 23 36 41 30 46 20 96 71 25 17 60 57 95 74 32 67 68 87 35 83 40 98 72 42 48 45 89 69 103 56 94 63 93 44 92 18 82 50 24 100 105 70 80 102 111 99 108 117 88 49 76 51 62 73 86 66 90 78 81 101 109 84 107 104 112 85 114 91 110 97 118 113 119 106 115 116 120 121 0 0 0 0 0 0 0 0 0 0 0 0 0 0 0 0 1 0 0 0 0 0 0 0 0 0 0 0 0 0 0 1 0 0 0 0 0 0 0 0 1 0 0 0 0 0 0 0 0 0 0 0 0 0 0 0 0 0 0 0 0 0 0 0 1 0 0 0 0 0 0 0 0 0 0 0 0 1 0 0 0 0 0 1 0 0 0 0 0 0 1 1 0 0 0 0 0 0 0 0 0 0 0 0 1 0 0 0 1 0 0 0 0 0 0 0 0 0 0 0 0 0
0 3 2 9 8 52 7 14 38 59 12 5 22 37 29 53 20 21 55 4 96 45 15 6 68 71 25 87 28 46 41 27 58 30 39 43 26 89 1 79 34 69 103 88 36 64 11 56 94 10 17 63 72 60 93 95 32 44 67 35 16 23 19 74 92 13 18 40 33 65 31 98 75 54 47 61 77 57 42 48 76 51 62 24 82 49 70 80 50 73 102 86 66 90 85 105 111 99 108 117 83 109 97 113 104 114 100 119 84 110 118 107 78 112 81 101 106 91 115 116 120 121 0 0 0 0 0 0 0 0 0 0 0 0 0 0 0 0 0 0 0 0 0 0 0 0 0 0 0 0 0 0 0 0 0 1 0 0 0 0 0 0 1 0 0 0 0 0 0 0 0 0 0 0 0 0 0 0 0 1 0 0 0 0 0 0 0 0 0 0 0 0 0 0 0 0 0 1 0 0 0 0 0 0 0 0 0 0 0 0 0 0 0 0 0 0 1 0 0 0 1 1 0 0 0 0 0 0 0 1 0 0 0 1 0 0 0 0 0 0 0 1 0 0
0 1 11 19 75 64 13 2 9 3 4 12 8 5 52 25 7 15 22 20 65 14 37 33 31 28 26 43 6 45 27 69 94 29 16 30 56 34 21 71 18 68 23 54 38 63 96 59 53 24 47 84 95 98 55 58 79 77 61 82 100 83 46 41 10 39 50 87 103 74 105 36 89 66 57 108 17 107 72 111 78 60 110 32 40 93 44 35 67 88 70 80 92 81 42 102 48 76 85 99 91 118 117 51 49 62 109 73 90 97 113 101 112 86 104 114 119 106 115 116 120 121 0 0 0 0 0 0 0 0 0 1 0 0 0 0 0 0 0 0 0 0 0 0 0 0 0 0 0 0 0 0 0 0 0 0 0 0 0 0 0 0 0 0 0 0 0 0 0 0 0 0 1 0 0 0 0 0 0 0 0 0 0 0 0 0 0 0 0 1 0 0 0 0 0 0 0 0 0 1 0 0 0 1 0 0 0 0 1 0 1 0 0 1 0 1 0 0 0 1 0 0 0 0 0 0 0 0 0 1 1 0 0 1 0 0 0 0 0 0 1 0 0 0
0 3 7 8 1 15 11 16 27 12 14 13 19 50 22 21 38 96 23 2 65 9 33 5 4 18 25 24 37 100 20 6 64 68 71 43 52 46 83 57 34 59 29 28 10 45 55 82 58 63 56 53 17 72 30 103 60 95 110 69 93 98 75 87 39 94 117 26 31 79 41 54 36 61 88 89 32 44 84 35 67 70 42 105 108 48 92 76 107 80 40 85 49 91 51 47 66 74 77 78 81 99 62 73 111 90 86 118 102 104 101 109 97 113 112 114 106 115 116 120 119 121 0 0 0 0 0 0 0 0 0 0 0 0 0 0 0 0 0 0 0 0 0 0 0 0 0 0 0 0 1 0 0 0 0 0 0 0 0 1 0 0 0 1 0 1 1 1 0 0 0 0 0 1 0 0 0 0 0 0 0 0 0 0 0 0 0 0 0 0 0 0 0 0 0 0 0 0 0 1 0 0 0 1 1 0 0 0 1 1 1 0 0 0 0 0 0 1 0 0 0 0 0 0 0 0 0 0 0 0 1 0 0 1 0 0 0 0 0 0 0 0 0 0
0 3 7 12 2 4 14 29 5 22 38 28 26 8 43 9 37 46 39 6 20 1 34 59 11 15 68 27 30 63 41 36 10 52 17 103 45 32 44 53 60 69 71 21 95 56 74 83 13 64 94 96 87 55 89 70 72 93 35 25 58 67 98 19 57 75 79 40 31 65 33 47 77 42 76 88 54 80 85 48 102 51 92 105 49 99 61 62 109 16 18 23 50 66 91 108 82 24 117 111 73 90 78 112 81 84 100 101 97 113 86 107 104 110 118 114 106 119 115 116 120 121 0 0 0 0 0 0 0 0 0 0 0 0 0 0 0 0 0 0 0 0 0 0 0 0 1 0 1 0 0 0 0 1 0 0 0 0 0 0 0 0 0 0 0 1 0 0 0 0 0 0 0 0 0 0 0 0 0 0 0 0 0 0 0 0 0 0 0 0 0 0 0 0 0 0 0 0 0 0 0 0 0 1 0 0 0 0 1 0 1 0 0 0 0 0 0 0 0 0 0 0 0 0 0 0 0 1 0 1 0 0 0 1 0 0 1 0 0 0 0 0 0 0
0 3 2 9 8 52 7 14 38 59 12 5 22 37 29 53 20 21 55 4 96 45 15 6 68 71 25 87 28 46 41 27 58 30 39 43 26 89 1 79 34 69 103 88 36 64 11 56 94 10 17 63 72 60 93 95 32 44 67 35 16 23 19 74 92 13 18 40 33 65 31 98 75 54 47 61 77 57 42 48 76 51 62 24 82 49 70 80 50 73 102 86 66 90 85 105 111 99 108 117 83 109 97 113 104 114 100 119 84 110 118 107 78 112 81 101 106 91 115 116 120 121 0 0 0 0 0 0 0 0 0 0 0 0 0 0 0 0 0 0 0 0 0 0 0 0 0 0 0 0 0 0 0 0 0 1 0 0 0 0 0 0 1 0 0 0 0 0 0 0 0 0 0 0 0 0 0 0 0 1 0 0 0 0 0 0 0 0 0 0 0 0 0 0 0 0 0 1 0 0 0 0 0 0 0 0 0 0 0 0 0 0 0 0 0 0 1 0 0 0 1 1 0 0 0 0 0 0 0 1 0 0 0 1 0 0 0 0 0 0 0 1 0 0
0 3 7 12 2 4 14 29 5 22 38 28 26 8 43 9 37 46 39 6 20 1 34 59 11 15 68 27 30 63 41 36 10 52 17 103 45 32 44 53 60 69 71 21 95 56 74 83 13 64 94 96 87 55 89 70 72 93 35 25 58 67 98 19 57 75 79 40 31 65 33 47 77 42 76 88 54 80 85 48 102 51 92 105 49 99 61 62 109 16 18 23 50 66 91 108 82 24 117 111 73 90 78 112 81 84 100 101 97 113 86 107 104 110 118 114 106 119 115 116 120 121 0 0 0 0 0 0 0 0 0 0 0 0 0 0 0 0 0 0 0 0 0 0 0 0 1 0 1 0 0 0 0 1 0 0 0 0 0 0 0 0 0 0 0 1 0 0 0 0 0 0 0 0 0 0 0 0 0 0 0 0 0 0 0 0 0 0 0 0 0 0 0 0 0 0 0 0 0 0 0 0 0 1 0 0 0 0 1 0 1 0 0 0 0 0 0 0 0 0 0 0 0 0 0 0 0 1 0 1 0 0 0 1 0 0 1 0 0 0 0 0 0 0
0 3 7 8 1 15 11 16 27 12 14 13 19 50 22 21 38 96 23 2 65 9 33 5 4 18 25 24 37 100 20 6 64 68 71 43 52 46 83 57 34 59 29 28 10 45 55 82 58 63 56 53 17 72 30 103 60 95 110 69 93 98 75 87 39 94 117 26 31 79 41 54 36 61 88 89 32 44 84 35 67 70 42 105 108 48 92 76 107 80 40 85 49 91 51 47 66 74 77 78 81 99 62 73 111 90 86 118 102 104 101 109 97 113 112 114 106 115 116 120 119 121 0 0 0 0 0 0 0 0 0 0 0 0 0 0 0 0 0 0 0 0 0 0 0 0 0 0 0 0 1 0 0 0 0 0 0 0 0 1 0 0 0 1 0 1 1 1 0 0 0 0 0 1 0 0 0 0 0 0 0 0 0 0 0 0 0 0 0 0 0 0 0 0 0 0 0 0 0 1 0 0 0 1 1 0 0 0 1 1 1 0 0 0 0 0 0 1 0 0 0 0 0 0 0 0 0 0 0 0 1 0 0 1 0 0 0 0 0 0 0 0 0 0
0 3 7 8 1 15 11 16 27 12 14 13 19 50 22 21 38 96 23 2 65 9 33 5 4 18 25 24 37 100 20 6 64 68 71 43 52 46 83 57 34 59 29 28 10 45 55 82 58 63 56 53 17 72 30 103 60 95 110 69 93 98 75 87 39 94 117 26 31 79 41 54 36 61 88 89 32 44 84 35 67 70 42 105 108 48 92 76 107 80 40 85 49 91 51 47 66 74 77 78 81 99 62 73 111 90 86 118 102 104 101 109 97 113 112 114 106 115 116 120 119 121 0 0 0 0 0 0 0 0 0 0 0 0 0 0 0 0 0 0 0 0 0 0 0 0 0 0 0 0 1 0 0 0 0 0 0 0 0 1 0 0 0 1 0 1 1 1 0 0 0 0 0 1 0 0 0 0 0 0 0 0 0 0 0 0 0 0 0 0 0 0 0 0 0 0 0 0 0 1 0 0 0 1 1 0 0 0 1 1 1 0 0 0 0 0 0 1 0 0 0 0 0 0 0 0 0 0 0 0 1 0 0 1 0 0 0 0 0 0 0 0 0 0
0 3 2 9 8 52 7 14 38 59 12 5 22 37 29 53 20 21 55 4 96 45 15 6 68 71 25 87 28 46 41 27 58 30 39 43 26 89 1 79 34 69 103 88 36 64 11 56 94 10 17 63 72 60 93 95 32 44 67 35 16 23 19 74 92 13 18 40 33 65 31 98 75 54 47 61 77 57 42 48 76 51 62 24 82 49 70 80 50 73 102 86 66 90 85 105 111 99 108 117 83 109 97 113 104 114 100 119 84 110 118 107 78 112 81 101 106 91 115 116 120 121 0 0 0 0 0 0 0 0 0 0 0 0 0 0 0 0 0 0 0 0 0 0 0 0 0 0 0 0 0 0 0 0 0 1 0 0 0 0 0 0 1 0 0 0 0 0 0 0 0 0 0 0 0 0 0 0 0 1 0 0 0 0 0 0 0 0 0 0 0 0 0 0 0 0 0 1 0 0 0 0 0 0 0 0 0 0 0 0 0 0 0 0 0 0 1 0 0 0 1 1 0 0 0 0 0 0 0 1 0 0 0 1 0 0 0 0 0 0 0 1 0 0
0 1 11 19 75 64 13 2 9 3 4 12 8 5 52 25 7 15 22 20 65 14 37 33 31 28 26 43 6 45 27 69 94 29 16 30 56 34 21 71 18 68 23 54 38 63 96 59 53 24 47 84 95 98 55 58 79 77 61 82 100 83 46 41 10 39 50 87 103 74 105 36 89 66 57 108 17 107 72 111 78 60 110 32 40 93 44 35 67 88 70 80 92 81 42 102 48 76 85 99 91 118 117 51 49 62 109 73 90 97 113 101 112 86 104 114 119 106 115 116 120 121 0 0 0 0 0 0 0 0 0 1 0 0 0 0 0 0 0 0 0 0 0 0 0 0 0 0 0 0 0 0 0 0 0 0 0 0 0 0 0 0 0 0 0 0 0 0 0 0 0 0 1 0 0 0 0 0 0 0 0 0 0 0 0 0 0 0 0 1 0 0 0 0 0 0 0 0 0 1 0 0 0 1 0 0 0 0 1 0 1 0 0 1 0 1 0 0 0 1 0 0 0 0 0 0 0 0 0 1 1 0 0 1 0 0 0 0 0 0 1 0 0 0
0 1 11 19 75 64 13 2 9 3 4 12 8 5 52 25 7 15 22 20 65 14 37 33 31 28 26 43 6 45 27 69 94 29 16 30 56 34 21 71 18 68 23 54 38 63 96 59 53 24 47 84 95 98 55 58 79 77 61 82 100 83 46 41 10 39 50 87 103 74 105 36 89 66 57 108 17 107 72 111 78 60 110 32 40 93 44 35 67 88 70 80 92 81 42 102 48 76 85 99 91 118 117 51 49 62 109 73 90 97 113 101 112 86 104 114 119 106 115 116 120 121 0 0 0 0 0 0 0 0 0 1 0 0 0 0 0 0 0 0 0 0 0 0 0 0 0 0 0 0 0 0 0 0 0 0 0 0 0 0 0 0 0 0 0 0 0 0 0 0 0 0 1 0 0 0 0 0 0 0 0 0 0 0 0 0 0 0 0 1 0 0 0 0 0 0 0 0 0 1 0 0 0 1 0 0 0 0 1 0 1 0 0 1 0 1 0 0 0 1 0 0 0 0 0 0 0 0 0 1 1 0 0 1 0 0 0 0 0 0 1 0 0 0
0 3 7 8 1 15 11 16 27 12 14 13 19 50 22 21 38 96 23 2 65 9 33 5 4 18 25 24 37 100 20 6 64 68 71 43 52 46 83 57 34 59 29 28 10 45 55 82 58 63 56 53 17 72 30 103 60 95 110 69 93 98 75 87 39 94 117 26 31 79 41 54 36 61 88 89 32 44 84 35 67 70 42 105 108 48 92 76 107 80 40 85 49 91 51 47 66 74 77 78 81 99 62 73 111 90 86 118 102 104 101 109 97 113 112 114 106 115 116 120 119 121 0 0 0 0 0 0 0 0 0 0 0 0 0 0 0 0 0 0 0 0 0 0 0 0 0 0 0 0 1 0 0 0 0 0 0 0 0 1 0 0 0 1 0 1 1 1 0 0 0 0 0 1 0 0 0 0 0 0 0 0 0 0 0 0 0 0 0 0 0 0 0 0 0 0 0 0 0 1 0 0 0 1 1 0 0 0 1 1 1 0 0 0 0 0 0 1 0 0 0 0 0 0 0 0 0 0 0 0 1 0 0 1 0 0 0 0 0 0 0 0 0 0
0 3 2 9 8 52 7 14 38 59 12 5 22 37 29 53 20 21 55 4 96 45 15 6 68 71 25 87 28 46 41 27 58 30 39 43 26 89 1 79 34 69 103 88 36 64 11 56 94 10 17 63 72 60 93 95 32 44 67 35 16 23 19 74 92 13 18 40 33 65 31 98 75 54 47 61 77 57 42 48 76 51 62 24 82 49 70 80 50 73 102 86 66 90 85 105 111 99 108 117 83 109 97 113 104 114 100 119 84 110 118 107 78 112 81 101 106 91 115 116 120 121 0 0 0 0 0 0 0 0 0 0 0 0 0 0 0 0 0 0 0 0 0 0 0 0 0 0 0 0 0 0 0 0 0 1 0 0 0 0 0 0 1 0 0 0 0 0 0 0 0 0 0 0 0 0 0 0 0 1 0 0 0 0 0 0 0 0 0 0 0 0 0 0 0 0 0 1 0 0 0 0 0 0 0 0 0 0 0 0 0 0 0 0 0 0 1 0 0 0 1 1 0 0 0 0 0 0 0 1 0 0 0 1 0 0 0 0 0 0 0 1 0 0
0 2 3 5 9 7 59 14 22 52 21 37 55 34 6 38 96 1 28 26 53 87 12 89 10 71 30 29 46 8 41 11 15 58 79 16 4 17 74 20 18 13 27 19 33 83 88 36 25 68 45 56 54 50 63 69 39 23 82 61 31 65 72 75 32 24 64 60 95 94 105 98 35 108 42 40 66 78 100 44 110 81 93 84 67 107 47 70 92 77 76 80 57 48 51 111 62 99 102 43 103 73 49 117 90 86 85 101 97 109 113 104 118 112 91 106 115 114 119 116 120 121 0 0 0 0 1 0 0 0 0 0 0 0 0 0 0 0 0 0 0 0 0 0 0 0 0 0 0 0 0 0 0 0 0 0 0 0 0 0 0 0 0 0 0 0 0 0 0 0 0 0 0 0 0 0 0 0 0 0 0 0 0 0 0 0 0 1 0 0 0 0 0 0 0 0 0 0 0 0 0 0 0 1 0 0 0 0 0 0 0 0 0 0 0 0 1 0 0 0 0 0 0 0 0 0 0 0 0 0 0 0 0 0 0 1 0 0 0 0 0 0 0 0
0 2 3 5 9 7 59 14 22 52 21 37 55 34 6 38 96 1 28 26 53 87 12 89 10 71 30 29 46 8 41 11 15 58 79 16 4 17 74 20 18 13 27 19 33 83 88 36 25 68 45 56 54 50 63 69 39 23 82 61 31 65 72 75 32 24 64 60 95 94 105 98 35 108 42 40 66 78 100 44 110 81 93 84 67 107 47 70 92 77 76 80 57 48 51 111 62 99 102 43 103 73 49 117 90 86 85 101 97 109 113 104 118 112 91 106 115 114 119 116 120 121 0 0 0 0 1 0 0 0 0 0 0 0 0 0 0 0 0 0 0 0 0 0 0 0 0 0 0 0 0 0 0 0 0 0 0 0 0 0 0 0 0 0 0 0 0 0 0 0 0 0 0 0 0 0 0 0 0 0 0 0 0 0 0 0 0 1 0 0 0 0 0 0 0 0 0 0 0 0 0 0 0 1 0 0 0 0 0 0 0 0 0 0 0 0 1 0 0 0 0 0 0 0 0 0 0 0 0 0 0 0 0 0 0 1 0 0 0 0 0 0 0 0
0 2 1 5 3 11 16 13 4 9 18 7 23 33 8 37 15 52 46 6 24 12 64 84 10 54 31 20 107 14 22 29 17 60 72 67 82 50 59 92 28 25 68 27 61 45 41 19 56 21 34 30 32 36 55 100 69 103 47 57 110 96 74 63 35 94 71 65 105 40 108 38 53 87 26 83 89 75 58 66 77 111 39 42 78 95 93 98 44 99 70 80 43 81 48 76 85 91 51 117 118 62 49 109 102 73 86 90 97 101 112 79 113 88 106 104 114 119 115 116 120 121 0 0 0 0 1 0 0 0 0 0 0 0 0 0 0 0 0 0 0 0 0 0 0 0 0 0 0 0 0 0 0 0 0 0 0 0 0 0 0 0 1 0 0 0 0 0 0 0 0 0 0 0 0 0 0 0 0 0 0 0 0 0 0 0 0 0 0 0 0 0 0 0 0 0 0 0 0 0 0 0 0 1 0 0 0 0 0 0 0 0 0 0 0 0 0 0 0 0 0 0 0 0 0 0 0 0 0 0 0 0 0 0 0 0 0 0 0 0 0 0 0 0
0 1 2 3 12 43 64 9 4 8 11 52 7 59 13 33 15 14 22 21 5 16 20 23 50 25 65 19 27 68 75 6 37 10 17 18 71 31 82 46 28 72 45 83 29 30 38 95 57 98 32 103 93 41 69 56 39 44 35 40 42 48 55 34 70 51 53 76 49 58 79 80 54 85 102 36 87 94 109 62 105 26 63 60 24 67 73 90 92 89 88 99 100 84 107 61 66 108 74 47 77 110 78 81 111 118 96 86 97 101 91 106 115 104 114 113 112 116 117 119 120 121 0 0 0 0 0 0 0 0 0 0 0 0 0 0 0 0 0 0 0 0 0 0 0 0 0 0 0 1 0 0 0 1 0 0 0 0 0 0 0 0 0 0 0 0 0 0 0 0 0 0 0 0 0 0 0 0 1 0 0 0 0 0 0 0 0 1 0 0 0 0 0 0 0 0 1 0 0 1 0 0 0 0 0 0 0 0 1 0 0 0 0 1 0 0 0 0 0 1 0 0 0 0 0 0 0 0 0 0 1 0 0 1 0 1 0 0 1 0 0 0 0 0
0 1 2 3 12 43 64 9 4 8 11 52 7 59 13 33 15 14 22 21 5 16 20 23 50 25 65 19 27 68 75 6 37 10 17 18 71 31 82 46 28 72 45 83 29 30 38 95 57 98 32 103 93 41 69 56 39 44 35 40 42 48 55 34 70 51 53 76 49 58 79 80 54 85 102 36 87 94 109 62 105 26 63 60 24 67 73 90 92 89 88 99 100 84 107 61 66 108 74 47 77 110 78 81 111 118 96 86 97 101 91 106 115 104 114 113 112 116 117 119 120 121 0 0 0 0 0 0 0 0 0 0 0 0 0 0 0 0 0 0 0 0 0 0 0 0 0 0 0 1 0 0 0 1 0 0 0 0 0 0 0 0 0 0 0 0 0 0 0 0 0 0 0 0 0 0 0 0 1 0 0 0 0 0 0 0 0 1 0 0 0 0 0 0 0 0 1 0 0 1 0 0 0 0 0 0 0 0 1 0 0 0 0 1 0 0 0 0 0 1 0 0 0 0 0 0 0 0 0 0 1 0 0 1 0 1 0 0 1 0 0 0 0 0
0 2 1 5 3 11 16 13 4 9 18 7 23 33 8 37 15 52 46 6 24 12 64 84 10 54 31 20 107 14 22 29 17 60 72 67 82 50 59 92 28 25 68 27 61 45 41 19 56 21 34 30 32 36 55 100 69 103 47 57 110 96 74 63 35 94 71 65 105 40 108 38 53 87 26 83 89 75 58 66 77 111 39 42 78 95 93 98 44 99 70 80 43 81 48 76 85 91 51 117 118 62 49 109 102 73 86 90 97 101 112 79 113 88 106 104 114 119 115 116 120 121 0 0 0 0 1 0 0 0 0 0 0 0 0 0 0 0 0 0 0 0 0 0 0 0 0 0 0 0 0 0 0 0 0 0 0 0 0 0 0 0 1 0 0 0 0 0 0 0 0 0 0 0 0 0 0 0 0 0 0 0 0 0 0 0 0 0 0 0 0 0 0 0 0 0 0 0 0 0 0 0 0 1 0 0 0 0 0 0 0 0 0 0 0 0 0 0 0 0 0 0 0 0 0 0 0 0 0 0 0 0 0 0 0 0 0 0 0 0 0 0 0 0
0 2 4 1 3 12 9 43 5 6 11 7 22 10 25 17 16 32 8 44 40 19 72 37 71 20 59 23 60 67 68 83 24 70 18 64 35 13 65 52 75 46 82 26 100 93 34 45 105 69 15 50 92 28 14 29 41 110 84 33 30 31 107 38 21 55 56 42 54 103 27 76 47 61 94 66 78 80 48 53 95 36 87 98 89 39 117 74 85 49 109 57 58 96 79 63 88 77 111 99 91 81 112 51 62 73 97 113 90 86 102 101 104 106 108 118 115 114 116 119 120 121 0 0 0 0 0 0 0 0 1 0 0 0 0 0 0 0 0 0 0 0 0 0 0 0 0 0 0 0 0 0 0 0 0 0 0 0 0 0 0 0 0 0 0 0 0 0 0 0 0 0 0 0 0 0 0 0 0 0 0 0 0 0 0 0 0 0 0 0 0 0 0 0 0 0 0 0 0 0 0 0 0 0 0 0 0 0 0 0 0 0 0 0 0 0 0 0 0 0 1 0 0 0 0 0 0 0 0 0 0 0 0 1 0 0 0 0 0 0 0 0 0 0
0 2 4 1 3 12 9 43 5 6 11 7 22 10 25 17 16 32 8 44 40 19 72 37 71 20 59 23 60 67 68 83 24 70 18 64 35 13 65 52 75 46 82 26 100 93 34 45 105 69 15 50 92 28 14 29 41 110 84 33 30 31 107 38 21 55 56 42 54 103 27 76 47 61 94 66 78 80 48 53 95 36 87 98 89 39 117 74 85 49 109 57 58 96 79 63 88 77 111 99 91 81 112 51 62 73 97 113 90 86 102 101 104 106 108 118 115 114 116 119 120 121 0 0 0 0 0 0 0 0 1 0 0 0 0 0 0 0 0 0 0 0 0 0 0 0 0 0 0 0 0 0 0 0 0 0 0 0 0 0 0 0 0 0 0 0 0 0 0 0 0 0 0 0 0 0 0 0 0 0 0 0 0 0 0 0 0 0 0 0 0 0 0 0 0 0 0 0 0 0 0 0 0 0 0 0 0 0 0 0 0 0 0 0 0 0 0 0 0 0 1 0 0 0 0 0 0 0 0 0 0 0 0 1 0 0 0 0 0 0 0 0 0 0
0 2 4 1 3 12 9 43 5 6 11 7 22 10 25 17 16 32 8 44 40 19 72 37 71 20 59 23 60 67 68 83 24 70 18 64 35 13 65 52 75 46 82 26 100 93 34 45 105 69 15 50 92 28 14 29 41 110 84 33 30 31 107 38 21 55 56 42 54 103 27 76 47 61 94 66 78 80 48 53 95 36 87 98 89 39 117 74 85 49 109 57 58 96 79 63 88 77 111 99 91 81 112 51 62 73 97 113 90 86 102 101 104 106 108 118 115 114 116 119 120 121 0 0 0 0 0 0 0 0 1 0 0 0 0 0 0 0 0 0 0 0 0 0 0 0 0 0 0 0 0 0 0 0 0 0 0 0 0 0 0 0 0 0 0 0 0 0 0 0 0 0 0 0 0 0 0 0 0 0 0 0 0 0 0 0 0 0 0 0 0 0 0 0 0 0 0 0 0 0 0 0 0 0 0 0 0 0 0 0 0 0 0 0 0 0 0 0 0 0 1 0 0 0 0 0 0 0 0 0 0 0 0 1 0 0 0 0 0 0 0 0 0 0
0 3 8 15 2 4 27 1 11 7 12 9 59 22 16 13 14 5 33 23 29 54 28 31 41 25 18 74 37 50 43 20 64 24 45 61 46 34 26 52 68 19 65 47 75 36 30 6 105 103 71 56 84 77 10 83 82 17 111 69 66 95 21 100 38 53 87 55 98 63 32 72 96 60 94 67 92 93 39 108 110 89 117 57 107 35 58 78 99 44 81 70 79 88 42 48 51 62 118 80 102 76 73 49 86 40 97 109 104 112 114 85 91 113 90 119 101 106 115 116 120 121 0 0 0 0 0 0 0 0 0 0 0 0 0 0 0 0 0 0 0 0 0 0 0 0 0 0 0 0 0 0 0 1 1 0 0 0 0 0 0 1 0 0 0 0 0 0 1 0 0 0 0 1 0 0 0 0 1 0 0 0 0 0 0 1 0 0 1 0 0 0 0 0 0 0 0 0 0 1 0 0 0 1 0 0 0 0 0 0 0 0 0 0 0 0 0 0 0 0 0 0 0 0 0 1 0 0 0 1 0 0 0 1 0 1 0 0 0 0 0 0 0 0
0 3 7 1 64 2 5 9 14 22 28 11 8 13 38 39 15 34 63 12 21 55 26 59 4 96 31 65 19 37 46 20 30 45 105 33 71 54 58 57 79 83 68 6 88 95 29 75 41 16 47 27 103 52 23 18 43 56 36 82 50 98 61 10 53 66 108 69 87 17 72 77 60 89 74 24 78 93 67 81 32 35 44 25 92 42 99 100 110 84 94 48 40 111 70 49 76 85 107 80 51 62 102 118 73 91 97 117 109 86 90 113 104 114 112 119 101 106 115 116 120 121 0 0 1 0 0 0 0 0 0 0 0 0 0 0 0 0 0 0 0 0 0 0 0 0 0 0 0 0 0 0 0 1 0 0 1 0 0 0 0 0 0 1 0 1 0 0 0 0 0 0 0 0 0 0 0 0 0 1 0 0 0 0 0 0 0 0 1 0 0 0 0 0 0 0 0 0 0 1 0 0 0 1 0 0 0 1 0 0 0 0 0 0 0 1 0 0 0 0 0 0 0 0 0 0 0 0 0 1 1 1 0 1 0 1 0 0 0 0 0 0 0 0
0 1 3 7 14 22 8 34 29 26 64 38 2 21 5 55 9 37 28 46 59 63 71 11 6 16 41 13 33 54 83 19 15 27 96 61 57 30 10 39 17 4 31 75 12 52 25 74 95 23 20 68 103 18 36 58 72 82 45 56 50 66 60 43 93 69 32 67 47 77 78 53 92 98 65 87 40 89 105 24 81 94 44 117 108 70 35 42 48 51 49 62 109 80 102 73 97 111 100 110 79 84 99 118 88 76 90 85 107 101 113 91 112 106 86 115 104 116 114 119 120 121 0 0 0 0 0 0 0 0 0 0 0 0 0 0 0 0 0 0 0 0 0 0 0 0 0 0 0 0 0 0 0 0 0 0 0 0 0 0 0 0 0 0 0 0 0 0 0 0 0 0 1 0 0 0 0 0 0 0 1 0 0 0 0 0 0 0 1 0 1 0 0 0 0 0 0 0 0 0 0 0 0 1 0 0 0 0 0 0 0 0 0 0 0 0 0 0 0 1 0 0 0 0 0 0 0 0 0 0 0 0 0 1 0 0 0 0 0 0 0 0 0 0
0 3 7 1 64 2 5 9 14 22 28 11 8 13 38 39 15 34 63 12 21 55 26 59 4 96 31 65 19 37 46 20 30 45 105 33 71 54 58 57 79 83 68 6 88 95 29 75 41 16 47 27 103 52 23 18 43 56 36 82 50 98 61 10 53 66 108 69 87 17 72 77 60 89 74 24 78 93 67 81 32 35 44 25 92 42 99 100 110 84 94 48 40 111 70 49 76 85 107 80 51 62 102 118 73 91 97 117 109 86 90 113 104 114 112 119 101 106 115 116 120 121 0 0 1 0 0 0 0 0 0 0 0 0 0 0 0 0 0 0 0 0 0 0 0 0 0 0 0 0 0 0 0 1 0 0 1 0 0 0 0 0 0 1 0 1 0 0 0 0 0 0 0 0 0 0 0 0 0 1 0 0 0 0 0 0 0 0 1 0 0 0 0 0 0 0 0 0 0 1 0 0 0 1 0 0 0 1 0 0 0 0 0 0 0 1 0 0 0 0 0 0 0 0 0 0 0 0 0 1 1 1 0 1 0 1 0 0 0 0 0 0 0 0
0 3 8 15 2 4 27 1 11 7 12 9 59 22 16 13 14 5 33 23 29 54 28 31 41 25 18 74 37 50 43 20 64 24 45 61 46 34 26 52 68 19 65 47 75 36 30 6 105 103 71 56 84 77 10 83 82 17 111 69 66 95 21 100 38 53 87 55 98 63 32 72 96 60 94 67 92 93 39 108 110 89 117 57 107 35 58 78 99 44 81 70 79 88 42 48 51 62 118 80 102 76 73 49 86 40 97 109 104 112 114 85 91 113 90 119 101 106 115 116 120 121 0 0 0 0 0 0 0 0 0 0 0 0 0 0 0 0 0 0 0 0 0 0 0 0 0 0 0 0 0 0 0 1 1 0 0 0 0 0 0 1 0 0 0 0 0 0 1 0 0 0 0 1 0 0 0 0 1 0 0 0 0 0 0 1 0 0 1 0 0 0 0 0 0 0 0 0 0 1 0 0 0 1 0 0 0 0 0 0 0 0 0 0 0 0 0 0 0 0 0 0 0 0 0 1 0 0 0 1 0 0 0 1 0 1 0 0 0 0 0 0 0 0
0 1 3 7 14 22 8 34 29 26 64 38 2 21 5 55 9 37 28 46 59 63 71 11 6 16 41 13 33 54 83 19 15 27 96 61 57 30 10 39 17 4 31 75 12 52 25 74 95 23 20 68 103 18 36 58 72 82 45 56 50 66 60 43 93 69 32 67 47 77 78 53 92 98 65 87 40 89 105 24 81 94 44 117 108 70 35 42 48 51 49 62 109 80 102 73 97 111 100 110 79 84 99 118 88 76 90 85 107 101 113 91 112 106 86 115 104 116 114 119 120 121 0 0 0 0 0 0 0 0 0 0 0 0 0 0 0 0 0 0 0 0 0 0 0 0 0 0 0 0 0 0 0 0 0 0 0 0 0 0 0 0 0 0 0 0 0 0 0 0 0 0 1 0 0 0 0 0 0 0 1 0 0 0 0 0 0 0 1 0 1 0 0 0 0 0 0 0 0 0 0 0 0 1 0 0 0 0 0 0 0 0 0 0 0 0 0 0 0 1 0 0 0 0 0 0 0 0 0 0 0 0 0 1 0 0 0 0 0 0 0 0 0 0
0 3 7 1 64 2 5 9 14 22 28 11 8 13 38 39 15 34 63 12 21 55 26 59 4 96 31 65 19 37 46 20 30 45 105 33 71 54 58 57 79 83 68 6 88 95 29 75 41 16 47 27 103 52 23 18 43 56 36 82 50 98 61 10 53 66 108 69 87 17 72 77 60 89 74 24 78 93 67 81 32 35 44 25 92 42 99 100 110 84 94 48 40 111 70 49 76 85 107 80 51 62 102 118 73 91 97 117 109 86 90 113 104 114 112 119 101 106 115 116 120 121 0 0 1 0 0 0 0 0 0 0 0 0 0 0 0 0 0 0 0 0 0 0 0 0 0 0 0 0 0 0 0 1 0 0 1 0 0 0 0 0 0 1 0 1 0 0 0 0 0 0 0 0 0 0 0 0 0 1 0 0 0 0 0 0 0 0 1 0 0 0 0 0 0 0 0 0 0 1 0 0 0 1 0 0 0 1 0 0 0 0 0 0 0 1 0 0 0 0 0 0 0 0 0 0 0 0 0 1 1 1 0 1 0 1 0 0 0 0 0 0 0 0
0 1 3 7 14 22 8 34 29 26 64 38 2 21 5 55 9 37 28 46 59 63 71 11 6 16 41 13 33 54 83 19 15 27 96 61 57 30 10 39 17 4 31 75 12 52 25 74 95 23 20 68 103 18 36 58 72 82 45 56 50 66 60 43 93 69 32 67 47 77 78 53 92 98 65 87 40 89 105 24 81 94 44 117 108 70 35 42 48 51 49 62 109 80 102 73 97 111 100 110 79 84 99 118 88 76 90 85 107 101 113 91 112 106 86 115 104 116 114 119 120 121 0 0 0 0 0 0 0 0 0 0 0 0 0 0 0 0 0 0 0 0 0 0 0 0 0 0 0 0 0 0 0 0 0 0 0 0 0 0 0 0 0 0 0 0 0 0 0 0 0 0 1 0 0 0 0 0 0 0 1 0 0 0 0 0 0 0 1 0 1 0 0 0 0 0 0 0 0 0 0 0 0 1 0 0 0 0 0 0 0 0 0 0 0 0 0 0 0 1 0 0 0 0 0 0 0 0 0 0 0 0 0 1 0 0 0 0 0 0 0 0 0 0
0 2 4 5 37 1 64 9 20 52 6 3 68 12 8 103 10 11 15 13 7 14 45 71 27 59 17 83 56 72 19 25 65 31 38 75 16 46 33 22 28 43 23 26 34 24 100 105 21 29 60 55 18 39 84 36 47 77 58 32 67 30 107 93 92 53 87 82 63 69 94 54 117 108 41 89 50 74 99 40 44 96 70 111 95 61 66 35 98 78 42 48 76 80 49 109 57 85 110 81 79 112 118 51 102 88 62 91 73 90 86 97 104 113 101 114 119 106 115 116 120 121 0 0 0 0 0 0 0 0 0 0 0 0 0 0 0 0 0 0 0 0 0 0 0 0 0 0 0 0 0 1 0 0 0 0 0 0 0 0 0 0 0 0 0 0 0 0 0 0 0 0 0 0 0 0 0 0 1 0 0 0 0 0 0 0 0 0 0 0 0 0 0 0 0 0 0 0 0 0 0 0 0 0 0 0 0 0 0 0 0 0 0 0 0 0 0 0 0 0 0 0 0 0 0 0 0 0 0 1 0 0 0 0 0 0 0 0 0 0 0 0 0 0
0 2 9 4 1 64 11 13 52 19 31 5 65 3 33 75 7 14 20 29 41 54 74 59 6 68 45 8 56 105 15 38 61 10 53 39 17 87 21 55 16 12 60 43 27 36 22 37 18 32 26 72 34 47 69 77 67 96 93 46 50 25 66 57 71 78 63 103 81 28 111 30 83 40 92 23 89 95 98 58 108 82 24 100 110 79 88 99 44 70 94 80 118 35 84 42 102 107 48 51 49 62 109 73 97 90 76 117 113 101 86 112 85 91 104 114 119 106 115 116 120 121 0 0 0 0 0 0 0 0 0 0 0 0 0 0 0 0 0 0 0 0 0 0 0 0 0 0 0 0 0 0 0 0 0 0 0 0 0 0 0 0 0 0 0 0 0 0 0 0 0 0 0 0 0 0 0 0 0 0 0 0 1 0 0 0 0 0 0 0 0 0 0 0 0 0 0 0 0 0 0 0 0 0 1 0 0 0 0 0 0 0 1 0 0 0 0 0 0 0 0 0 0 0 0 0 0 0 0 0 0 0 0 0 0 1 0 0 0 1 0 0 0 0
0 2 5 6 1 11 9 64 10 37 13 19 31 71 16 3 7 22 8 20 65 12 14 29 33 23 68 46 45 17 52 38 72 105 103 4 28 24 50 75 21 84 60 18 32 96 53 59 34 40 41 107 69 93 44 100 30 74 56 54 26 35 47 77 111 25 94 57 87 63 110 89 67 55 39 92 43 42 61 66 108 15 48 27 36 83 58 79 82 95 70 80 117 88 98 102 99 51 76 85 91 62 49 73 86 97 78 109 90 113 118 81 101 104 106 115 112 116 120 114 119 121 0 0 0 0 0 0 0 0 0 0 0 0 0 0 0 0 0 0 0 0 0 0 0 0 0 1 0 0 0 0 0 0 0 0 0 0 0 0 0 0 0 0 0 0 0 0 0 0 0 0 0 1 0 0 1 0 0 0 0 0 0 0 0 0 0 0 0 0 1 0 0 0 0 0 0 0 0 0 0 0 0 1 0 0 0 1 0 0 0 0 0 0 0 1 0 0 0 0 0 0 0 0 0 0 0 0 0 0 1 1 1 0 0 1 0 0 0 0 0 0 0 0
0 2 9 4 1 64 11 13 52 19 31 5 65 3 33 75 7 14 20 29 41 54 74 59 6 68 45 8 56 105 15 38 61 10 53 39 17 87 21 55 16 12 60 43 27 36 22 37 18 32 26 72 34 47 69 77 67 96 93 46 50 25 66 57 71 78 63 103 81 28 111 30 83 40 92 23 89 95 98 58 108 82 24 100 110 79 88 99 44 70 94 80 118 35 84 42 102 107 48 51 49 62 109 73 97 90 76 117 113 101 86 112 85 91 104 114 119 106 115 116 120 121 0 0 0 0 0 0 0 0 0 0 0 0 0 0 0 0 0 0 0 0 0 0 0 0 0 0 0 0 0 0 0 0 0 0 0 0 0 0 0 0 0 0 0 0 0 0 0 0 0 0 0 0 0 0 0 0 0 0 0 0 1 0 0 0 0 0 0 0 0 0 0 0 0 0 0 0 0 0 0 0 0 0 1 0 0 0 0 0 0 0 1 0 0 0 0 0 0 0 0 0 0 0 0 0 0 0 0 0 0 0 0 0 0 1 0 0 0 1 0 0 0 0
0 2 4 5 37 1 64 9 20 52 6 3 68 12 8 103 10 11 15 13 7 14 45 71 27 59 17 83 56 72 19 25 65 31 38 75 16 46 33 22 28 43 23 26 34 24 100 105 21 29 60 55 18 39 84 36 47 77 58 32 67 30 107 93 92 53 87 82 63 69 94 54 117 108 41 89 50 74 99 40 44 96 70 111 95 61 66 35 98 78 42 48 76 80 49 109 57 85 110 81 79 112 118 51 102 88 62 91 73 90 86 97 104 113 101 114 119 106 115 116 120 121 0 0 0 0 0 0 0 0 0 0 0 0 0 0 0 0 0 0 0 0 0 0 0 0 0 0 0 0 0 1 0 0 0 0 0 0 0 0 0 0 0 0 0 0 0 0 0 0 0 0 0 0 0 0 0 0 1 0 0 0 0 0 0 0 0 0 0 0 0 0 0 0 0 0 0 0 0 0 0 0 0 0 0 0 0 0 0 0 0 0 0 0 0 0 0 0 0 0 0 0 0 0 0 0 0 0 0 1 0 0 0 0 0 0 0 0 0 0 0 0 0 0
0 2 5 6 1 11 9 64 10 37 13 19 31 71 16 3 7 22 8 20 65 12 14 29 33 23 68 46 45 17 52 38 72 105 103 4 28 24 50 75 21 84 60 18 32 96 53 59 34 40 41 107 69 93 44 100 30 74 56 54 26 35 47 77 111 25 94 57 87 63 110 89 67 55 39 92 43 42 61 66 108 15 48 27 36 83 58 79 82 95 70 80 117 88 98 102 99 51 76 85 91 62 49 73 86 97 78 109 90 113 118 81 101 104 106 115 112 116 120 114 119 121 0 0 0 0 0 0 0 0 0 0 0 0 0 0 0 0 0 0 0 0 0 0 0 0 0 1 0 0 0 0 0 0 0 0 0 0 0 0 0 0 0 0 0 0 0 0 0 0 0 0 0 1 0 0 1 0 0 0 0 0 0 0 0 0 0 0 0 0 1 0 0 0 0 0 0 0 0 0 0 0 0 1 0 0 0 1 0 0 0 0 0 0 0 1 0 0 0 0 0 0 0 0 0 0 0 0 0 0 1 1 1 0 0 1 0 0 0 0 0 0 0 0
0 3 2 4 9 25 7 1 52 64 5 37 22 20 71 45 6 34 83 26 8 14 11 29 38 41 15 12 68 19 59 13 16 31 33 53 10 69 17 23 24 32 103 60 74 87 21 63 100 35 40 44 84 70 94 107 39 42 54 65 48 46 47 28 49 51 55 62 72 27 76 75 85 58 67 89 105 91 36 108 61 56 43 57 79 50 30 95 98 96 80 18 88 82 77 66 93 109 78 81 112 102 92 110 111 73 117 99 97 118 90 86 113 104 114 101 119 106 115 116 120 121 0 0 0 0 0 0 0 0 0 0 0 0 0 0 0 0 0 0 0 0 0 0 0 0 0 0 0 0 0 0 0 0 0 0 0 0 0 0 0 0 1 0 0 0 0 0 0 0 0 0 0 0 0 0 0 0 0 0 0 0 0 0 0 0 0 0 0 0 0 0 0 0 0 0 0 0 0 0 0 0 0 0 0 0 0 0 0 0 0 0 0 0 0 0 1 0 0 0 0 0 0 1 0 0 0 0 0 0 0 0 0 0 0 0 0 0 0 0 0 0 0 0
0 3 1 64 12 8 7 59 11 14 19 16 15 43 50 13 65 27 33 2 4 54 29 9 5 36 75 38 21 55 58 25 41 31 96 79 20 18 61 23 45 52 22 82 6 10 105 68 103 74 26 37 28 53 66 69 30 94 17 46 24 100 56 95 88 71 34 87 47 57 77 60 89 83 84 107 111 39 32 35 72 98 67 42 48 78 93 81 117 44 40 63 70 76 108 92 51 85 110 80 49 62 109 73 102 90 99 112 97 86 104 101 91 113 114 118 119 106 115 116 120 121 0 0 0 0 0 0 0 0 0 0 0 0 0 0 0 0 0 0 0 0 0 0 0 0 0 0 0 0 0 0 0 0 1 0 0 0 0 0 0 0 0 0 0 0 0 0 1 0 0 0 0 0 0 0 0 0 1 0 0 0 0 0 0 1 0 0 0 0 0 0 0 0 0 0 0 0 0 0 0 0 0 1 0 0 0 0 0 0 1 0 0 0 0 1 0 0 0 1 0 0 0 0 0 0 0 0 0 0 0 0 0 1 0 0 0 0 0 0 0 0 0 0
0 3 2 4 9 25 7 1 52 64 5 37 22 20 71 45 6 34 83 26 8 14 11 29 38 41 15 12 68 19 59 13 16 31 33 53 10 69 17 23 24 32 103 60 74 87 21 63 100 35 40 44 84 70 94 107 39 42 54 65 48 46 47 28 49 51 55 62 72 27 76 75 85 58 67 89 105 91 36 108 61 56 43 57 79 50 30 95 98 96 80 18 88 82 77 66 93 109 78 81 112 102 92 110 111 73 117 99 97 118 90 86 113 104 114 101 119 106 115 116 120 121 0 0 0 0 0 0 0 0 0 0 0 0 0 0 0 0 0 0 0 0 0 0 0 0 0 0 0 0 0 0 0 0 0 0 0 0 0 0 0 0 1 0 0 0 0 0 0 0 0 0 0 0 0 0 0 0 0 0 0 0 0 0 0 0 0 0 0 0 0 0 0 0 0 0 0 0 0 0 0 0 0 0 0 0 0 0 0 0 0 0 0 0 0 0 1 0 0 0 0 0 0 1 0 0 0 0 0 0 0 0 0 0 0 0 0 0 0 0 0 0 0 0
0 3 1 64 12 8 7 59 11 14 19 16 15 43 50 13 65 27 33 2 4 54 29 9 5 36 75 38 21 55 58 25 41 31 96 79 20 18 61 23 45 52 22 82 6 10 105 68 103 74 26 37 28 53 66 69 30 94 17 46 24 100 56 95 88 71 34 87 47 57 77 60 89 83 84 107 111 39 32 35 72 98 67 42 48 78 93 81 117 44 40 63 70 76 108 92 51 85 110 80 49 62 109 73 102 90 99 112 97 86 104 101 91 113 114 118 119 106 115 116 120 121 0 0 0 0 0 0 0 0 0 0 0 0 0 0 0 0 0 0 0 0 0 0 0 0 0 0 0 0 0 0 0 0 1 0 0 0 0 0 0 0 0 0 0 0 0 0 1 0 0 0 0 0 0 0 0 0 1 0 0 0 0 0 0 1 0 0 0 0 0 0 0 0 0 0 0 0 0 0 0 0 0 1 0 0 0 0 0 0 1 0 0 0 0 1 0 0 0 1 0 0 0 0 0 0 0 0 0 0 0 0 0 1 0 0 0 0 0 0 0 0 0 0
0 1 3 12 7 2 11 19 9 13 75 64 4 25 52 33 43 16 8 50 54 61 5 22 15 14 59 31 18 21 55 38 27 29 39 23 6 37 58 10 24 71 53 65 36 84 26 83 20 68 17 45 56 82 103 87 69 46 41 74 34 79 28 96 30 105 32 47 63 72 44 40 57 95 70 98 94 80 88 35 93 60 77 111 100 89 102 107 67 110 92 117 108 66 78 99 81 118 42 48 49 51 76 85 62 91 73 109 97 86 90 112 104 101 106 113 115 114 119 116 120 121 0 0 0 0 0 0 0 0 0 0 0 0 0 0 0 0 0 0 0 0 0 0 0 0 0 0 0 0 0 0 0 0 1 0 0 0 0 0 0 0 1 0 0 1 0 0 0 1 0 1 0 0 0 0 0 0 0 0 0 0 0 0 0 0 0 0 0 0 0 0 0 0 0 0 0 0 0 0 0 0 0 0 0 0 0 0 0 0 0 0 0 0 0 0 0 0 0 0 0 0 0 0 0 0 0 0 0 0 0 0 0 0 0 0 0 0 0 1 1 0 0 0
0 1 3 12 7 2 11 19 9 13 75 64 4 25 52 33 43 16 8 50 54 61 5 22 15 14 59 31 18 21 55 38 27 29 39 23 6 37 58 10 24 71 53 65 36 84 26 83 20 68 17 45 56 82 103 87 69 46 41 74 34 79 28 96 30 105 32 47 63 72 44 40 57 95 70 98 94 80 88 35 93 60 77 111 100 89 102 107 67 110 92 117 108 66 78 99 81 118 42 48 49 51 76 85 62 91 73 109 97 86 90 112 104 101 106 113 115 114 119 116 120 121 0 0 0 0 0 0 0 0 0 0 0 0 0 0 0 0 0 0 0 0 0 0 0 0 0 0 0 0 0 0 0 0 1 0 0 0 0 0 0 0 1 0 0 1 0 0 0 1 0 1 0 0 0 0 0 0 0 0 0 0 0 0 0 0 0 0 0 0 0 0 0 0 0 0 0 0 0 0 0 0 0 0 0 0 0 0 0 0 0 0 0 0 0 0 0 0 0 0 0 0 0 0 0 0 0 0 0 0 0 0 0 0 0 0 0 0 0 1 1 0 0 0
0 1 3 12 7 2 11 19 9 13 75 64 4 25 52 33 43 16 8 50 54 61 5 22 15 14 59 31 18 21 55 38 27 29 39 23 6 37 58 10 24 71 53 65 36 84 26 83 20 68 17 45 56 82 103 87 69 46 41 74 34 79 28 96 30 105 32 47 63 72 44 40 57 95 70 98 94 80 88 35 93 60 77 111 100 89 102 107 67 110 92 117 108 66 78 99 81 118 42 48 49 51 76 85 62 91 73 109 97 86 90 112 104 101 106 113 115 114 119 116 120 121 0 0 0 0 0 0 0 0 0 0 0 0 0 0 0 0 0 0 0 0 0 0 0 0 0 0 0 0 0 0 0 0 1 0 0 0 0 0 0 0 1 0 0 1 0 0 0 1 0 1 0 0 0 0 0 0 0 0 0 0 0 0 0 0 0 0 0 0 0 0 0 0 0 0 0 0 0 0 0 0 0 0 0 0 0 0 0 0 0 0 0 0 0 0 0 0 0 0 0 0 0 0 0 0 0 0 0 0 0 0 0 0 0 0 0 0 0 1 1 0 0 0
0 1 3 12 7 2 11 19 9 13 75 64 4 25 52 33 43 16 8 50 54 61 5 22 15 14 59 31 18 21 55 38 27 29 39 23 6 37 58 10 24 71 53 65 36 84 26 83 20 68 17 45 56 82 103 87 69 46 41 74 34 79 28 96 30 105 32 47 63 72 44 40 57 95 70 98 94 80 88 35 93 60 77 111 100 89 102 107 67 110 92 117 108 66 78 99 81 118 42 48 49 51 76 85 62 91 73 109 97 86 90 112 104 101 106 113 115 114 119 116 120 121 0 0 0 0 0 0 0 0 0 0 0 0 0 0 0 0 0 0 0 0 0 0 0 0 0 0 0 0 0 0 0 0 1 0 0 0 0 0 0 0 1 0 0 1 0 0 0 1 0 1 0 0 0 0 0 0 0 0 0 0 0 0 0 0 0 0 0 0 0 0 0 0 0 0 0 0 0 0 0 0 0 0 0 0 0 0 0 0 0 0 0 0 0 0 0 0 0 0 0 0 0 0 0 0 0 0 0 0 0 0 0 0 0 0 0 0 0 1 1 0 0 0
0 1 3 12 7 2 11 19 9 13 75 64 4 25 52 33 43 16 8 50 54 61 5 22 15 14 59 31 18 21 55 38 27 29 39 23 6 37 58 10 24 71 53 65 36 84 26 83 20 68 17 45 56 82 103 87 69 46 41 74 34 79 28 96 30 105 32 47 63 72 44 40 57 95 70 98 94 80 88 35 93 60 77 111 100 89 102 107 67 110 92 117 108 66 78 99 81 118 42 48 49 51 76 85 62 91 73 109 97 86 90 112 104 101 106 113 115 114 119 116 120 121 0 0 0 0 0 0 0 0 0 0 0 0 0 0 0 0 0 0 0 0 0 0 0 0 0 0 0 0 0 0 0 0 1 0 0 0 0 0 0 0 1 0 0 1 0 0 0 1 0 1 0 0 0 0 0 0 0 0 0 0 0 0 0 0 0 0 0 0 0 0 0 0 0 0 0 0 0 0 0 0 0 0 0 0 0 0 0 0 0 0 0 0 0 0 0 0 0 0 0 0 0 0 0 0 0 0 0 0 0 0 0 0 0 0 0 0 0 1 1 0 0 0
0 1 11 3 19 64 13 16 31 65 23 8 12 15 43 27 7 22 75 2 4 24 26 5 9 14 21 38 20 18 28 68 52 6 55 105 103 34 63 29 39 25 33 84 58 30 47 53 45 87 100 59 41 10 56 37 95 54 50 46 69 94 36 82 71 57 96 74 107 61 98 77 17 108 79 83 72 88 111 60 110 93 32 117 44 70 80 35 66 78 42 48 51 62 81 73 102 76 40 97 90 86 113 104 49 109 67 114 85 101 106 92 91 89 112 119 99 118 115 116 120 121 0 0 1 0 0 0 0 0 0 0 0 0 0 0 0 0 0 0 0 0 0 0 0 0 0 0 0 0 0 0 0 0 1 0 0 0 0 0 0 1 0 0 0 1 0 0 0 0 0 0 0 0 0 0 0 0 1 0 0 0 0 0 0 0 0 0 1 0 0 0 0 0 0 0 0 0 0 1 0 0 0 1 0 0 0 0 0 0 1 0 0 0 0 0 0 0 0 0 0 0 0 0 1 0 0 0 1 1 1 0 0 1 0 0 1 0 0 0 1 0 0 0
0 1 11 3 19 64 13 16 31 65 23 8 12 15 43 27 7 22 75 2 4 24 26 5 9 14 21 38 20 18 28 68 52 6 55 105 103 34 63 29 39 25 33 84 58 30 47 53 45 87 100 59 41 10 56 37 95 54 50 46 69 94 36 82 71 57 96 74 107 61 98 77 17 108 79 83 72 88 111 60 110 93 32 117 44 70 80 35 66 78 42 48 51 62 81 73 102 76 40 97 90 86 113 104 49 109 67 114 85 101 106 92 91 89 112 119 99 118 115 116 120 121 0 0 1 0 0 0 0 0 0 0 0 0 0 0 0 0 0 0 0 0 0 0 0 0 0 0 0 0 0 0 0 0 1 0 0 0 0 0 0 1 0 0 0 1 0 0 0 0 0 0 0 0 0 0 0 0 1 0 0 0 0 0 0 0 0 0 1 0 0 0 0 0 0 0 0 0 0 1 0 0 0 1 0 0 0 0 0 0 1 0 0 0 0 0 0 0 0 0 0 0 0 0 1 0 0 0 1 1 1 0 0 1 0 0 1 0 0 0 1 0 0 0
0 2 3 12 8 7 1 5 22 11 14 38 19 20 64 39 9 45 6 29 10 52 17 32 44 41 4 25 13 33 65 28 26 105 68 59 69 37 46 72 71 15 103 57 83 31 94 16 18 56 50 21 74 54 23 55 24 84 100 61 60 53 58 110 34 47 107 93 87 75 35 42 66 43 89 63 27 108 36 70 80 30 67 77 111 95 40 92 48 78 99 51 76 98 85 102 49 79 109 82 118 112 81 88 117 62 96 73 91 97 86 90 104 101 114 106 115 116 120 113 119 121 0 0 0 0 0 0 0 0 0 0 0 0 0 0 0 0 0 0 0 0 0 0 0 0 0 0 0 0 0 0 0 0 0 0 0 0 0 0 0 0 0 0 0 0 1 0 0 0 0 0 0 0 0 0 0 0 0 0 0 0 0 0 0 0 0 0 0 0 1 0 0 0 0 0 0 0 0 0 0 0 0 1 0 0 0 1 1 0 0 0 0 0 1 0 0 0 0 0 0 0 0 0 0 0 0 0 0 0 0 0 0 1 0 0 0 0 0 0 1 0 0 0
0 3 7 14 22 26 29 12 2 8 5 37 71 1 15 43 11 28 20 45 13 9 19 16 33 38 75 54 41 23 27 56 4 24 36 25 34 59 31 100 30 18 6 68 95 50 82 61 66 84 74 46 52 47 63 69 103 98 65 21 10 55 17 58 57 83 64 32 94 53 72 35 60 39 67 105 42 93 108 77 78 87 79 88 107 76 81 48 51 117 89 44 96 85 70 49 111 109 80 110 102 62 112 73 91 90 97 101 40 106 86 104 113 114 119 115 92 116 120 99 118 121 0 0 0 0 0 0 0 0 0 0 0 0 0 0 0 0 0 0 0 0 0 0 0 0 0 0 0 0 0 0 0 0 0 0 0 0 0 0 0 0 0 0 0 0 0 0 0 0 0 0 0 1 0 0 0 0 0 0 0 0 0 0 0 0 0 0 0 0 0 0 0 0 0 0 0 1 0 0 0 0 0 0 0 0 0 0 0 0 0 0 0 0 0 0 0 0 0 0 0 0 0 0 0 0 0 0 0 0 0 0 0 0 0 0 0 0 0 0 0 0 0 0
0 3 7 14 22 26 29 12 2 8 5 37 71 1 15 43 11 28 20 45 13 9 19 16 33 38 75 54 41 23 27 56 4 24 36 25 34 59 31 100 30 18 6 68 95 50 82 61 66 84 74 46 52 47 63 69 103 98 65 21 10 55 17 58 57 83 64 32 94 53 72 35 60 39 67 105 42 93 108 77 78 87 79 88 107 76 81 48 51 117 89 44 96 85 70 49 111 109 80 110 102 62 112 73 91 90 97 101 40 106 86 104 113 114 119 115 92 116 120 99 118 121 0 0 0 0 0 0 0 0 0 0 0 0 0 0 0 0 0 0 0 0 0 0 0 0 0 0 0 0 0 0 0 0 0 0 0 0 0 0 0 0 0 0 0 0 0 0 0 0 0 0 0 1 0 0 0 0 0 0 0 0 0 0 0 0 0 0 0 0 0 0 0 0 0 0 0 1 0 0 0 0 0 0 0 0 0 0 0 0 0 0 0 0 0 0 0 0 0 0 0 0 0 0 0 0 0 0 0 0 0 0 0 0 0 0 0 0 0 0 0 0 0 0
0 2 3 12 8 7 1 5 22 11 14 38 19 20 64 39 9 45 6 29 10 52 17 32 44 41 4 25 13 33 65 28 26 105 68 59 69 37 46 72 71 15 103 57 83 31 94 16 18 56 50 21 74 54 23 55 24 84 100 61 60 53 58 110 34 47 107 93 87 75 35 42 66 43 89 63 27 108 36 70 80 30 67 77 111 95 40 92 48 78 99 51 76 98 85 102 49 79 109 82 118 112 81 88 117 62 96 73 91 97 86 90 104 101 114 106 115 116 120 113 119 121 0 0 0 0 0 0 0 0 0 0 0 0 0 0 0 0 0 0 0 0 0 0 0 0 0 0 0 0 0 0 0 0 0 0 0 0 0 0 0 0 0 0 0 0 1 0 0 0 0 0 0 0 0 0 0 0 0 0 0 0 0 0 0 0 0 0 0 0 1 0 0 0 0 0 0 0 0 0 0 0 0 1 0 0 0 1 1 0 0 0 0 0 1 0 0 0 0 0 0 0 0 0 0 0 0 0 0 0 0 0 0 1 0 0 0 0 0 0 1 0 0 0
0 3 2 12 7 22 1 11 34 4 28 9 16 14 26 13 29 5 25 64 6 37 46 50 52 31 20 10 19 23 24 17 8 33 57 59 60 30 54 61 95 100 15 71 110 63 45 84 65 32 38 75 53 21 67 27 18 66 43 96 55 39 69 58 68 40 79 36 82 56 72 41 92 88 74 78 83 47 94 77 105 87 89 93 81 98 35 44 99 108 117 107 42 70 118 111 76 48 49 80 102 51 62 109 112 85 103 73 90 101 91 86 104 97 113 114 106 119 115 116 120 121 0 0 0 0 0 0 0 0 0 0 0 0 0 0 0 0 0 0 0 0 0 0 0 0 0 0 0 0 0 0 0 0 0 0 0 0 0 0 0 0 1 0 0 1 0 0 0 0 0 0 1 0 0 0 0 0 1 0 0 0 0 0 0 0 0 0 0 0 0 0 0 0 0 0 0 0 0 0 0 0 0 0 0 0 0 1 0 1 0 0 0 0 0 0 0 0 0 0 0 0 0 0 0 0 0 0 0 0 0 0 0 0 0 0 0 0 0 0 0 0 0 0
0 3 7 1 11 2 22 4 14 5 12 6 29 37 8 43 15 9 59 20 10 38 19 45 71 21 46 28 52 26 56 25 13 41 68 74 64 33 16 27 30 18 17 69 95 34 65 53 31 96 32 94 55 23 24 100 103 83 57 54 87 47 36 84 61 75 39 98 58 60 50 77 79 67 72 111 88 92 89 99 107 44 35 66 63 110 105 70 82 108 42 40 80 93 48 78 49 51 62 73 81 90 101 97 76 117 102 106 85 91 115 109 112 118 113 86 104 114 119 116 120 121 0 0 0 0 0 0 0 0 0 0 0 0 0 0 0 0 0 0 0 0 0 0 0 0 0 0 0 0 0 0 0 0 0 0 0 0 0 0 0 0 0 0 0 0 0 0 0 0 0 0 0 0 0 0 0 0 0 0 0 0 0 0 0 0 0 0 0 0 0 0 1 0 0 0 0 0 0 0 0 0 0 0 0 0 0 0 0 0 0 0 1 0 0 0 0 0 0 0 1 0 1 0 0 0 0 0 0 1 0 0 0 0 0 1 0 0 0 0 0 0 0 0
0 3 2 12 7 22 1 11 34 4 28 9 16 14 26 13 29 5 25 64 6 37 46 50 52 31 20 10 19 23 24 17 8 33 57 59 60 30 54 61 95 100 15 71 110 63 45 84 65 32 38 75 53 21 67 27 18 66 43 96 55 39 69 58 68 40 79 36 82 56 72 41 92 88 74 78 83 47 94 77 105 87 89 93 81 98 35 44 99 108 117 107 42 70 118 111 76 48 49 80 102 51 62 109 112 85 103 73 90 101 91 86 104 97 113 114 106 119 115 116 120 121 0 0 0 0 0 0 0 0 0 0 0 0 0 0 0 0 0 0 0 0 0 0 0 0 0 0 0 0 0 0 0 0 0 0 0 0 0 0 0 0 1 0 0 1 0 0 0 0 0 0 1 0 0 0 0 0 1 0 0 0 0 0 0 0 0 0 0 0 0 0 0 0 0 0 0 0 0 0 0 0 0 0 0 0 0 1 0 1 0 0 0 0 0 0 0 0 0 0 0 0 0 0 0 0 0 0 0 0 0 0 0 0 0 0 0 0 0 0 0 0 0 0
0 3 7 1 11 2 22 4 14 5 12 6 29 37 8 43 15 9 59 20 10 38 19 45 71 21 46 28 52 26 56 25 13 41 68 74 64 33 16 27 30 18 17 69 95 34 65 53 31 96 32 94 55 23 24 100 103 83 57 54 87 47 36 84 61 75 39 98 58 60 50 77 79 67 72 111 88 92 89 99 107 44 35 66 63 110 105 70 82 108 42 40 80 93 48 78 49 51 62 73 81 90 101 97 76 117 102 106 85 91 115 109 112 118 113 86 104 114 119 116 120 121 0 0 0 0 0 0 0 0 0 0 0 0 0 0 0 0 0 0 0 0 0 0 0 0 0 0 0 0 0 0 0 0 0 0 0 0 0 0 0 0 0 0 0 0 0 0 0 0 0 0 0 0 0 0 0 0 0 0 0 0 0 0 0 0 0 0 0 0 0 0 1 0 0 0 0 0 0 0 0 0 0 0 0 0 0 0 0 0 0 0 1 0 0 0 0 0 0 0 1 0 1 0 0 0 0 0 0 1 0 0 0 0 0 1 0 0 0 0 0 0 0 0
0 3 7 1 11 2 22 4 14 5 12 6 29 37 8 43 15 9 59 20 10 38 19 45 71 21 46 28 52 26 56 25 13 41 68 74 64 33 16 27 30 18 17 69 95 34 65 53 31 96 32 94 55 23 24 100 103 83 57 54 87 47 36 84 61 75 39 98 58 60 50 77 79 67 72 111 88 92 89 99 107 44 35 66 63 110 105 70 82 108 42 40 80 93 48 78 49 51 62 73 81 90 101 97 76 117 102 106 85 91 115 109 112 118 113 86 104 114 119 116 120 121 0 0 0 0 0 0 0 0 0 0 0 0 0 0 0 0 0 0 0 0 0 0 0 0 0 0 0 0 0 0 0 0 0 0 0 0 0 0 0 0 0 0 0 0 0 0 0 0 0 0 0 0 0 0 0 0 0 0 0 0 0 0 0 0 0 0 0 0 0 0 1 0 0 0 0 0 0 0 0 0 0 0 0 0 0 0 0 0 0 0 1 0 0 0 0 0 0 0 1 0 1 0 0 0 0 0 0 1 0 0 0 0 0 1 0 0 0 0 0 0 0 0
0 3 7 1 11 2 22 4 14 5 12 6 29 37 8 43 15 9 59 20 10 38 19 45 71 21 46 28 52 26 56 25 13 41 68 74 64 33 16 27 30 18 17 69 95 34 65 53 31 96 32 94 55 23 24 100 103 83 57 54 87 47 36 84 61 75 39 98 58 60 50 77 79 67 72 111 88 92 89 99 107 44 35 66 63 110 105 70 82 108 42 40 80 93 48 78 49 51 62 73 81 90 101 97 76 117 102 106 85 91 115 109 112 118 113 86 104 114 119 116 120 121 0 0 0 0 0 0 0 0 0 0 0 0 0 0 0 0 0 0 0 0 0 0 0 0 0 0 0 0 0 0 0 0 0 0 0 0 0 0 0 0 0 0 0 0 0 0 0 0 0 0 0 0 0 0 0 0 0 0 0 0 0 0 0 0 0 0 0 0 0 0 1 0 0 0 0 0 0 0 0 0 0 0 0 0 0 0 0 0 0 0 1 0 0 0 0 0 0 0 1 0 1 0 0 0 0 0 0 1 0 0 0 0 0 1 0 0 0 0 0 0 0 0
0 3 7 1 11 2 22 4 14 5 12 6 29 37 8 43 15 9 59 20 10 38 19 45 71 21 46 28 52 26 56 25 13 41 68 74 64 33 16 27 30 18 17 69 95 34 65 53 31 96 32 94 55 23 24 100 103 83 57 54 87 47 36 84 61 75 39 98 58 60 50 77 79 67 72 111 88 92 89 99 107 44 35 66 63 110 105 70 82 108 42 40 80 93 48 78 49 51 62 73 81 90 101 97 76 117 102 106 85 91 115 109 112 118 113 86 104 114 119 116 120 121 0 0 0 0 0 0 0 0 0 0 0 0 0 0 0 0 0 0 0 0 0 0 0 0 0 0 0 0 0 0 0 0 0 0 0 0 0 0 0 0 0 0 0 0 0 0 0 0 0 0 0 0 0 0 0 0 0 0 0 0 0 0 0 0 0 0 0 0 0 0 1 0 0 0 0 0 0 0 0 0 0 0 0 0 0 0 0 0 0 0 1 0 0 0 0 0 0 0 1 0 1 0 0 0 0 0 0 1 0 0 0 0 0 1 0 0 0 0 0 0 0 0
0 1 3 64 2 4 9 11 16 7 22 34 5 50 28 19 63 8 13 23 18 31 52 6 75 82 59 12 26 43 24 10 100 84 20 107 25 14 38 17 33 72 54 60 29 32 67 44 45 53 47 65 56 61 69 70 39 68 66 15 80 103 92 110 21 40 77 55 105 37 94 78 35 93 58 71 79 42 81 76 87 41 74 89 46 117 48 27 30 96 49 36 88 99 85 109 112 51 108 111 118 57 91 62 73 83 90 95 98 102 101 106 115 116 120 86 97 113 104 114 119 121 0 0 0 0 0 0 0 0 0 0 0 0 0 0 0 0 0 0 0 0 0 0 0 0 0 0 0 0 0 0 1 0 0 0 0 0 0 0 0 0 1 0 0 0 0 0 0 0 0 0 0 0 0 0 0 0 0 0 0 0 0 0 0 0 0 0 0 0 0 0 0 0 0 0 1 0 0 0 0 0 0 1 0 0 0 0 0 1 1 0 0 0 1 0 0 0 0 0 0 0 0 0 0 0 0 0 0 0 0 0 0 1 0 1 1 0 0 0 0 0 0 0
0 1 3 64 2 4 9 11 16 7 22 34 5 50 28 19 63 8 13 23 18 31 52 6 75 82 59 12 26 43 24 10 100 84 20 107 25 14 38 17 33 72 54 60 29 32 67 44 45 53 47 65 56 61 69 70 39 68 66 15 80 103 92 110 21 40 77 55 105 37 94 78 35 93 58 71 79 42 81 76 87 41 74 89 46 117 48 27 30 96 49 36 88 99 85 109 112 51 108 111 118 57 91 62 73 83 90 95 98 102 101 106 115 116 120 86 97 113 104 114 119 121 0 0 0 0 0 0 0 0 0 0 0 0 0 0 0 0 0 0 0 0 0 0 0 0 0 0 0 0 0 0 1 0 0 0 0 0 0 0 0 0 1 0 0 0 0 0 0 0 0 0 0 0 0 0 0 0 0 0 0 0 0 0 0 0 0 0 0 0 0 0 0 0 0 0 1 0 0 0 0 0 0 1 0 0 0 0 0 1 1 0 0 0 1 0 0 0 0 0 0 0 0 0 0 0 0 0 0 0 0 0 0 1 0 1 1 0 0 0 0 0 0 0
0 3 7 12 14 1 22 28 64 21 38 26 29 34 8 2 5 59 41 43 74 96 9 11 30 52 39 53 13 31 37 6 16 10 87 17 33 20 45 60 68 4 54 32 19 71 15 27 46 47 18 50 95 61 63 67 23 56 75 77 25 111 83 66 40 24 65 82 105 55 92 72 103 84 107 108 58 69 100 35 36 42 98 89 110 79 78 44 88 70 57 80 93 48 99 49 81 94 51 109 76 117 62 102 73 97 113 85 90 101 86 112 91 118 106 115 104 116 120 114 119 121 0 0 0 0 0 0 0 0 0 0 0 0 0 0 0 0 0 0 0 0 0 0 0 0 0 0 0 0 0 0 0 0 0 0 1 0 0 0 0 0 1 0 0 0 0 0 0 0 0 0 1 0 0 0 0 1 0 0 0 0 1 0 0 0 0 0 0 0 0 0 0 0 0 0 0 0 0 0 0 1 0 0 0 0 0 0 0 0 0 0 0 0 0 1 0 0 0 0 0 1 0 0 0 0 0 0 0 0 0 0 0 0 0 0 0 0 1 1 0 0 0 0
0 3 7 12 14 1 22 28 64 21 38 26 29 34 8 2 5 59 41 43 74 96 9 11 30 52 39 53 13 31 37 6 16 10 87 17 33 20 45 60 68 4 54 32 19 71 15 27 46 47 18 50 95 61 63 67 23 56 75 77 25 111 83 66 40 24 65 82 105 55 92 72 103 84 107 108 58 69 100 35 36 42 98 89 110 79 78 44 88 70 57 80 93 48 99 49 81 94 51 109 76 117 62 102 73 97 113 85 90 101 86 112 91 118 106 115 104 116 120 114 119 121 0 0 0 0 0 0 0 0 0 0 0 0 0 0 0 0 0 0 0 0 0 0 0 0 0 0 0 0 0 0 0 0 0 0 1 0 0 0 0 0 1 0 0 0 0 0 0 0 0 0 1 0 0 0 0 1 0 0 0 0 1 0 0 0 0 0 0 0 0 0 0 0 0 0 0 0 0 0 0 1 0 0 0 0 0 0 0 0 0 0 0 0 0 1 0 0 0 0 0 1 0 0 0 0 0 0 0 0 0 0 0 0 0 0 0 0 1 1 0 0 0 0
0 3 7 12 14 1 22 28 64 21 38 26 29 34 8 2 5 59 41 43 74 96 9 11 30 52 39 53 13 31 37 6 16 10 87 17 33 20 45 60 68 4 54 32 19 71 15 27 46 47 18 50 95 61 63 67 23 56 75 77 25 111 83 66 40 24 65 82 105 55 92 72 103 84 107 108 58 69 100 35 36 42 98 89 110 79 78 44 88 70 57 80 93 48 99 49 81 94 51 109 76 117 62 102 73 97 113 85 90 101 86 112 91 118 106 115 104 116 120 114 119 121 0 0 0 0 0 0 0 0 0 0 0 0 0 0 0 0 0 0 0 0 0 0 0 0 0 0 0 0 0 0 0 0 0 0 1 0 0 0 0 0 1 0 0 0 0 0 0 0 0 0 1 0 0 0 0 1 0 0 0 0 1 0 0 0 0 0 0 0 0 0 0 0 0 0 0 0 0 0 0 1 0 0 0 0 0 0 0 0 0 0 0 0 0 1 0 0 0 0 0 1 0 0 0 0 0 0 0 0 0 0 0 0 0 0 0 0 1 1 0 0 0 0
0 3 7 12 14 1 22 28 64 21 38 26 29 34 8 2 5 59 41 43 74 96 9 11 30 52 39 53 13 31 37 6 16 10 87 17 33 20 45 60 68 4 54 32 19 71 15 27 46 47 18 50 95 61 63 67 23 56 75 77 25 111 83 66 40 24 65 82 105 55 92 72 103 84 107 108 58 69 100 35 36 42 98 89 110 79 78 44 88 70 57 80 93 48 99 49 81 94 51 109 76 117 62 102 73 97 113 85 90 101 86 112 91 118 106 115 104 116 120 114 119 121 0 0 0 0 0 0 0 0 0 0 0 0 0 0 0 0 0 0 0 0 0 0 0 0 0 0 0 0 0 0 0 0 0 0 1 0 0 0 0 0 1 0 0 0 0 0 0 0 0 0 1 0 0 0 0 1 0 0 0 0 1 0 0 0 0 0 0 0 0 0 0 0 0 0 0 0 0 0 0 1 0 0 0 0 0 0 0 0 0 0 0 0 0 1 0 0 0 0 0 1 0 0 0 0 0 0 0 0 0 0 0 0 0 0 0 0 1 1 0 0 0 0
0 2 1 64 3 11 4 8 19 16 9 25 5 50 15 18 75 82 52 37 71 13 31 65 12 46 6 23 43 27 10 20 105 7 24 14 84 68 22 26 45 103 107 28 34 100 47 33 77 29 30 95 59 63 41 74 54 61 69 66 36 21 94 38 57 83 98 108 56 17 53 39 32 55 58 111 87 96 89 60 35 44 72 67 93 40 70 79 80 92 110 117 78 99 42 76 48 85 51 81 91 62 73 86 88 102 104 90 49 114 97 101 106 109 113 118 119 115 112 116 120 121 0 0 0 0 1 0 0 0 0 0 0 0 0 0 0 0 0 0 0 0 0 0 0 0 0 1 0 0 0 0 0 1 0 0 0 0 0 0 0 1 0 0 0 1 0 0 0 0 0 0 0 0 0 0 0 0 0 0 0 0 1 0 0 0 0 0 1 0 0 0 0 0 0 0 0 0 0 0 0 0 0 0 0 0 0 0 0 0 1 0 0 0 0 0 0 0 0 1 0 0 0 0 0 0 0 0 0 0 0 1 0 0 1 0 0 0 0 0 0 0 0 0
0 2 1 64 3 11 4 8 19 16 9 25 5 50 15 18 75 82 52 37 71 13 31 65 12 46 6 23 43 27 10 20 105 7 24 14 84 68 22 26 45 103 107 28 34 100 47 33 77 29 30 95 59 63 41 74 54 61 69 66 36 21 94 38 57 83 98 108 56 17 53 39 32 55 58 111 87 96 89 60 35 44 72 67 93 40 70 79 80 92 110 117 78 99 42 76 48 85 51 81 91 62 73 86 88 102 104 90 49 114 97 101 106 109 113 118 119 115 112 116 120 121 0 0 0 0 1 0 0 0 0 0 0 0 0 0 0 0 0 0 0 0 0 0 0 0 0 1 0 0 0 0 0 1 0 0 0 0 0 0 0 1 0 0 0 1 0 0 0 0 0 0 0 0 0 0 0 0 0 0 0 0 1 0 0 0 0 0 1 0 0 0 0 0 0 0 0 0 0 0 0 0 0 0 0 0 0 0 0 0 1 0 0 0 0 0 0 0 0 1 0 0 0 0 0 0 0 0 0 0 0 1 0 0 1 0 0 0 0 0 0 0 0 0
0 3 8 12 2 43 5 15 4 7 37 71 1 20 11 59 9 14 6 38 46 21 22 13 39 52 19 53 55 87 45 58 29 10 64 28 83 41 30 25 68 79 69 16 17 27 23 24 18 94 65 34 31 26 47 88 75 36 32 72 96 95 82 89 35 42 33 54 63 105 61 56 44 60 108 100 70 103 77 110 74 50 111 40 67 57 80 66 98 84 92 107 99 78 76 48 49 85 93 117 109 51 62 73 97 90 102 118 86 91 112 104 81 114 101 113 106 115 116 119 120 121 0 0 0 0 0 0 0 0 0 0 0 0 0 0 0 0 0 0 0 0 0 0 0 0 0 0 0 0 0 0 0 0 0 1 0 0 1 0 0 0 0 0 0 0 0 0 0 0 0 0 0 0 0 0 0 0 0 0 0 0 0 0 0 0 0 1 0 0 0 0 0 0 0 0 0 0 0 0 0 0 0 1 0 0 0 0 0 0 0 0 0 0 0 0 0 0 0 0 0 0 0 0 0 0 0 0 0 0 0 0 0 0 0 0 0 0 0 0 0 0 1 0
0 3 8 12 2 43 5 15 4 7 37 71 1 20 11 59 9 14 6 38 46 21 22 13 39 52 19 53 55 87 45 58 29 10 64 28 83 41 30 25 68 79 69 16 17 27 23 24 18 94 65 34 31 26 47 88 75 36 32 72 96 95 82 89 35 42 33 54 63 105 61 56 44 60 108 100 70 103 77 110 74 50 111 40 67 57 80 66 98 84 92 107 99 78 76 48 49 85 93 117 109 51 62 73 97 90 102 118 86 91 112 104 81 114 101 113 106 115 116 119 120 121 0 0 0 0 0 0 0 0 0 0 0 0 0 0 0 0 0 0 0 0 0 0 0 0 0 0 0 0 0 0 0 0 0 1 0 0 1 0 0 0 0 0 0 0 0 0 0 0 0 0 0 0 0 0 0 0 0 0 0 0 0 0 0 0 0 1 0 0 0 0 0 0 0 0 0 0 0 0 0 0 0 1 0 0 0 0 0 0 0 0 0 0 0 0 0 0 0 0 0 0 0 0 0 0 0 0 0 0 0 0 0 0 0 0 0 0 0 0 0 0 1 0
0 3 8 12 2 43 5 15 4 7 37 71 1 20 11 59 9 14 6 38 46 21 22 13 39 52 19 53 55 87 45 58 29 10 64 28 83 41 30 25 68 79 69 16 17 27 23 24 18 94 65 34 31 26 47 88 75 36 32 72 96 95 82 89 35 42 33 54 63 105 61 56 44 60 108 100 70 103 77 110 74 50 111 40 67 57 80 66 98 84 92 107 99 78 76 48 49 85 93 117 109 51 62 73 97 90 102 118 86 91 112 104 81 114 101 113 106 115 116 119 120 121 0 0 0 0 0 0 0 0 0 0 0 0 0 0 0 0 0 0 0 0 0 0 0 0 0 0 0 0 0 0 0 0 0 1 0 0 1 0 0 0 0 0 0 0 0 0 0 0 0 0 0 0 0 0 0 0 0 0 0 0 0 0 0 0 0 1 0 0 0 0 0 0 0 0 0 0 0 0 0 0 0 1 0 0 0 0 0 0 0 0 0 0 0 0 0 0 0 0 0 0 0 0 0 0 0 0 0 0 0 0 0 0 0 0 0 0 0 0 0 0 1 0
0 2 5 4 25 1 6 9 20 11 16 68 50 13 65 18 19 10 45 33 82 54 103 31 3 37 52 8 56 7 71 17 83 23 61 15 64 27 14 29 38 75 41 72 21 69 22 53 60 26 55 34 66 28 30 87 89 39 63 95 58 79 88 74 12 93 24 84 96 100 36 46 57 107 78 32 59 44 94 105 70 35 67 47 92 77 42 108 48 76 98 49 43 110 80 111 85 51 117 62 81 102 73 40 90 101 109 97 112 86 99 91 113 118 104 106 115 116 120 114 119 121 0 0 0 0 0 0 0 0 0 0 0 0 0 0 0 0 0 0 0 0 0 0 0 0 0 0 0 0 0 0 0 0 0 0 0 0 0 0 0 0 1 0 0 0 0 0 0 0 0 0 0 0 0 0 0 0 0 0 0 0 0 0 0 0 0 0 1 0 0 0 0 0 0 0 1 0 0 0 0 0 0 0 0 0 1 0 0 0 0 0 1 0 0 0 0 0 0 1 0 0 0 0 1 0 0 0 0 0 0 0 1 0 0 1 0 0 0 0 0 0 1 0
0 1 2 4 3 8 5 15 11 9 12 64 25 7 37 19 43 71 27 75 22 13 14 26 20 33 31 34 38 45 39 6 69 63 46 94 56 29 21 68 103 59 83 16 54 65 105 55 41 57 58 108 50 23 61 47 66 28 18 30 10 77 36 96 82 17 74 95 24 98 111 79 84 107 100 52 60 67 53 32 87 110 35 40 92 42 76 44 70 80 89 48 51 88 102 72 78 81 93 62 49 109 73 86 97 113 99 90 85 104 118 117 114 101 91 119 112 106 115 116 120 121 0 0 0 0 0 0 0 0 0 0 0 0 1 0 0 0 0 0 0 0 0 0 0 1 0 0 0 0 0 0 0 0 0 0 0 0 0 0 0 0 0 0 0 0 0 0 0 0 0 0 0 0 0 0 0 0 0 0 0 0 0 0 0 0 0 0 0 0 0 0 0 0 0 0 0 0 0 0 0 0 0 0 0 0 0 0 0 0 0 0 0 0 0 0 0 0 0 0 0 0 0 0 0 0 0 0 0 0 0 1 0 0 0 0 0 0 0 0 0 0 0 0
0 1 2 4 3 8 5 15 11 9 12 64 25 7 37 19 43 71 27 75 22 13 14 26 20 33 31 34 38 45 39 6 69 63 46 94 56 29 21 68 103 59 83 16 54 65 105 55 41 57 58 108 50 23 61 47 66 28 18 30 10 77 36 96 82 17 74 95 24 98 111 79 84 107 100 52 60 67 53 32 87 110 35 40 92 42 76 44 70 80 89 48 51 88 102 72 78 81 93 62 49 109 73 86 97 113 99 90 85 104 118 117 114 101 91 119 112 106 115 116 120 121 0 0 0 0 0 0 0 0 0 0 0 0 1 0 0 0 0 0 0 0 0 0 0 1 0 0 0 0 0 0 0 0 0 0 0 0 0 0 0 0 0 0 0 0 0 0 0 0 0 0 0 0 0 0 0 0 0 0 0 0 0 0 0 0 0 0 0 0 0 0 0 0 0 0 0 0 0 0 0 0 0 0 0 0 0 0 0 0 0 0 0 0 0 0 0 0 0 0 0 0 0 0 0 0 0 0 0 0 0 1 0 0 0 0 0 0 0 0 0 0 0 0
0 2 5 4 25 1 6 9 20 11 16 68 50 13 65 18 19 10 45 33 82 54 103 31 3 37 52 8 56 7 71 17 83 23 61 15 64 27 14 29 38 75 41 72 21 69 22 53 60 26 55 34 66 28 30 87 89 39 63 95 58 79 88 74 12 93 24 84 96 100 36 46 57 107 78 32 59 44 94 105 70 35 67 47 92 77 42 108 48 76 98 49 43 110 80 111 85 51 117 62 81 102 73 40 90 101 109 97 112 86 99 91 113 118 104 106 115 116 120 114 119 121 0 0 0 0 0 0 0 0 0 0 0 0 0 0 0 0 0 0 0 0 0 0 0 0 0 0 0 0 0 0 0 0 0 0 0 0 0 0 0 0 1 0 0 0 0 0 0 0 0 0 0 0 0 0 0 0 0 0 0 0 0 0 0 0 0 0 1 0 0 0 0 0 0 0 1 0 0 0 0 0 0 0 0 0 1 0 0 0 0 0 1 0 0 0 0 0 0 1 0 0 0 0 1 0 0 0 0 0 0 0 1 0 0 1 0 0 0 0 0 0 1 0
0 2 5 4 25 1 6 9 20 11 16 68 50 13 65 18 19 10 45 33 82 54 103 31 3 37 52 8 56 7 71 17 83 23 61 15 64 27 14 29 38 75 41 72 21 69 22 53 60 26 55 34 66 28 30 87 89 39 63 95 58 79 88 74 12 93 24 84 96 100 36 46 57 107 78 32 59 44 94 105 70 35 67 47 92 77 42 108 48 76 98 49 43 110 80 111 85 51 117 62 81 102 73 40 90 101 109 97 112 86 99 91 113 118 104 106 115 116 120 114 119 121 0 0 0 0 0 0 0 0 0 0 0 0 0 0 0 0 0 0 0 0 0 0 0 0 0 0 0 0 0 0 0 0 0 0 0 0 0 0 0 0 1 0 0 0 0 0 0 0 0 0 0 0 0 0 0 0 0 0 0 0 0 0 0 0 0 0 1 0 0 0 0 0 0 0 1 0 0 0 0 0 0 0 0 0 1 0 0 0 0 0 1 0 0 0 0 0 0 1 0 0 0 0 1 0 0 0 0 0 0 0 1 0 0 1 0 0 0 0 0 0 1 0
0 1 2 3 7 8 4 5 14 59 11 6 20 37 13 16 29 31 33 46 10 45 9 56 18 17 25 64 71 23 22 52 26 34 12 83 38 41 53 19 15 87 75 43 69 60 28 68 27 89 36 94 74 30 95 24 72 98 84 47 57 50 67 92 54 63 103 21 39 100 32 40 44 99 110 96 61 70 82 35 80 77 42 65 48 93 49 51 55 62 76 85 58 91 73 79 97 107 109 105 90 111 86 117 102 66 108 78 81 101 112 113 88 106 115 116 104 114 120 119 118 121 0 0 0 0 0 0 0 0 0 0 0 0 0 0 0 0 0 0 0 0 0 1 0 0 0 0 0 0 0 0 0 0 0 0 0 0 0 0 0 1 1 0 0 0 1 0 0 0 0 0 0 0 0 0 1 0 0 0 0 0 0 0 0 0 0 0 0 0 0 0 0 0 0 0 0 0 0 1 0 0 1 1 0 0 0 0 0 0 0 0 0 0 0 0 0 0 0 1 0 0 0 0 1 0 0 0 0 0 1 0 0 1 0 1 1 0 0 0 0 0 0 0
0 1 2 3 7 8 4 5 14 59 11 6 20 37 13 16 29 31 33 46 10 45 9 56 18 17 25 64 71 23 22 52 26 34 12 83 38 41 53 19 15 87 75 43 69 60 28 68 27 89 36 94 74 30 95 24 72 98 84 47 57 50 67 92 54 63 103 21 39 100 32 40 44 99 110 96 61 70 82 35 80 77 42 65 48 93 49 51 55 62 76 85 58 91 73 79 97 107 109 105 90 111 86 117 102 66 108 78 81 101 112 113 88 106 115 116 104 114 120 119 118 121 0 0 0 0 0 0 0 0 0 0 0 0 0 0 0 0 0 0 0 0 0 1 0 0 0 0 0 0 0 0 0 0 0 0 0 0 0 0 0 1 1 0 0 0 1 0 0 0 0 0 0 0 0 0 1 0 0 0 0 0 0 0 0 0 0 0 0 0 0 0 0 0 0 0 0 0 0 1 0 0 1 1 0 0 0 0 0 0 0 0 0 0 0 0 0 0 0 1 0 0 0 0 1 0 0 0 0 0 1 0 0 1 0 1 1 0 0 0 0 0 0 0
0 1 2 3 12 7 4 22 11 43 5 8 13 26 6 31 65 9 59 33 15 54 20 25 52 68 27 28 30 37 45 71 83 16 19 18 10 14 61 82 46 34 75 50 57 38 53 29 36 23 41 39 87 21 47 77 55 89 58 105 17 32 40 95 63 60 56 64 96 69 94 72 103 67 44 93 117 98 66 24 74 35 79 100 92 111 88 99 108 84 107 78 110 42 48 76 70 85 81 118 80 102 49 91 51 109 62 112 73 90 101 86 106 97 115 113 104 114 116 119 120 121 0 0 0 0 0 0 0 0 0 0 0 0 0 0 0 0 0 0 0 0 0 0 0 0 0 0 0 0 0 0 0 0 0 0 0 0 0 0 0 0 0 0 0 0 0 0 0 0 0 0 1 1 0 0 0 0 0 0 0 1 0 0 0 0 0 0 0 0 0 0 0 0 0 0 0 0 0 0 0 0 0 0 0 0 0 0 0 0 0 0 0 0 0 0 0 0 0 0 0 0 0 0 0 0 0 0 0 0 0 0 0 0 0 0 1 0 0 0 0 0 0 0
0 3 2 1 12 7 22 28 64 5 20 6 4 11 9 16 14 19 38 23 21 59 55 26 8 52 30 68 45 69 96 25 24 75 15 37 13 34 84 39 53 95 29 58 98 79 87 71 63 94 27 89 10 88 50 41 83 103 65 105 43 17 32 33 100 56 40 18 35 44 70 82 31 46 72 36 54 74 47 77 61 60 111 67 108 92 99 42 76 93 117 66 85 91 48 49 107 57 109 110 118 80 78 112 81 102 51 62 73 86 90 97 113 104 114 101 106 115 119 116 120 121 0 0 0 0 0 0 0 0 0 0 0 0 0 0 0 0 0 0 0 0 0 0 0 0 0 0 0 0 0 1 0 0 0 0 0 0 0 0 0 0 0 0 0 0 0 0 1 0 0 0 0 1 0 0 0 0 0 1 0 0 0 0 0 0 0 0 0 0 0 0 0 0 0 0 0 0 0 0 0 0 0 0 0 0 0 0 0 0 0 0 0 1 0 0 0 0 0 0 0 0 0 0 0 0 0 0 0 0 0 0 1 0 0 0 0 0 0 0 0 0 0 0
0 3 2 1 12 7 22 28 64 5 20 6 4 11 9 16 14 19 38 23 21 59 55 26 8 52 30 68 45 69 96 25 24 75 15 37 13 34 84 39 53 95 29 58 98 79 87 71 63 94 27 89 10 88 50 41 83 103 65 105 43 17 32 33 100 56 40 18 35 44 70 82 31 46 72 36 54 74 47 77 61 60 111 67 108 92 99 42 76 93 117 66 85 91 48 49 107 57 109 110 118 80 78 112 81 102 51 62 73 86 90 97 113 104 114 101 106 115 119 116 120 121 0 0 0 0 0 0 0 0 0 0 0 0 0 0 0 0 0 0 0 0 0 0 0 0 0 0 0 0 0 1 0 0 0 0 0 0 0 0 0 0 0 0 0 0 0 0 1 0 0 0 0 1 0 0 0 0 0 1 0 0 0 0 0 0 0 0 0 0 0 0 0 0 0 0 0 0 0 0 0 0 0 0 0 0 0 0 0 0 0 0 0 1 0 0 0 0 0 0 0 0 0 0 0 0 0 0 0 0 0 0 1 0 0 0 0 0 0 0 0 0 0 0
0 1 2 3 12 7 4 22 11 43 5 8 13 26 6 31 65 9 59 33 15 54 20 25 52 68 27 28 30 37 45 71 83 16 19 18 10 14 61 82 46 34 75 50 57 38 53 29 36 23 41 39 87 21 47 77 55 89 58 105 17 32 40 95 63 60 56 64 96 69 94 72 103 67 44 93 117 98 66 24 74 35 79 100 92 111 88 99 108 84 107 78 110 42 48 76 70 85 81 118 80 102 49 91 51 109 62 112 73 90 101 86 106 97 115 113 104 114 116 119 120 121 0 0 0 0 0 0 0 0 0 0 0 0 0 0 0 0 0 0 0 0 0 0 0 0 0 0 0 0 0 0 0 0 0 0 0 0 0 0 0 0 0 0 0 0 0 0 0 0 0 0 1 1 0 0 0 0 0 0 0 1 0 0 0 0 0 0 0 0 0 0 0 0 0 0 0 0 0 0 0 0 0 0 0 0 0 0 0 0 0 0 0 0 0 0 0 0 0 0 0 0 0 0 0 0 0 0 0 0 0 0 0 0 0 0 1 0 0 0 0 0 0 0
