0 1 2 3 7 12 4 5 14 59 11 6 8 20 37 13 16 25 15 29 31 45 9 10 68 18 41 56 46 17 23 38 19 22 65 24 28 82 32 43 60 27 33 26 30 67 57 72 21 35 40 50 100 39 44 54 61 70 42 52 66 71 75 48 55 95 64 34 63 83 36 74 103 53 105 108 96 87 58 69 80 84 79 88 93 98 94 107 110 102 49 51 78 62 109 81 73 86 76 90 85 47 101 89 77 117 104 97 91 92 112 111 106 114 115 116 99 113 119 120 118 121 0 0 0 0 0 0 0 0 0 0 0 0 0 0 0 0 0 0 0 0 0 0 0 0 0 0 0 0 0 0 0 0 0 0 0 0 0 0 0 0 0 0 0 0 0 0 0 0 0 0 0 0 0 0 0 0 0 0 0 0 0 0 0 0 0 0 0 0 0 0 0 0 0 0 0 0 0 0 0 0 0 0 0 0 0 0 0 0 0 0 0 0 0 0 0 0 0 0 0 0 0 0 0 0 0 0 0 0 0 0 0 0 0 0 0 0 0 0 0 0 0 0
0 2 4 5 20 68 103 9 52 3 45 1 12 6 8 56 10 25 11 69 7 43 14 13 21 17 60 22 65 55 31 33 59 58 67 105 29 72 93 28 26 79 88 41 64 34 47 96 16 38 30 74 53 63 23 18 87 37 89 82 15 50 46 32 77 19 27 54 75 95 44 24 94 40 57 100 92 117 71 36 35 108 39 42 83 76 70 110 84 80 48 51 99 98 102 111 61 49 118 109 107 62 66 78 85 112 91 81 73 86 104 97 113 114 119 90 101 106 115 116 120 121 0 0 0 0 0 0 0 0 0 0 0 0 0 0 0 0 0 0 0 0 0 0 0 0 0 0 0 0 0 0 0 0 0 0 0 0 0 0 0 0 0 0 0 0 0 0 0 0 0 0 0 0 0 0 0 0 0 0 0 0 0 0 0 0 0 0 0 0 0 0 0 0 0 0 0 0 0 0 0 0 0 0 0 0 0 0 0 0 0 0 0 0 0 0 0 0 0 0 0 0 0 0 0 0 0 0 0 0 0 0 0 0 0 0 0 0 0 0 0 0 0 0
0 2 1 64 4 9 52 11 13 33 54 65 19 16 75 50 23 25 5 61 18 6 37 71 66 10 24 31 84 100 82 46 17 3 60 83 57 20 67 68 110 92 8 105 72 78 45 12 107 7 22 59 69 14 26 21 29 55 43 15 96 27 28 34 32 63 93 38 36 35 40 41 44 30 94 56 74 58 70 39 95 80 53 103 98 102 87 79 47 77 88 108 42 111 76 48 51 85 62 89 91 99 73 97 86 90 81 117 49 109 112 101 118 113 106 104 115 114 116 120 119 121 0 0 0 0 0 0 0 0 0 0 0 0 0 0 0 0 0 0 0 0 0 0 0 0 0 0 0 0 0 0 0 0 0 0 0 0 0 0 0 0 0 0 0 0 0 0 0 0 0 0 0 0 0 0 0 0 0 0 0 0 0 0 0 0 0 0 0 0 0 0 0 0 0 0 0 0 0 0 0 0 0 0 0 0 0 0 0 0 0 0 0 0 0 0 0 0 0 0 0 0 0 0 0 0 0 0 0 0 0 0 0 0 0 0 0 0 0 0 0 0 0 0
0 1 64 2 3 8 5 37 9 12 15 6 10 7 43 4 25 11 46 20 13 71 65 52 83 45 105 33 59 14 29 54 19 56 38 69 17 21 41 39 94 32 53 16 74 44 18 22 28 35 30 70 82 87 75 95 34 31 63 60 27 68 23 36 103 96 40 47 50 26 55 61 24 66 77 98 84 100 58 111 57 108 107 79 67 80 42 102 89 76 110 85 48 49 92 99 72 88 91 93 117 78 81 109 51 112 62 118 73 86 97 90 101 104 106 115 116 120 113 114 119 121 0 0 0 0 0 0 0 0 0 0 0 0 0 0 0 0 0 0 0 0 0 0 0 0 0 0 0 0 0 0 0 0 0 0 0 0 0 0 0 0 0 0 0 0 0 0 0 0 0 0 0 0 0 0 0 0 0 0 0 0 0 0 0 0 0 0 0 0 0 0 0 0 0 0 0 0 0 0 0 0 0 0 0 0 0 0 0 0 0 0 0 0 0 0 0 0 0 0 0 0 0 0 0 0 0 0 0 0 0 0 0 0 0 0 0 0 0 0 0 0 0 0
0 1 2 11 13 19 31 64 33 65 9 3 8 12 75 5 6 10 54 15 52 17 4 25 43 60 20 67 61 7 92 68 14 29 38 59 39 22 21 45 26 27 41 72 37 56 71 103 36 74 83 53 28 16 32 44 55 58 87 89 105 23 99 18 30 34 96 79 69 93 35 47 46 77 95 70 98 63 88 111 57 80 42 40 108 76 85 24 48 84 49 50 51 102 100 94 109 110 118 107 91 62 73 86 90 104 82 114 97 66 117 113 78 119 112 81 101 106 115 116 120 121 0 0 0 0 0 0 0 0 0 0 0 0 0 0 0 0 0 0 0 0 0 0 0 0 0 0 0 0 0 0 0 0 0 0 0 0 0 0 0 0 0 0 0 0 0 0 0 0 0 0 0 0 0 0 0 0 0 0 0 0 0 0 0 0 0 0 0 0 0 0 0 0 0 0 0 0 0 0 0 0 0 0 0 0 0 0 0 0 0 0 0 0 0 0 0 0 0 0 0 0 0 0 0 0 0 0 0 0 0 0 0 0 0 0 0 0 0 0 0 0 0 0
0 3 8 1 12 64 43 7 14 15 21 22 26 55 28 58 34 2 27 63 29 96 5 38 11 6 9 19 37 10 13 71 65 16 52 4 30 79 18 36 88 53 46 95 50 41 74 57 31 47 39 75 33 77 83 54 25 20 68 17 87 23 72 61 98 59 45 24 100 93 56 82 111 105 60 110 103 108 67 84 66 92 32 78 35 89 42 99 81 44 70 118 48 76 85 80 40 91 107 49 102 51 62 73 90 109 86 69 104 101 114 106 97 94 115 113 112 117 119 116 120 121 0 0 0 0 0 0 0 0 0 0 0 0 0 0 0 0 0 0 0 0 0 0 0 0 0 0 0 0 0 0 0 0 0 0 0 0 0 0 0 0 0 0 0 0 0 0 0 0 0 0 0 0 0 0 0 0 0 0 0 0 0 0 0 0 0 0 0 0 0 0 0 0 0 0 0 0 0 0 0 0 0 0 0 0 0 0 0 0 0 0 0 0 0 0 0 0 0 0 0 0 0 0 0 0 0 0 0 0 0 0 0 0 0 0 0 0 0 0 0 0 0 0
0 1 64 2 3 8 5 37 9 12 15 6 10 7 43 4 25 11 46 20 13 71 65 52 83 45 105 33 59 14 29 54 19 56 38 69 17 21 41 39 94 32 53 16 74 44 18 22 28 35 30 70 82 87 75 95 34 31 63 60 27 68 23 36 103 96 40 47 50 26 55 61 24 66 77 98 84 100 58 111 57 108 107 79 67 80 42 102 89 76 110 85 48 49 92 99 72 88 91 93 117 78 81 109 51 112 62 118 73 86 97 90 101 104 106 115 116 120 113 114 119 121 0 0 0 0 0 0 0 0 0 0 0 0 0 0 0 0 0 0 0 0 0 0 0 0 0 0 0 0 0 0 0 0 0 0 0 0 0 0 0 0 0 0 0 0 0 0 0 0 0 0 0 0 0 0 0 0 0 0 0 0 0 0 0 0 0 0 0 0 0 0 0 0 0 0 0 0 0 0 0 0 0 0 0 0 0 0 0 0 0 0 0 0 0 0 0 0 0 0 0 0 0 0 0 0 0 0 0 0 0 0 0 0 0 0 0 0 0 0 0 0 0 0
0 2 1 64 4 9 52 11 13 33 54 65 19 16 75 50 23 25 5 61 18 6 37 71 66 10 24 31 84 100 82 46 17 3 60 83 57 20 67 68 110 92 8 105 72 78 45 12 107 7 22 59 69 14 26 21 29 55 43 15 96 27 28 34 32 63 93 38 36 35 40 41 44 30 94 56 74 58 70 39 95 80 53 103 98 102 87 79 47 77 88 108 42 111 76 48 51 85 62 89 91 99 73 97 86 90 81 117 49 109 112 101 118 113 106 104 115 114 116 120 119 121 0 0 0 0 0 0 0 0 0 0 0 0 0 0 0 0 0 0 0 0 0 0 0 0 0 0 0 0 0 0 0 0 0 0 0 0 0 0 0 0 0 0 0 0 0 0 0 0 0 0 0 0 0 0 0 0 0 0 0 0 0 0 0 0 0 0 0 0 0 0 0 0 0 0 0 0 0 0 0 0 0 0 0 0 0 0 0 0 0 0 0 0 0 0 0 0 0 0 0 0 0 0 0 0 0 0 0 0 0 0 0 0 0 0 0 0 0 0 0 0 0 0
0 1 2 3 7 12 4 5 14 59 11 6 8 20 37 13 16 25 15 29 31 45 9 10 68 18 41 56 46 17 23 38 19 22 65 24 28 82 32 43 60 27 33 26 30 67 57 72 21 35 40 50 100 39 44 54 61 70 42 52 66 71 75 48 55 95 64 34 63 83 36 74 103 53 105 108 96 87 58 69 80 84 79 88 93 98 94 107 110 102 49 51 78 62 109 81 73 86 76 90 85 47 101 89 77 117 104 97 91 92 112 111 106 114 115 116 99 113 119 120 118 121 0 0 0 0 0 0 0 0 0 0 0 0 0 0 0 0 0 0 0 0 0 0 0 0 0 0 0 0 0 0 0 0 0 0 0 0 0 0 0 0 0 0 0 0 0 0 0 0 0 0 0 0 0 0 0 0 0 0 0 0 0 0 0 0 0 0 0 0 0 0 0 0 0 0 0 0 0 0 0 0 0 0 0 0 0 0 0 0 0 0 0 0 0 0 0 0 0 0 0 0 0 0 0 0 0 0 0 0 0 0 0 0 0 0 0 0 0 0 0 0 0 0
0 1 3 7 59 8 15 12 14 29 43 2 5 4 38 27 6 36 22 25 64 28 10 37 30 39 17 26 72 9 71 52 95 83 46 21 98 32 34 35 53 60 93 44 41 20 63 45 55 69 40 11 13 68 87 70 56 33 103 89 16 54 61 67 80 18 74 96 94 23 19 82 75 102 117 24 31 92 100 47 50 58 65 66 42 84 78 57 48 105 76 107 49 110 85 108 79 77 91 109 81 88 51 99 111 118 112 62 73 86 90 104 97 113 101 106 115 114 116 119 120 121 0 0 0 0 0 0 0 0 0 0 0 0 0 0 0 0 0 0 0 0 0 0 0 0 0 0 0 0 0 0 0 0 0 0 0 0 0 0 0 0 0 0 0 0 0 0 0 0 0 0 0 0 0 0 0 0 0 0 0 0 0 0 0 0 0 0 0 0 0 0 0 0 0 0 0 0 0 0 0 0 0 0 0 0 0 0 0 0 0 0 0 0 0 0 0 0 0 0 0 0 0 0 0 0 0 0 0 0 0 0 0 0 0 0 0 0 0 0 0 0 0 0
0 3 7 14 2 59 8 15 21 1 9 22 64 34 5 6 4 55 11 16 37 63 26 46 10 20 13 58 12 28 50 96 17 33 65 68 79 30 95 29 71 23 98 24 60 103 43 54 32 40 84 61 41 66 45 69 56 44 83 100 70 31 27 35 42 80 74 107 110 102 48 25 38 72 94 19 76 18 39 52 82 49 67 78 85 51 62 91 92 109 112 81 75 36 93 105 73 97 90 101 113 117 53 57 86 47 104 87 89 77 108 114 99 88 111 119 118 106 115 116 120 121 0 0 0 0 0 0 0 0 0 0 0 0 0 0 0 0 0 0 0 0 0 0 0 0 0 0 0 0 0 0 0 0 0 0 0 0 0 0 0 0 0 0 0 0 0 0 0 0 0 0 0 0 0 0 0 0 0 0 0 0 0 0 0 0 0 0 0 0 0 0 0 0 0 0 0 0 0 0 0 0 0 0 0 0 0 0 0 0 0 0 0 0 0 0 0 0 0 0 0 0 0 0 0 0 0 0 0 0 0 0 0 0 0 0 0 0 0 0 0 0 0 0
0 3 12 8 15 7 59 43 27 2 22 28 14 1 11 29 19 5 38 64 75 13 34 41 6 65 36 26 16 74 30 10 39 63 20 50 105 31 37 23 17 60 72 4 67 71 33 68 32 95 98 92 35 83 9 103 25 46 42 54 44 18 70 21 80 93 45 48 108 51 96 61 47 49 66 62 24 52 76 69 55 53 109 102 82 85 84 40 58 78 100 79 112 91 107 77 56 111 87 88 94 73 97 90 113 57 89 81 117 86 99 110 101 106 104 115 116 118 114 119 120 121 0 0 0 0 0 0 0 0 0 0 0 0 0 0 0 0 0 0 0 0 0 0 0 0 0 0 0 0 0 0 0 0 0 0 0 0 0 0 0 0 0 0 0 0 0 0 0 0 0 0 0 0 0 0 0 0 0 0 0 0 0 0 0 0 0 0 0 0 0 0 0 0 0 0 0 0 0 0 0 0 0 0 0 0 0 0 0 0 0 0 0 0 0 0 0 0 0 0 0 0 0 0 0 0 0 0 0 0 0 0 0 0 0 0 0 0 0 0 0 0 0 0
0 3 1 8 2 15 64 9 27 4 5 6 10 52 37 20 7 59 22 12 28 43 11 19 68 30 17 95 75 32 13 16 103 50 40 26 14 21 18 44 72 96 25 35 46 98 60 34 63 45 23 82 93 70 65 105 57 38 80 29 108 41 24 74 100 56 33 69 36 31 55 94 110 54 102 58 67 61 42 84 47 79 66 71 77 78 76 111 107 92 81 39 83 48 51 88 117 62 85 49 73 86 91 104 114 97 90 113 101 53 87 106 115 109 112 116 120 89 99 118 119 121 0 0 0 0 0 0 0 0 0 0 0 0 0 0 0 0 0 0 0 0 0 0 0 0 0 0 0 0 0 0 0 0 0 0 0 0 0 0 0 0 0 0 0 0 0 0 0 0 0 0 0 0 0 0 0 0 0 0 0 0 0 0 0 0 0 0 0 0 0 0 0 0 0 0 0 0 0 0 0 0 0 0 0 0 0 0 0 0 0 0 0 0 0 0 0 0 0 0 0 0 0 0 0 0 0 0 0 0 0 0 0 0 0 0 0 0 0 0 0 0 0 0
0 3 1 11 19 75 8 16 15 2 50 12 27 4 25 9 18 82 7 14 21 22 55 5 58 64 96 43 28 38 39 37 13 59 46 31 20 6 30 57 79 26 29 95 98 23 24 84 36 52 107 65 68 45 34 53 69 63 71 33 10 105 103 56 54 61 94 66 41 74 88 108 83 47 77 87 17 72 111 100 89 93 32 60 35 67 42 40 48 117 51 92 76 44 70 85 80 78 49 81 99 91 62 73 86 97 113 102 110 90 118 104 114 109 112 101 119 106 115 116 120 121 0 0 0 0 0 0 0 0 0 0 0 0 0 0 0 0 0 0 0 0 0 0 0 0 0 0 0 0 0 0 0 0 0 0 0 0 0 0 0 0 0 0 0 0 0 0 0 0 0 0 0 0 0 0 0 0 0 0 0 0 0 0 0 0 0 0 0 0 0 0 0 0 0 0 0 0 0 0 0 0 0 0 0 0 0 0 0 0 0 0 0 0 0 0 0 0 0 0 0 0 0 0 0 0 0 0 0 0 0 0 0 0 0 0 0 0 0 0 0 0 0 0
0 2 3 1 9 5 4 8 37 12 64 43 20 7 46 11 25 45 22 56 15 27 52 69 59 13 6 68 16 19 33 23 24 100 31 84 26 14 107 50 29 34 65 57 47 54 103 77 21 10 71 36 83 63 96 55 75 61 94 17 58 32 60 18 35 105 41 79 88 82 40 110 38 44 39 28 74 67 111 53 66 92 30 72 87 93 117 78 95 70 108 80 81 98 102 42 89 99 76 48 49 118 109 85 112 51 91 62 73 90 97 101 106 115 86 113 116 120 104 114 119 121 0 0 0 0 0 0 0 0 0 0 0 0 0 0 0 0 0 0 0 0 0 0 0 0 0 0 0 0 0 0 0 0 0 0 0 0 0 0 0 0 0 0 0 0 0 0 0 0 0 0 0 0 0 0 0 0 0 0 0 0 0 0 0 0 0 0 0 0 0 0 0 0 0 0 0 0 0 0 0 0 0 0 0 0 0 0 0 0 0 0 0 0 0 0 0 0 0 0 0 0 0 0 0 0 0 0 0 0 0 0 0 0 0 0 0 0 0 0 0 0 0 0
0 3 1 12 2 4 5 25 20 64 37 7 59 71 6 46 45 69 68 10 43 83 94 9 103 52 22 14 26 17 21 8 55 28 56 32 40 29 34 60 38 72 53 58 15 27 87 30 96 79 44 88 41 36 95 93 89 70 67 92 11 74 80 39 19 57 63 35 99 98 102 16 18 75 23 82 24 13 33 54 61 31 65 105 47 108 77 50 111 42 76 100 66 78 48 84 110 49 109 118 117 112 81 107 85 91 51 62 73 86 90 97 101 104 114 106 115 116 120 113 119 121 0 0 0 0 0 0 0 0 0 0 0 0 0 0 0 0 0 0 0 0 0 0 0 0 0 0 0 0 0 0 0 0 0 0 0 0 0 0 0 0 0 0 0 0 0 0 0 0 0 0 0 0 0 0 0 0 0 0 0 0 0 0 0 0 0 0 0 0 0 0 0 0 1 0 0 0 0 0 0 0 0 0 0 0 0 0 0 0 0 0 0 0 0 0 0 0 0 0 0 0 0 0 0 0 0 0 0 0 0 0 0 0 0 0 0 0 0 0 0 0 0 0
0 2 3 1 9 5 4 8 37 12 64 43 20 7 46 11 25 45 22 56 15 27 52 69 59 13 6 68 16 19 33 23 24 100 31 84 26 14 107 50 29 34 65 57 47 54 103 77 21 10 71 36 83 63 96 55 75 61 94 17 58 32 60 18 35 105 41 79 88 82 40 110 38 44 39 28 74 67 111 53 66 92 30 72 87 93 117 78 95 70 108 80 81 98 102 42 89 99 76 48 49 118 109 85 112 51 91 62 73 90 97 101 106 115 86 113 116 120 104 114 119 121 0 0 0 0 0 0 0 0 0 0 0 0 0 0 0 0 0 0 0 0 0 0 0 0 0 0 0 0 0 0 0 0 0 0 0 0 0 0 0 0 0 0 0 0 0 0 0 0 0 0 0 0 0 0 0 0 0 0 0 0 0 0 0 0 0 0 0 0 0 0 0 0 0 0 0 0 0 0 0 0 0 0 0 0 0 0 0 0 0 0 0 0 0 0 0 0 0 0 0 0 0 0 0 0 0 0 0 0 0 0 0 0 0 0 0 0 0 0 0 0 0 0
0 3 1 12 2 4 5 25 20 64 37 7 59 71 6 46 45 69 68 10 43 83 94 9 103 52 22 14 26 17 21 8 55 28 56 32 40 29 34 60 38 72 53 58 15 27 87 30 96 79 44 88 41 36 95 93 89 70 67 92 11 74 80 39 19 57 63 35 99 98 102 16 18 75 23 82 24 13 33 54 61 31 65 105 47 108 77 50 111 42 76 100 66 78 48 84 110 49 109 118 117 112 81 107 85 91 51 62 73 86 90 97 101 104 114 106 115 116 120 113 119 121 0 0 0 0 0 0 0 0 0 0 0 0 0 0 0 0 0 0 0 0 0 0 0 0 0 0 0 0 0 0 0 0 0 0 0 0 0 0 0 0 0 0 0 0 0 0 0 0 0 0 0 0 0 0 0 0 0 0 0 0 0 0 0 0 0 0 0 0 0 0 0 0 1 0 0 0 0 0 0 0 0 0 0 0 0 0 0 0 0 0 0 0 0 0 0 0 0 0 0 0 0 0 0 0 0 0 0 0 0 0 0 0 0 0 0 0 0 0 0 0 0 0
0 2 5 1 11 4 25 19 37 46 3 75 71 83 64 20 13 6 12 9 65 8 45 10 105 69 16 15 94 31 33 7 23 68 54 17 56 22 18 26 72 59 61 27 52 28 57 60 103 93 14 21 96 43 38 55 39 29 58 30 34 53 41 63 95 74 79 82 36 24 67 88 84 87 92 32 47 100 110 107 117 77 44 40 98 50 108 89 66 111 70 80 78 35 81 102 42 48 51 76 62 49 85 99 91 73 90 109 101 86 106 104 97 112 115 116 118 113 114 119 120 121 0 0 0 0 0 0 0 0 0 0 0 0 0 0 0 0 0 0 0 0 0 0 0 0 0 0 0 0 0 0 0 0 0 0 0 0 0 0 0 0 0 0 0 0 0 0 0 0 0 0 0 0 0 0 0 0 0 0 0 0 0 0 0 0 0 0 0 0 0 0 0 0 0 0 0 0 0 0 0 0 0 0 0 0 0 0 0 0 0 0 0 0 0 0 0 0 0 0 0 0 0 0 0 0 0 0 0 0 0 0 0 0 0 0 0 0 0 0 0 0 0 0
0 2 4 9 5 37 46 6 3 52 10 8 12 1 7 25 64 71 11 17 13 33 59 72 22 28 54 34 16 30 61 14 93 20 83 15 32 29 38 35 39 26 95 43 50 65 23 44 63 68 103 18 60 67 70 41 40 45 31 42 19 57 105 48 27 36 80 92 98 75 56 74 82 21 24 84 100 107 96 55 53 87 89 58 47 79 77 88 111 69 94 108 66 49 99 76 102 85 117 91 51 62 78 109 81 112 73 97 86 110 113 104 90 101 114 119 106 118 115 116 120 121 0 0 0 0 0 0 0 0 0 0 0 0 0 0 0 0 0 0 0 0 0 0 0 0 0 0 0 0 0 0 0 0 0 0 0 0 0 0 0 0 0 0 0 0 0 0 0 0 0 0 0 0 0 0 0 0 0 0 0 0 0 0 0 0 0 0 0 0 0 0 0 0 0 0 0 0 0 0 0 0 0 0 0 0 0 0 0 0 0 0 0 0 0 0 0 0 0 0 0 0 0 0 0 0 0 0 0 0 0 0 0 0 0 0 0 0 0 0 0 0 0 0
0 2 5 1 11 4 25 19 37 46 3 75 71 83 64 20 13 6 12 9 65 8 45 10 105 69 16 15 94 31 33 7 23 68 54 17 56 22 18 26 72 59 61 27 52 28 57 60 103 93 14 21 96 43 38 55 39 29 58 30 34 53 41 63 95 74 79 82 36 24 67 88 84 87 92 32 47 100 110 107 117 77 44 40 98 50 108 89 66 111 70 80 78 35 81 102 42 48 51 76 62 49 85 99 91 73 90 109 101 86 106 104 97 112 115 116 118 113 114 119 120 121 0 0 0 0 0 0 0 0 0 0 0 0 0 0 0 0 0 0 0 0 0 0 0 0 0 0 0 0 0 0 0 0 0 0 0 0 0 0 0 0 0 0 0 0 0 0 0 0 0 0 0 0 0 0 0 0 0 0 0 0 0 0 0 0 0 0 0 0 0 0 0 0 0 0 0 0 0 0 0 0 0 0 0 0 0 0 0 0 0 0 0 0 0 0 0 0 0 0 0 0 0 0 0 0 0 0 0 0 0 0 0 0 0 0 0 0 0 0 0 0 0 0
0 2 5 1 11 4 25 19 37 46 3 75 71 83 64 20 13 6 12 9 65 8 45 10 105 69 16 15 94 31 33 7 23 68 54 17 56 22 18 26 72 59 61 27 52 28 57 60 103 93 14 21 96 43 38 55 39 29 58 30 34 53 41 63 95 74 79 82 36 24 67 88 84 87 92 32 47 100 110 107 117 77 44 40 98 50 108 89 66 111 70 80 78 35 81 102 42 48 51 76 62 49 85 99 91 73 90 109 101 86 106 104 97 112 115 116 118 113 114 119 120 121 0 0 0 0 0 0 0 0 0 0 0 0 0 0 0 0 0 0 0 0 0 0 0 0 0 0 0 0 0 0 0 0 0 0 0 0 0 0 0 0 0 0 0 0 0 0 0 0 0 0 0 0 0 0 0 0 0 0 0 0 0 0 0 0 0 0 0 0 0 0 0 0 0 0 0 0 0 0 0 0 0 0 0 0 0 0 0 0 0 0 0 0 0 0 0 0 0 0 0 0 0 0 0 0 0 0 0 0 0 0 0 0 0 0 0 0 0 0 0 0 0 0
0 2 4 9 5 37 46 6 3 52 10 8 12 1 7 25 64 71 11 17 13 33 59 72 22 28 54 34 16 30 61 14 93 20 83 15 32 29 38 35 39 26 95 43 50 65 23 44 63 68 103 18 60 67 70 41 40 45 31 42 19 57 105 48 27 36 80 92 98 75 56 74 82 21 24 84 100 107 96 55 53 87 89 58 47 79 77 88 111 69 94 108 66 49 99 76 102 85 117 91 51 62 78 109 81 112 73 97 86 110 113 104 90 101 114 119 106 118 115 116 120 121 0 0 0 0 0 0 0 0 0 0 0 0 0 0 0 0 0 0 0 0 0 0 0 0 0 0 0 0 0 0 0 0 0 0 0 0 0 0 0 0 0 0 0 0 0 0 0 0 0 0 0 0 0 0 0 0 0 0 0 0 0 0 0 0 0 0 0 0 0 0 0 0 0 0 0 0 0 0 0 0 0 0 0 0 0 0 0 0 0 0 0 0 0 0 0 0 0 0 0 0 0 0 0 0 0 0 0 0 0 0 0 0 0 0 0 0 0 0 0 0 0 0
0 2 5 6 10 17 37 72 9 20 3 4 25 7 45 12 43 8 59 69 14 52 22 1 38 29 39 46 41 26 74 32 21 64 96 11 15 71 55 53 40 44 94 13 19 65 28 83 56 70 27 36 80 60 75 30 58 34 67 31 87 33 35 95 89 92 47 79 16 99 88 23 42 68 93 63 24 48 77 18 98 100 76 50 103 57 82 117 84 105 54 61 110 66 107 108 49 51 109 111 62 73 118 85 102 97 91 113 90 78 81 112 86 104 114 119 101 106 115 116 120 121 0 0 0 0 0 0 0 0 0 0 0 0 0 0 0 0 0 0 0 0 0 0 0 0 0 0 0 0 0 0 0 0 0 0 0 0 0 0 0 0 0 0 0 0 0 0 0 0 0 0 0 0 0 0 0 0 0 0 0 0 0 0 0 0 0 0 0 0 0 0 0 0 0 0 0 0 0 0 0 0 0 0 0 0 0 0 0 0 0 0 0 0 0 0 0 0 0 0 0 0 0 0 0 0 0 0 0 0 0 0 0 0 0 0 0 0 0 0 0 0 0 0
0 1 2 64 4 25 5 20 45 9 6 10 69 52 56 3 8 68 11 13 33 31 16 54 18 19 50 37 46 94 57 82 103 17 7 59 61 12 15 27 22 34 43 14 38 21 28 63 47 55 75 23 24 100 65 84 26 58 53 87 77 71 30 89 95 79 29 39 96 83 41 88 60 36 32 105 72 110 74 67 40 93 66 92 44 117 107 35 70 99 42 98 108 78 48 80 81 76 111 49 102 109 118 112 85 91 51 62 73 90 97 113 86 101 104 114 106 115 119 116 120 121 0 0 0 0 0 0 0 0 0 0 0 0 0 0 0 0 0 0 0 0 0 0 0 0 0 0 0 0 0 0 0 0 0 0 0 0 0 0 0 0 0 0 0 0 0 0 0 0 0 0 0 0 0 0 0 0 0 0 0 0 0 0 0 0 0 0 0 0 0 0 0 0 0 0 0 0 0 0 0 0 0 0 0 0 0 0 0 0 0 0 0 0 0 0 0 0 0 0 0 0 0 0 0 0 0 0 0 0 0 0 0 0 0 0 0 0 0 0 0 0 0 0
0 2 5 6 10 17 37 72 9 20 3 4 25 7 45 12 43 8 59 69 14 52 22 1 38 29 39 46 41 26 74 32 21 64 96 11 15 71 55 53 40 44 94 13 19 65 28 83 56 70 27 36 80 60 75 30 58 34 67 31 87 33 35 95 89 92 47 79 16 99 88 23 42 68 93 63 24 48 77 18 98 100 76 50 103 57 82 117 84 105 54 61 110 66 107 108 49 51 109 111 62 73 118 85 102 97 91 113 90 78 81 112 86 104 114 119 101 106 115 116 120 121 0 0 0 0 0 0 0 0 0 0 0 0 0 0 0 0 0 0 0 0 0 0 0 0 0 0 0 0 0 0 0 0 0 0 0 0 0 0 0 0 0 0 0 0 0 0 0 0 0 0 0 0 0 0 0 0 0 0 0 0 0 0 0 0 0 0 0 0 0 0 0 0 0 0 0 0 0 0 0 0 0 0 0 0 0 0 0 0 0 0 0 0 0 0 0 0 0 0 0 0 0 0 0 0 0 0 0 0 0 0 0 0 0 0 0 0 0 0 0 0 0 0
0 1 2 64 4 25 5 20 45 9 6 10 69 52 56 3 8 68 11 13 33 31 16 54 18 19 50 37 46 94 57 82 103 17 7 59 61 12 15 27 22 34 43 14 38 21 28 63 47 55 75 23 24 100 65 84 26 58 53 87 77 71 30 89 95 79 29 39 96 83 41 88 60 36 32 105 72 110 74 67 40 93 66 92 44 117 107 35 70 99 42 98 108 78 48 80 81 76 111 49 102 109 118 112 85 91 51 62 73 90 97 113 86 101 104 114 106 115 119 116 120 121 0 0 0 0 0 0 0 0 0 0 0 0 0 0 0 0 0 0 0 0 0 0 0 0 0 0 0 0 0 0 0 0 0 0 0 0 0 0 0 0 0 0 0 0 0 0 0 0 0 0 0 0 0 0 0 0 0 0 0 0 0 0 0 0 0 0 0 0 0 0 0 0 0 0 0 0 0 0 0 0 0 0 0 0 0 0 0 0 0 0 0 0 0 0 0 0 0 0 0 0 0 0 0 0 0 0 0 0 0 0 0 0 0 0 0 0 0 0 0 0 0 0
0 1 2 64 4 25 5 20 45 9 6 10 69 52 56 3 8 68 11 13 33 31 16 54 18 19 50 37 46 94 57 82 103 17 7 59 61 12 15 27 22 34 43 14 38 21 28 63 47 55 75 23 24 100 65 84 26 58 53 87 77 71 30 89 95 79 29 39 96 83 41 88 60 36 32 105 72 110 74 67 40 93 66 92 44 117 107 35 70 99 42 98 108 78 48 80 81 76 111 49 102 109 118 112 85 91 51 62 73 90 97 113 86 101 104 114 106 115 119 116 120 121 0 0 0 0 0 0 0 0 0 0 0 0 0 0 0 0 0 0 0 0 0 0 0 0 0 0 0 0 0 0 0 0 0 0 0 0 0 0 0 0 0 0 0 0 0 0 0 0 0 0 0 0 0 0 0 0 0 0 0 0 0 0 0 0 0 0 0 0 0 0 0 0 0 0 0 0 0 0 0 0 0 0 0 0 0 0 0 0 0 0 0 0 0 0 0 0 0 0 0 0 0 0 0 0 0 0 0 0 0 0 0 0 0 0 0 0 0 0 0 0 0 0
0 1 2 3 7 12 4 5 14 59 11 6 20 37 13 16 29 31 33 46 10 45 9 68 69 17 22 64 71 23 8 24 32 54 60 72 34 67 21 47 63 35 40 44 84 70 94 80 107 42 50 41 65 25 48 93 15 28 49 51 52 55 62 103 26 61 76 56 85 58 100 96 27 91 38 39 19 18 110 75 73 57 92 79 82 86 36 74 43 30 77 109 105 90 111 95 98 97 117 102 66 108 78 81 101 112 53 83 87 113 89 99 88 106 115 116 104 114 120 119 118 121 0 0 0 0 0 0 0 0 0 0 0 0 0 0 0 0 0 0 0 0 0 0 0 0 0 0 0 0 0 0 0 0 0 0 0 0 0 0 0 0 0 0 0 0 0 0 0 0 0 0 0 0 0 0 0 0 0 0 0 0 0 0 0 0 0 0 0 0 0 0 0 0 0 0 0 0 0 0 0 0 0 0 0 0 0 0 0 0 0 0 0 0 0 0 0 0 0 0 0 0 0 0 0 0 0 0 0 0 0 0 0 0 0 0 0 0 0 0 0 0 0 0
0 3 12 43 1 7 64 22 14 2 11 34 21 9 96 29 5 59 52 55 37 8 19 13 65 58 31 28 71 26 20 41 6 46 10 38 4 17 39 25 63 83 74 15 68 75 27 53 30 72 57 60 45 69 103 94 32 36 93 87 44 40 35 105 42 16 33 89 54 95 67 47 18 98 50 76 85 108 91 82 92 79 23 61 24 66 78 99 88 70 81 56 117 77 100 84 107 110 111 80 48 51 118 49 102 62 73 86 109 112 90 104 97 101 106 114 113 119 115 116 120 121 0 0 0 0 0 0 0 0 0 0 0 0 0 0 0 0 0 0 0 0 0 0 0 0 0 0 0 0 0 0 0 0 0 0 0 0 0 0 0 0 0 0 0 0 0 0 0 0 0 0 0 0 0 0 0 0 0 0 0 0 0 0 0 0 0 0 0 0 0 0 0 0 0 0 0 0 0 0 0 0 0 0 0 0 0 0 0 0 0 0 0 0 0 0 0 0 0 0 0 0 0 0 0 0 0 0 0 0 0 0 0 0 0 0 0 0 0 0 0 0 0 0
0 3 12 43 1 7 64 22 14 2 11 34 21 9 96 29 5 59 52 55 37 8 19 13 65 58 31 28 71 26 20 41 6 46 10 38 4 17 39 25 63 83 74 15 68 75 27 53 30 72 57 60 45 69 103 94 32 36 93 87 44 40 35 105 42 16 33 89 54 95 67 47 18 98 50 76 85 108 91 82 92 79 23 61 24 66 78 99 88 70 81 56 117 77 100 84 107 110 111 80 48 51 118 49 102 62 73 86 109 112 90 104 97 101 106 114 113 119 115 116 120 121 0 0 0 0 0 0 0 0 0 0 0 0 0 0 0 0 0 0 0 0 0 0 0 0 0 0 0 0 0 0 0 0 0 0 0 0 0 0 0 0 0 0 0 0 0 0 0 0 0 0 0 0 0 0 0 0 0 0 0 0 0 0 0 0 0 0 0 0 0 0 0 0 0 0 0 0 0 0 0 0 0 0 0 0 0 0 0 0 0 0 0 0 0 0 0 0 0 0 0 0 0 0 0 0 0 0 0 0 0 0 0 0 0 0 0 0 0 0 0 0 0 0
0 2 5 4 20 45 37 46 3 12 56 8 43 9 25 1 64 11 6 7 59 19 13 65 15 31 69 14 57 75 10 22 68 105 71 52 33 38 94 34 54 16 21 61 28 53 63 26 108 87 39 47 103 50 83 17 66 72 55 89 60 93 32 35 77 58 18 44 23 30 42 82 96 117 70 48 67 95 49 98 76 24 85 27 29 36 41 79 88 40 74 80 78 100 84 110 92 91 51 81 107 102 62 99 73 86 109 90 104 111 112 118 101 97 106 114 113 115 119 116 120 121 0 0 0 0 0 0 0 0 0 0 0 0 0 0 0 0 0 0 0 0 0 0 0 0 0 0 0 0 0 0 0 0 0 0 0 0 0 0 0 0 0 0 0 0 0 0 0 0 0 0 0 0 0 0 0 0 0 0 0 0 0 0 0 0 0 0 0 0 0 0 0 0 0 0 0 0 0 0 0 0 0 0 0 0 0 0 0 0 0 0 0 0 0 0 0 0 0 0 0 0 0 0 0 0 0 0 0 0 0 0 0 0 0 0 0 0 0 0 0 0 0 0
0 2 5 4 20 45 37 46 3 12 56 8 43 9 25 1 64 11 6 7 59 19 13 65 15 31 69 14 57 75 10 22 68 105 71 52 33 38 94 34 54 16 21 61 28 53 63 26 108 87 39 47 103 50 83 17 66 72 55 89 60 93 32 35 77 58 18 44 23 30 42 82 96 117 70 48 67 95 49 98 76 24 85 27 29 36 41 79 88 40 74 80 78 100 84 110 92 91 51 81 107 102 62 99 73 86 109 90 104 111 112 118 101 97 106 114 113 115 119 116 120 121 0 0 0 0 0 0 0 0 0 0 0 0 0 0 0 0 0 0 0 0 0 0 0 0 0 0 0 0 0 0 0 0 0 0 0 0 0 0 0 0 0 0 0 0 0 0 0 0 0 0 0 0 0 0 0 0 0 0 0 0 0 0 0 0 0 0 0 0 0 0 0 0 0 0 0 0 0 0 0 0 0 0 0 0 0 0 0 0 0 0 0 0 0 0 0 0 0 0 0 0 0 0 0 0 0 0 0 0 0 0 0 0 0 0 0 0 0 0 0 0 0 0
0 2 5 4 20 45 37 46 3 12 56 8 43 9 25 1 64 11 6 7 59 19 13 65 15 31 69 14 57 75 10 22 68 105 71 52 33 38 94 34 54 16 21 61 28 53 63 26 108 87 39 47 103 50 83 17 66 72 55 89 60 93 32 35 77 58 18 44 23 30 42 82 96 117 70 48 67 95 49 98 76 24 85 27 29 36 41 79 88 40 74 80 78 100 84 110 92 91 51 81 107 102 62 99 73 86 109 90 104 111 112 118 101 97 106 114 113 115 119 116 120 121 0 0 0 0 0 0 0 0 0 0 0 0 0 0 0 0 0 0 0 0 0 0 0 0 0 0 0 0 0 0 0 0 0 0 0 0 0 0 0 0 0 0 0 0 0 0 0 0 0 0 0 0 0 0 0 0 0 0 0 0 0 0 0 0 0 0 0 0 0 0 0 0 0 0 0 0 0 0 0 0 0 0 0 0 0 0 0 0 0 0 0 0 0 0 0 0 0 0 0 0 0 0 0 0 0 0 0 0 0 0 0 0 0 0 0 0 0 0 0 0 0 0
0 1 2 64 5 9 52 3 4 37 8 7 59 22 46 25 15 27 11 19 75 16 13 33 6 10 31 54 65 20 18 68 23 61 105 12 45 103 24 43 14 38 21 17 71 55 28 82 50 34 29 96 41 32 30 39 36 47 40 72 26 77 93 100 95 98 63 44 58 108 60 35 74 84 69 56 67 92 42 76 94 107 66 78 79 70 80 88 83 53 57 87 89 99 85 48 102 110 49 117 109 91 81 112 111 51 118 62 73 86 97 113 104 90 101 114 119 106 115 116 120 121 0 0 0 0 0 0 0 0 0 0 0 0 0 0 0 0 0 0 0 0 0 0 0 0 0 0 0 0 0 0 0 0 0 0 0 0 0 0 0 0 0 0 0 0 0 0 0 0 0 0 0 0 0 0 0 0 0 0 0 0 0 0 0 0 0 0 0 0 0 0 0 0 0 0 0 0 0 0 0 0 0 0 0 0 0 0 0 0 0 0 0 0 0 0 0 0 0 0 0 0 0 0 0 0 0 0 0 0 0 0 0 0 0 0 0 0 0 0 0 0 0 0
0 1 2 64 5 9 52 3 4 37 8 7 59 22 46 25 15 27 11 19 75 16 13 33 6 10 31 54 65 20 18 68 23 61 105 12 45 103 24 43 14 38 21 17 71 55 28 82 50 34 29 96 41 32 30 39 36 47 40 72 26 77 93 100 95 98 63 44 58 108 60 35 74 84 69 56 67 92 42 76 94 107 66 78 79 70 80 88 83 53 57 87 89 99 85 48 102 110 49 117 109 91 81 112 111 51 118 62 73 86 97 113 104 90 101 114 119 106 115 116 120 121 0 0 0 0 0 0 0 0 0 0 0 0 0 0 0 0 0 0 0 0 0 0 0 0 0 0 0 0 0 0 0 0 0 0 0 0 0 0 0 0 0 0 0 0 0 0 0 0 0 0 0 0 0 0 0 0 0 0 0 0 0 0 0 0 0 0 0 0 0 0 0 0 0 0 0 0 0 0 0 0 0 0 0 0 0 0 0 0 0 0 0 0 0 0 0 0 0 0 0 0 0 0 0 0 0 0 0 0 0 0 0 0 0 0 0 0 0 0 0 0 0 0
0 1 2 64 5 9 52 3 4 37 8 7 59 22 46 25 15 27 11 19 75 16 13 33 6 10 31 54 65 20 18 68 23 61 105 12 45 103 24 43 14 38 21 17 71 55 28 82 50 34 29 96 41 32 30 39 36 47 40 72 26 77 93 100 95 98 63 44 58 108 60 35 74 84 69 56 67 92 42 76 94 107 66 78 79 70 80 88 83 53 57 87 89 99 85 48 102 110 49 117 109 91 81 112 111 51 118 62 73 86 97 113 104 90 101 114 119 106 115 116 120 121 0 0 0 0 0 0 0 0 0 0 0 0 0 0 0 0 0 0 0 0 0 0 0 0 0 0 0 0 0 0 0 0 0 0 0 0 0 0 0 0 0 0 0 0 0 0 0 0 0 0 0 0 0 0 0 0 0 0 0 0 0 0 0 0 0 0 0 0 0 0 0 0 0 0 0 0 0 0 0 0 0 0 0 0 0 0 0 0 0 0 0 0 0 0 0 0 0 0 0 0 0 0 0 0 0 0 0 0 0 0 0 0 0 0 0 0 0 0 0 0 0 0
0 1 2 64 5 9 52 3 4 37 8 7 59 22 46 25 15 27 11 19 75 16 13 33 6 10 31 54 65 20 18 68 23 61 105 12 45 103 24 43 14 38 21 17 71 55 28 82 50 34 29 96 41 32 30 39 36 47 40 72 26 77 93 100 95 98 63 44 58 108 60 35 74 84 69 56 67 92 42 76 94 107 66 78 79 70 80 88 83 53 57 87 89 99 85 48 102 110 49 117 109 91 81 112 111 51 118 62 73 86 97 113 104 90 101 114 119 106 115 116 120 121 0 0 0 0 0 0 0 0 0 0 0 0 0 0 0 0 0 0 0 0 0 0 0 0 0 0 0 0 0 0 0 0 0 0 0 0 0 0 0 0 0 0 0 0 0 0 0 0 0 0 0 0 0 0 0 0 0 0 0 0 0 0 0 0 0 0 0 0 0 0 0 0 0 0 0 0 0 0 0 0 0 0 0 0 0 0 0 0 0 0 0 0 0 0 0 0 0 0 0 0 0 0 0 0 0 0 0 0 0 0 0 0 0 0 0 0 0 0 0 0 0 0
0 2 5 1 20 68 9 64 3 52 6 45 56 103 7 11 14 10 19 59 13 69 17 21 60 65 67 96 37 12 22 75 55 16 92 50 105 26 18 38 32 29 82 40 34 39 43 28 31 41 23 33 4 8 46 25 15 74 30 47 53 71 87 77 94 89 35 24 44 54 72 93 95 117 57 42 76 111 48 84 107 83 51 62 100 58 61 49 110 66 98 27 63 109 73 97 79 113 108 86 88 85 78 81 36 90 70 91 101 80 99 118 106 115 112 102 104 114 116 120 119 121 0 0 0 0 0 0 0 0 0 0 0 0 0 0 0 0 0 0 0 0 0 0 0 0 0 0 0 0 0 0 0 0 0 0 0 0 0 0 0 0 0 0 0 0 0 0 0 0 0 0 0 0 0 0 0 0 0 0 0 0 0 0 0 0 0 0 0 0 0 0 0 0 0 0 0 0 0 0 0 0 0 0 0 0 0 0 0 0 0 0 0 0 0 0 0 0 0 0 0 0 0 0 0 0 0 0 0 0 0 0 0 0 0 0 0 0 0 0 0 0 0 0
0 2 4 3 1 12 9 8 7 5 43 22 14 28 6 64 15 59 20 68 45 10 30 34 25 17 27 11 63 52 103 19 21 55 69 56 58 32 37 26 72 44 75 70 60 35 79 40 13 46 38 33 53 67 54 61 31 65 29 94 16 92 105 93 47 57 80 71 83 95 88 98 41 74 23 108 87 96 36 89 39 99 102 18 82 24 117 100 84 77 110 118 111 42 107 50 48 76 85 91 51 66 49 62 109 73 78 112 90 97 81 113 101 86 104 106 114 115 119 116 120 121 0 0 0 0 0 0 0 0 0 0 0 0 0 0 0 0 0 0 0 0 0 0 0 0 0 0 0 0 0 0 0 0 0 0 0 0 0 0 0 0 0 0 0 0 0 0 0 0 0 0 0 0 0 0 0 0 0 0 0 0 0 0 0 0 0 0 0 0 0 0 0 0 0 0 0 0 0 0 0 0 0 0 0 0 0 0 0 0 0 0 0 0 0 0 0 0 0 0 0 0 0 0 0 0 0 0 0 0 0 0 0 0 0 0 0 0 0 0 0 0 0 0
0 2 4 3 1 12 9 8 7 5 43 22 14 28 6 64 15 59 20 68 45 10 30 34 25 17 27 11 63 52 103 19 21 55 69 56 58 32 37 26 72 44 75 70 60 35 79 40 13 46 38 33 53 67 54 61 31 65 29 94 16 92 105 93 47 57 80 71 83 95 88 98 41 74 23 108 87 96 36 89 39 99 102 18 82 24 117 100 84 77 110 118 111 42 107 50 48 76 85 91 51 66 49 62 109 73 78 112 90 97 81 113 101 86 104 106 114 115 119 116 120 121 0 0 0 0 0 0 0 0 0 0 0 0 0 0 0 0 0 0 0 0 0 0 0 0 0 0 0 0 0 0 0 0 0 0 0 0 0 0 0 0 0 0 0 0 0 0 0 0 0 0 0 0 0 0 0 0 0 0 0 0 0 0 0 0 0 0 0 0 0 0 0 0 0 0 0 0 0 0 0 0 0 0 0 0 0 0 0 0 0 0 0 0 0 0 0 0 0 0 0 0 0 0 0 0 0 0 0 0 0 0 0 0 0 0 0 0 0 0 0 0 0 0
0 2 4 3 1 12 9 8 7 5 43 22 14 28 6 64 15 59 20 68 45 10 30 34 25 17 27 11 63 52 103 19 21 55 69 56 58 32 37 26 72 44 75 70 60 35 79 40 13 46 38 33 53 67 54 61 31 65 29 94 16 92 105 93 47 57 80 71 83 95 88 98 41 74 23 108 87 96 36 89 39 99 102 18 82 24 117 100 84 77 110 118 111 42 107 50 48 76 85 91 51 66 49 62 109 73 78 112 90 97 81 113 101 86 104 106 114 115 119 116 120 121 0 0 0 0 0 0 0 0 0 0 0 0 0 0 0 0 0 0 0 0 0 0 0 0 0 0 0 0 0 0 0 0 0 0 0 0 0 0 0 0 0 0 0 0 0 0 0 0 0 0 0 0 0 0 0 0 0 0 0 0 0 0 0 0 0 0 0 0 0 0 0 0 0 0 0 0 0 0 0 0 0 0 0 0 0 0 0 0 0 0 0 0 0 0 0 0 0 0 0 0 0 0 0 0 0 0 0 0 0 0 0 0 0 0 0 0 0 0 0 0 0 0
0 2 5 1 20 68 9 64 3 52 6 45 56 103 7 11 14 10 19 59 13 69 17 21 60 65 67 96 37 12 22 75 55 16 92 50 105 26 18 38 32 29 82 40 34 39 43 28 31 41 23 33 4 8 46 25 15 74 30 47 53 71 87 77 94 89 35 24 44 54 72 93 95 117 57 42 76 111 48 84 107 83 51 62 100 58 61 49 110 66 98 27 63 109 73 97 79 113 108 86 88 85 78 81 36 90 70 91 101 80 99 118 106 115 112 102 104 114 116 120 119 121 0 0 0 0 0 0 0 0 0 0 0 0 0 0 0 0 0 0 0 0 0 0 0 0 0 0 0 0 0 0 0 0 0 0 0 0 0 0 0 0 0 0 0 0 0 0 0 0 0 0 0 0 0 0 0 0 0 0 0 0 0 0 0 0 0 0 0 0 0 0 0 0 0 0 0 0 0 0 0 0 0 0 0 0 0 0 0 0 0 0 0 0 0 0 0 0 0 0 0 0 0 0 0 0 0 0 0 0 0 0 0 0 0 0 0 0 0 0 0 0 0 0
0 2 1 11 64 5 3 12 16 9 8 52 20 19 7 4 25 15 6 27 59 22 34 43 45 14 69 38 21 13 28 68 31 37 103 63 33 10 56 54 18 50 46 94 57 82 17 61 75 71 65 66 72 55 26 96 83 58 60 53 32 87 30 29 105 35 44 95 36 39 70 79 23 24 84 100 47 89 98 88 77 108 41 74 111 110 93 107 78 40 80 67 92 102 117 81 99 118 42 48 76 49 85 109 91 51 62 112 73 86 90 101 106 104 114 115 97 113 119 116 120 121 0 0 0 0 0 0 0 0 0 0 0 0 0 0 0 0 0 0 0 0 0 0 0 0 0 0 0 0 0 0 0 0 0 0 0 0 0 0 0 0 0 0 0 0 0 0 0 0 0 0 0 0 0 0 0 0 0 0 0 0 0 0 0 0 0 0 0 0 0 0 0 0 0 0 0 0 0 0 0 0 0 0 0 0 0 0 0 0 0 0 0 0 0 0 0 0 0 0 0 0 0 0 0 0 0 0 0 0 0 0 0 0 0 0 0 0 0 0 0 0 0 0
0 2 1 11 64 5 3 12 16 9 8 52 20 19 7 4 25 15 6 27 59 22 34 43 45 14 69 38 21 13 28 68 31 37 103 63 33 10 56 54 18 50 46 94 57 82 17 61 75 71 65 66 72 55 26 96 83 58 60 53 32 87 30 29 105 35 44 95 36 39 70 79 23 24 84 100 47 89 98 88 77 108 41 74 111 110 93 107 78 40 80 67 92 102 117 81 99 118 42 48 76 49 85 109 91 51 62 112 73 86 90 101 106 104 114 115 97 113 119 116 120 121 0 0 0 0 0 0 0 0 0 0 0 0 0 0 0 0 0 0 0 0 0 0 0 0 0 0 0 0 0 0 0 0 0 0 0 0 0 0 0 0 0 0 0 0 0 0 0 0 0 0 0 0 0 0 0 0 0 0 0 0 0 0 0 0 0 0 0 0 0 0 0 0 0 0 0 0 0 0 0 0 0 0 0 0 0 0 0 0 0 0 0 0 0 0 0 0 0 0 0 0 0 0 0 0 0 0 0 0 0 0 0 0 0 0 0 0 0 0 0 0 0 0
0 2 1 11 64 5 3 12 16 9 8 52 20 19 7 4 25 15 6 27 59 22 34 43 45 14 69 38 21 13 28 68 31 37 103 63 33 10 56 54 18 50 46 94 57 82 17 61 75 71 65 66 72 55 26 96 83 58 60 53 32 87 30 29 105 35 44 95 36 39 70 79 23 24 84 100 47 89 98 88 77 108 41 74 111 110 93 107 78 40 80 67 92 102 117 81 99 118 42 48 76 49 85 109 91 51 62 112 73 86 90 101 106 104 114 115 97 113 119 116 120 121 0 0 0 0 0 0 0 0 0 0 0 0 0 0 0 0 0 0 0 0 0 0 0 0 0 0 0 0 0 0 0 0 0 0 0 0 0 0 0 0 0 0 0 0 0 0 0 0 0 0 0 0 0 0 0 0 0 0 0 0 0 0 0 0 0 0 0 0 0 0 0 0 0 0 0 0 0 0 0 0 0 0 0 0 0 0 0 0 0 0 0 0 0 0 0 0 0 0 0 0 0 0 0 0 0 0 0 0 0 0 0 0 0 0 0 0 0 0 0 0 0 0
0 2 1 11 64 5 3 12 16 9 8 52 20 19 7 4 25 15 6 27 59 22 34 43 45 14 69 38 21 13 28 68 31 37 103 63 33 10 56 54 18 50 46 94 57 82 17 61 75 71 65 66 72 55 26 96 83 58 60 53 32 87 30 29 105 35 44 95 36 39 70 79 23 24 84 100 47 89 98 88 77 108 41 74 111 110 93 107 78 40 80 67 92 102 117 81 99 118 42 48 76 49 85 109 91 51 62 112 73 86 90 101 106 104 114 115 97 113 119 116 120 121 0 0 0 0 0 0 0 0 0 0 0 0 0 0 0 0 0 0 0 0 0 0 0 0 0 0 0 0 0 0 0 0 0 0 0 0 0 0 0 0 0 0 0 0 0 0 0 0 0 0 0 0 0 0 0 0 0 0 0 0 0 0 0 0 0 0 0 0 0 0 0 0 0 0 0 0 0 0 0 0 0 0 0 0 0 0 0 0 0 0 0 0 0 0 0 0 0 0 0 0 0 0 0 0 0 0 0 0 0 0 0 0 0 0 0 0 0 0 0 0 0 0
0 2 1 11 64 5 3 12 16 9 8 52 20 19 7 4 25 15 6 27 59 22 34 43 45 14 69 38 21 13 28 68 31 37 103 63 33 10 56 54 18 50 46 94 57 82 17 61 75 71 65 66 72 55 26 96 83 58 60 53 32 87 30 29 105 35 44 95 36 39 70 79 23 24 84 100 47 89 98 88 77 108 41 74 111 110 93 107 78 40 80 67 92 102 117 81 99 118 42 48 76 49 85 109 91 51 62 112 73 86 90 101 106 104 114 115 97 113 119 116 120 121 0 0 0 0 0 0 0 0 0 0 0 0 0 0 0 0 0 0 0 0 0 0 0 0 0 0 0 0 0 0 0 0 0 0 0 0 0 0 0 0 0 0 0 0 0 0 0 0 0 0 0 0 0 0 0 0 0 0 0 0 0 0 0 0 0 0 0 0 0 0 0 0 0 0 0 0 0 0 0 0 0 0 0 0 0 0 0 0 0 0 0 0 0 0 0 0 0 0 0 0 0 0 0 0 0 0 0 0 0 0 0 0 0 0 0 0 0 0 0 0 0 0
0 2 3 1 11 7 12 14 8 13 16 21 50 96 23 65 5 4 25 55 58 64 15 22 24 100 59 26 19 79 84 37 34 63 31 43 27 46 71 47 9 20 38 52 68 45 88 28 33 103 18 39 83 107 56 69 75 6 94 77 54 30 105 82 57 95 29 36 98 53 87 108 10 89 17 61 66 32 44 60 70 110 67 80 72 93 35 117 92 78 99 102 81 118 40 42 41 76 85 48 49 109 51 74 62 112 73 91 97 90 111 101 106 86 115 104 116 120 113 114 119 121 0 0 0 0 0 0 0 0 0 0 0 0 0 0 0 0 0 0 0 0 0 0 0 0 0 0 0 0 0 0 0 0 0 0 0 0 0 0 0 0 0 0 0 0 0 0 0 0 0 0 0 0 0 0 0 0 0 0 0 0 0 0 0 0 0 0 0 0 0 0 0 0 0 0 0 0 0 0 0 0 0 0 0 0 0 0 0 0 0 0 0 0 0 0 0 0 0 0 0 0 0 0 0 0 0 0 0 0 0 0 0 0 0 0 0 0 0 0 0 0 0 0
0 3 2 5 9 20 12 52 45 4 68 7 59 43 25 6 69 14 1 38 39 22 8 103 64 11 26 53 29 19 37 94 10 41 71 87 56 75 28 13 33 74 17 32 83 35 21 31 30 60 65 46 40 57 42 44 48 54 70 105 51 49 62 72 67 15 73 93 55 89 16 80 23 50 34 18 92 61 96 82 86 63 90 27 66 117 97 24 84 95 108 36 76 85 58 107 109 99 100 78 98 102 104 110 114 113 47 119 81 118 79 77 88 111 91 112 101 106 115 116 120 121 0 0 0 0 0 0 0 0 0 0 0 0 0 0 0 0 0 0 0 0 0 0 0 0 0 0 0 0 0 0 0 0 0 0 0 0 0 0 0 0 0 0 0 0 0 0 0 0 0 0 0 0 0 0 0 0 0 0 0 0 0 0 0 0 0 0 0 0 0 0 0 0 0 0 0 0 0 0 0 0 0 0 0 0 0 0 0 0 0 0 0 0 0 0 0 0 0 0 0 0 0 0 0 0 0 0 0 0 0 0 0 0 0 0 0 0 0 0 0 0 0 0
0 1 3 2 5 12 37 6 8 64 9 4 25 20 7 45 14 68 21 56 11 96 22 52 26 103 43 69 13 33 94 46 28 29 31 54 71 30 65 34 63 16 18 38 95 55 19 39 61 59 53 83 15 50 105 10 87 41 74 23 82 66 75 57 47 17 77 58 27 108 24 32 89 44 72 84 78 60 98 35 100 36 93 117 70 110 79 88 107 40 81 111 42 67 48 92 80 51 102 49 109 99 118 112 62 76 73 90 97 85 113 101 106 91 86 104 115 114 119 116 120 121 0 0 0 0 0 0 0 0 0 0 0 0 0 0 0 0 0 0 0 0 0 0 0 0 0 0 0 0 0 0 0 0 0 0 0 0 0 0 0 0 0 0 0 0 0 0 0 0 0 0 0 0 0 0 0 0 0 0 0 0 0 0 0 0 0 0 0 0 0 0 0 0 0 0 0 0 0 0 0 0 0 0 0 0 0 0 0 0 0 0 0 0 0 0 0 0 0 0 0 0 0 0 0 0 0 0 0 0 0 0 0 0 0 0 0 0 0 0 0 0 0 0
0 1 3 2 5 12 37 6 8 64 9 4 25 20 7 45 14 68 21 56 11 96 22 52 26 103 43 69 13 33 94 46 28 29 31 54 71 30 65 34 63 16 18 38 95 55 19 39 61 59 53 83 15 50 105 10 87 41 74 23 82 66 75 57 47 17 77 58 27 108 24 32 89 44 72 84 78 60 98 35 100 36 93 117 70 110 79 88 107 40 81 111 42 67 48 92 80 51 102 49 109 99 118 112 62 76 73 90 97 85 113 101 106 91 86 104 115 114 119 116 120 121 0 0 0 0 0 0 0 0 0 0 0 0 0 0 0 0 0 0 0 0 0 0 0 0 0 0 0 0 0 0 0 0 0 0 0 0 0 0 0 0 0 0 0 0 0 0 0 0 0 0 0 0 0 0 0 0 0 0 0 0 0 0 0 0 0 0 0 0 0 0 0 0 0 0 0 0 0 0 0 0 0 0 0 0 0 0 0 0 0 0 0 0 0 0 0 0 0 0 0 0 0 0 0 0 0 0 0 0 0 0 0 0 0 0 0 0 0 0 0 0 0 0
0 1 3 2 5 12 37 6 8 64 9 4 25 20 7 45 14 68 21 56 11 96 22 52 26 103 43 69 13 33 94 46 28 29 31 54 71 30 65 34 63 16 18 38 95 55 19 39 61 59 53 83 15 50 105 10 87 41 74 23 82 66 75 57 47 17 77 58 27 108 24 32 89 44 72 84 78 60 98 35 100 36 93 117 70 110 79 88 107 40 81 111 42 67 48 92 80 51 102 49 109 99 118 112 62 76 73 90 97 85 113 101 106 91 86 104 115 114 119 116 120 121 0 0 0 0 0 0 0 0 0 0 0 0 0 0 0 0 0 0 0 0 0 0 0 0 0 0 0 0 0 0 0 0 0 0 0 0 0 0 0 0 0 0 0 0 0 0 0 0 0 0 0 0 0 0 0 0 0 0 0 0 0 0 0 0 0 0 0 0 0 0 0 0 0 0 0 0 0 0 0 0 0 0 0 0 0 0 0 0 0 0 0 0 0 0 0 0 0 0 0 0 0 0 0 0 0 0 0 0 0 0 0 0 0 0 0 0 0 0 0 0 0 0
0 2 5 3 6 4 20 25 7 45 10 17 37 72 9 71 60 1 67 68 56 52 11 64 19 83 93 16 50 12 46 18 69 103 94 22 57 75 82 28 14 8 15 27 43 23 24 38 39 53 21 32 117 26 59 13 65 40 55 92 84 33 44 87 70 105 100 35 89 54 29 61 80 110 34 58 79 96 31 47 77 66 30 41 74 36 95 99 88 42 63 48 98 76 111 51 102 85 108 118 91 49 62 73 97 90 107 109 86 78 113 112 81 104 101 106 114 119 115 116 120 121 0 0 0 0 0 0 0 0 0 0 0 0 0 0 0 0 0 0 0 0 0 0 0 0 0 0 0 0 0 0 0 0 0 0 0 0 0 0 0 0 0 0 0 0 0 0 0 0 0 0 0 0 0 0 0 0 0 0 0 0 0 0 0 0 0 0 0 0 0 0 0 0 0 0 0 0 0 0 0 0 0 0 0 0 0 0 0 0 0 0 0 0 0 0 0 0 0 0 0 0 0 0 0 0 0 0 0 0 0 0 0 0 0 0 0 0 0 0 0 0 0 0
0 2 5 3 6 4 20 25 7 45 10 17 37 72 9 71 60 1 67 68 56 52 11 64 19 83 93 16 50 12 46 18 69 103 94 22 57 75 82 28 14 8 15 27 43 23 24 38 39 53 21 32 117 26 59 13 65 40 55 92 84 33 44 87 70 105 100 35 89 54 29 61 80 110 34 58 79 96 31 47 77 66 30 41 74 36 95 99 88 42 63 48 98 76 111 51 102 85 108 118 91 49 62 73 97 90 107 109 86 78 113 112 81 104 101 106 114 119 115 116 120 121 0 0 0 0 0 0 0 0 0 0 0 0 0 0 0 0 0 0 0 0 0 0 0 0 0 0 0 0 0 0 0 0 0 0 0 0 0 0 0 0 0 0 0 0 0 0 0 0 0 0 0 0 0 0 0 0 0 0 0 0 0 0 0 0 0 0 0 0 0 0 0 0 0 0 0 0 0 0 0 0 0 0 0 0 0 0 0 0 0 0 0 0 0 0 0 0 0 0 0 0 0 0 0 0 0 0 0 0 0 0 0 0 0 0 0 0 0 0 0 0 0 0
0 3 8 12 1 7 59 43 64 22 2 4 14 9 52 11 38 29 28 30 5 34 37 39 13 53 31 65 15 33 6 47 95 63 54 77 87 27 10 25 16 23 19 36 46 21 18 82 55 96 41 26 61 50 74 58 57 17 20 79 66 98 45 56 72 68 24 60 88 103 93 78 100 110 32 67 84 71 44 107 89 70 80 92 40 35 81 83 99 69 42 75 76 94 111 85 105 102 108 117 118 91 48 51 62 73 86 49 90 101 109 104 112 97 106 114 115 113 116 119 120 121 0 0 0 0 0 0 0 0 0 0 0 0 0 0 0 0 0 0 0 0 0 0 0 0 0 0 0 0 0 0 0 0 0 0 0 0 0 0 0 0 0 0 0 0 0 0 0 0 0 0 0 0 0 0 0 0 0 0 0 0 0 0 0 0 0 0 0 0 0 0 0 0 0 0 0 0 0 0 0 0 0 0 0 0 0 0 0 0 0 0 0 0 0 0 0 0 0 0 0 0 0 0 0 0 0 0 0 0 0 0 0 0 0 0 0 0 0 0 0 0 0 0
0 1 3 11 16 8 2 5 20 37 9 45 68 69 103 56 71 6 83 12 52 43 46 13 65 50 7 64 59 33 22 31 34 19 26 28 23 47 30 95 14 54 63 4 25 15 27 18 75 21 77 29 61 96 55 66 58 38 39 10 17 57 79 105 72 41 32 44 93 78 81 35 88 108 42 48 60 51 67 94 24 62 74 49 98 109 70 111 40 112 80 73 90 100 76 110 102 84 36 101 106 82 85 115 97 107 91 116 117 92 113 53 86 87 120 89 99 118 104 114 119 121 0 0 0 0 0 0 0 0 0 0 0 0 0 0 0 0 0 0 0 0 0 0 0 0 0 0 0 0 0 0 0 0 0 0 0 0 0 0 0 0 0 0 0 0 0 0 0 0 0 0 0 0 0 0 0 0 0 0 0 0 0 0 0 0 0 0 0 0 0 0 0 0 0 0 0 0 0 0 0 0 0 0 0 0 0 0 0 0 0 0 0 0 0 0 0 0 0 0 0 0 0 0 0 0 0 0 0 0 0 0 0 0 0 0 0 0 0 0 0 0 0 0
0 1 3 11 16 23 19 64 7 12 2 22 34 59 28 14 75 26 38 8 15 43 9 13 18 39 5 27 82 21 63 6 55 10 52 30 20 29 65 50 4 24 36 41 58 100 31 53 37 68 74 33 45 71 84 47 83 46 69 87 25 94 96 17 105 32 40 95 54 60 110 67 103 57 107 98 77 111 89 79 61 88 72 35 56 93 92 66 42 78 48 51 117 49 62 108 99 81 44 109 112 118 76 70 80 73 102 97 113 90 86 85 91 104 114 101 119 106 115 116 120 121 0 0 0 0 0 0 0 0 0 0 0 0 0 0 0 0 0 0 0 0 0 0 0 0 0 0 0 0 0 0 0 0 0 0 0 0 0 0 0 0 0 0 0 0 0 0 0 0 0 0 0 0 0 0 0 0 0 0 0 0 0 0 0 0 0 0 0 0 0 0 0 0 0 0 0 0 0 0 0 0 0 0 0 0 0 0 0 0 0 0 0 0 0 0 0 0 0 0 0 0 0 0 0 0 0 0 0 0 0 0 0 0 0 0 0 0 0 0 0 0 0 0
0 1 3 11 16 23 19 64 7 12 2 22 34 59 28 14 75 26 38 8 15 43 9 13 18 39 5 27 82 21 63 6 55 10 52 30 20 29 65 50 4 24 36 41 58 100 31 53 37 68 74 33 45 71 84 47 83 46 69 87 25 94 96 17 105 32 40 95 54 60 110 67 103 57 107 98 77 111 89 79 61 88 72 35 56 93 92 66 42 78 48 51 117 49 62 108 99 81 44 109 112 118 76 70 80 73 102 97 113 90 86 85 91 104 114 101 119 106 115 116 120 121 0 0 0 0 0 0 0 0 0 0 0 0 0 0 0 0 0 0 0 0 0 0 0 0 0 0 0 0 0 0 0 0 0 0 0 0 0 0 0 0 0 0 0 0 0 0 0 0 0 0 0 0 0 0 0 0 0 0 0 0 0 0 0 0 0 0 0 0 0 0 0 0 0 0 0 0 0 0 0 0 0 0 0 0 0 0 0 0 0 0 0 0 0 0 0 0 0 0 0 0 0 0 0 0 0 0 0 0 0 0 0 0 0 0 0 0 0 0 0 0 0 0
0 1 3 11 16 8 2 5 20 37 9 45 68 69 103 56 71 6 83 12 52 43 46 13 65 50 7 64 59 33 22 31 34 19 26 28 23 47 30 95 14 54 63 4 25 15 27 18 75 21 77 29 61 96 55 66 58 38 39 10 17 57 79 105 72 41 32 44 93 78 81 35 88 108 42 48 60 51 67 94 24 62 74 49 98 109 70 111 40 112 80 73 90 100 76 110 102 84 36 101 106 82 85 115 97 107 91 116 117 92 113 53 86 87 120 89 99 118 104 114 119 121 0 0 0 0 0 0 0 0 0 0 0 0 0 0 0 0 0 0 0 0 0 0 0 0 0 0 0 0 0 0 0 0 0 0 0 0 0 0 0 0 0 0 0 0 0 0 0 0 0 0 0 0 0 0 0 0 0 0 0 0 0 0 0 0 0 0 0 0 0 0 0 0 0 0 0 0 0 0 0 0 0 0 0 0 0 0 0 0 0 0 0 0 0 0 0 0 0 0 0 0 0 0 0 0 0 0 0 0 0 0 0 0 0 0 0 0 0 0 0 0 0 0
0 1 3 11 16 8 2 5 20 37 9 45 68 69 103 56 71 6 83 12 52 43 46 13 65 50 7 64 59 33 22 31 34 19 26 28 23 47 30 95 14 54 63 4 25 15 27 18 75 21 77 29 61 96 55 66 58 38 39 10 17 57 79 105 72 41 32 44 93 78 81 35 88 108 42 48 60 51 67 94 24 62 74 49 98 109 70 111 40 112 80 73 90 100 76 110 102 84 36 101 106 82 85 115 97 107 91 116 117 92 113 53 86 87 120 89 99 118 104 114 119 121 0 0 0 0 0 0 0 0 0 0 0 0 0 0 0 0 0 0 0 0 0 0 0 0 0 0 0 0 0 0 0 0 0 0 0 0 0 0 0 0 0 0 0 0 0 0 0 0 0 0 0 0 0 0 0 0 0 0 0 0 0 0 0 0 0 0 0 0 0 0 0 0 0 0 0 0 0 0 0 0 0 0 0 0 0 0 0 0 0 0 0 0 0 0 0 0 0 0 0 0 0 0 0 0 0 0 0 0 0 0 0 0 0 0 0 0 0 0 0 0 0 0
0 2 5 6 1 10 11 17 13 65 37 3 20 12 45 9 43 31 52 64 7 14 46 19 72 93 57 32 21 96 71 33 68 56 4 29 38 54 39 60 83 8 16 40 23 41 22 25 75 35 34 69 50 94 44 59 55 103 26 61 74 63 47 18 28 66 15 30 70 42 78 82 27 58 105 108 24 36 95 80 76 85 53 117 67 81 92 91 87 77 111 84 98 48 89 100 102 79 51 62 88 107 49 110 99 109 73 97 113 90 101 106 118 115 112 116 120 86 104 114 119 121 0 0 0 0 0 0 0 0 0 0 0 0 0 0 0 0 0 0 0 0 0 0 0 0 0 0 0 0 0 0 0 0 0 0 0 0 0 0 0 0 0 0 0 0 0 0 0 0 0 0 0 0 0 0 0 0 0 0 0 0 0 0 0 0 0 0 0 0 0 0 0 0 0 0 0 0 0 0 0 0 0 0 0 0 0 0 0 0 0 0 0 0 0 0 0 0 0 0 0 0 0 0 0 0 0 0 0 0 0 0 0 0 0 0 0 0 0 0 0 0 0 0
0 2 5 6 1 10 11 17 13 65 37 3 20 12 45 9 43 31 52 64 7 14 46 19 72 93 57 32 21 96 71 33 68 56 4 29 38 54 39 60 83 8 16 40 23 41 22 25 75 35 34 69 50 94 44 59 55 103 26 61 74 63 47 18 28 66 15 30 70 42 78 82 27 58 105 108 24 36 95 80 76 85 53 117 67 81 92 91 87 77 111 84 98 48 89 100 102 79 51 62 88 107 49 110 99 109 73 97 113 90 101 106 118 115 112 116 120 86 104 114 119 121 0 0 0 0 0 0 0 0 0 0 0 0 0 0 0 0 0 0 0 0 0 0 0 0 0 0 0 0 0 0 0 0 0 0 0 0 0 0 0 0 0 0 0 0 0 0 0 0 0 0 0 0 0 0 0 0 0 0 0 0 0 0 0 0 0 0 0 0 0 0 0 0 0 0 0 0 0 0 0 0 0 0 0 0 0 0 0 0 0 0 0 0 0 0 0 0 0 0 0 0 0 0 0 0 0 0 0 0 0 0 0 0 0 0 0 0 0 0 0 0 0 0
0 3 8 2 1 12 64 4 9 43 7 5 11 19 59 52 14 21 96 13 37 71 33 54 61 29 75 16 46 6 57 18 31 25 15 83 22 20 68 45 41 74 27 65 69 26 50 66 34 38 56 36 23 39 82 24 47 100 84 77 111 55 94 63 105 107 58 79 28 30 53 88 10 17 87 103 95 98 108 89 60 110 67 32 92 99 40 35 118 42 76 85 91 72 44 93 117 48 78 51 70 81 80 102 49 109 62 112 73 86 104 90 97 113 101 106 115 116 114 120 119 121 0 0 0 0 0 0 0 0 0 0 0 0 0 0 0 0 0 0 0 0 0 0 0 0 0 0 0 0 0 0 0 0 0 0 0 0 0 0 0 0 0 0 0 0 0 0 0 0 0 0 0 0 0 0 0 0 0 0 0 0 0 0 0 0 0 0 0 0 0 0 0 0 0 0 0 0 0 0 0 0 0 0 0 0 0 0 0 0 0 0 0 0 0 0 0 0 0 0 0 0 0 0 0 0 0 0 0 0 0 0 0 0 0 0 0 0 0 0 0 0 0 0
0 3 8 2 1 12 64 4 9 43 7 5 11 19 59 52 14 21 96 13 37 71 33 54 61 29 75 16 46 6 57 18 31 25 15 83 22 20 68 45 41 74 27 65 69 26 50 66 34 38 56 36 23 39 82 24 47 100 84 77 111 55 94 63 105 107 58 79 28 30 53 88 10 17 87 103 95 98 108 89 60 110 67 32 92 99 40 35 118 42 76 85 91 72 44 93 117 48 78 51 70 81 80 102 49 109 62 112 73 86 104 90 97 113 101 106 115 116 114 120 119 121 0 0 0 0 0 0 0 0 0 0 0 0 0 0 0 0 0 0 0 0 0 0 0 0 0 0 0 0 0 0 0 0 0 0 0 0 0 0 0 0 0 0 0 0 0 0 0 0 0 0 0 0 0 0 0 0 0 0 0 0 0 0 0 0 0 0 0 0 0 0 0 0 0 0 0 0 0 0 0 0 0 0 0 0 0 0 0 0 0 0 0 0 0 0 0 0 0 0 0 0 0 0 0 0 0 0 0 0 0 0 0 0 0 0 0 0 0 0 0 0 0 0
0 2 3 8 4 12 15 27 43 9 7 22 25 52 5 14 28 38 37 34 21 6 46 1 11 26 63 19 75 64 13 29 16 23 50 59 24 20 45 31 56 33 84 68 100 107 54 39 96 41 10 55 53 65 87 71 83 103 89 61 30 74 58 47 79 57 18 82 105 77 88 111 36 17 72 93 32 35 95 44 60 67 70 40 42 48 80 92 98 76 85 108 66 51 69 62 78 94 91 102 73 49 97 117 86 109 110 81 112 113 99 104 114 118 90 101 106 115 116 119 120 121 0 0 0 0 0 0 0 0 0 0 0 0 0 0 0 0 0 0 0 0 0 0 0 0 0 0 0 0 0 0 0 0 0 0 0 0 0 0 0 0 0 0 0 0 0 0 0 0 0 0 0 0 0 0 0 0 0 0 0 0 0 0 0 0 0 0 0 0 0 0 0 0 0 0 0 0 0 0 0 0 0 0 0 0 0 0 0 0 0 0 0 0 0 0 0 0 0 0 0 0 0 0 0 0 0 0 0 0 0 0 0 0 0 0 0 0 0 0 0 0 0 0
0 2 3 8 4 12 15 27 43 9 7 22 25 52 5 14 28 38 37 34 21 6 46 1 11 26 63 19 75 64 13 29 16 23 50 59 24 20 45 31 56 33 84 68 100 107 54 39 96 41 10 55 53 65 87 71 83 103 89 61 30 74 58 47 79 57 18 82 105 77 88 111 36 17 72 93 32 35 95 44 60 67 70 40 42 48 80 92 98 76 85 108 66 51 69 62 78 94 91 102 73 49 97 117 86 109 110 81 112 113 99 104 114 118 90 101 106 115 116 119 120 121 0 0 0 0 0 0 0 0 0 0 0 0 0 0 0 0 0 0 0 0 0 0 0 0 0 0 0 0 0 0 0 0 0 0 0 0 0 0 0 0 0 0 0 0 0 0 0 0 0 0 0 0 0 0 0 0 0 0 0 0 0 0 0 0 0 0 0 0 0 0 0 0 0 0 0 0 0 0 0 0 0 0 0 0 0 0 0 0 0 0 0 0 0 0 0 0 0 0 0 0 0 0 0 0 0 0 0 0 0 0 0 0 0 0 0 0 0 0 0 0 0 0
0 2 3 8 4 12 15 27 43 9 7 22 25 52 5 14 28 38 37 34 21 6 46 1 11 26 63 19 75 64 13 29 16 23 50 59 24 20 45 31 56 33 84 68 100 107 54 39 96 41 10 55 53 65 87 71 83 103 89 61 30 74 58 47 79 57 18 82 105 77 88 111 36 17 72 93 32 35 95 44 60 67 70 40 42 48 80 92 98 76 85 108 66 51 69 62 78 94 91 102 73 49 97 117 86 109 110 81 112 113 99 104 114 118 90 101 106 115 116 119 120 121 0 0 0 0 0 0 0 0 0 0 0 0 0 0 0 0 0 0 0 0 0 0 0 0 0 0 0 0 0 0 0 0 0 0 0 0 0 0 0 0 0 0 0 0 0 0 0 0 0 0 0 0 0 0 0 0 0 0 0 0 0 0 0 0 0 0 0 0 0 0 0 0 0 0 0 0 0 0 0 0 0 0 0 0 0 0 0 0 0 0 0 0 0 0 0 0 0 0 0 0 0 0 0 0 0 0 0 0 0 0 0 0 0 0 0 0 0 0 0 0 0 0
0 2 3 8 4 12 15 27 43 9 7 22 25 52 5 14 28 38 37 34 21 6 46 1 11 26 63 19 75 64 13 29 16 23 50 59 24 20 45 31 56 33 84 68 100 107 54 39 96 41 10 55 53 65 87 71 83 103 89 61 30 74 58 47 79 57 18 82 105 77 88 111 36 17 72 93 32 35 95 44 60 67 70 40 42 48 80 92 98 76 85 108 66 51 69 62 78 94 91 102 73 49 97 117 86 109 110 81 112 113 99 104 114 118 90 101 106 115 116 119 120 121 0 0 0 0 0 0 0 0 0 0 0 0 0 0 0 0 0 0 0 0 0 0 0 0 0 0 0 0 0 0 0 0 0 0 0 0 0 0 0 0 0 0 0 0 0 0 0 0 0 0 0 0 0 0 0 0 0 0 0 0 0 0 0 0 0 0 0 0 0 0 0 0 0 0 0 0 0 0 0 0 0 0 0 0 0 0 0 0 0 0 0 0 0 0 0 0 0 0 0 0 0 0 0 0 0 0 0 0 0 0 0 0 0 0 0 0 0 0 0 0 0 0
0 2 3 8 4 12 15 27 43 9 7 22 25 52 5 14 28 38 37 34 21 6 46 1 11 26 63 19 75 64 13 29 16 23 50 59 24 20 45 31 56 33 84 68 100 107 54 39 96 41 10 55 53 65 87 71 83 103 89 61 30 74 58 47 79 57 18 82 105 77 88 111 36 17 72 93 32 35 95 44 60 67 70 40 42 48 80 92 98 76 85 108 66 51 69 62 78 94 91 102 73 49 97 117 86 109 110 81 112 113 99 104 114 118 90 101 106 115 116 119 120 121 0 0 0 0 0 0 0 0 0 0 0 0 0 0 0 0 0 0 0 0 0 0 0 0 0 0 0 0 0 0 0 0 0 0 0 0 0 0 0 0 0 0 0 0 0 0 0 0 0 0 0 0 0 0 0 0 0 0 0 0 0 0 0 0 0 0 0 0 0 0 0 0 0 0 0 0 0 0 0 0 0 0 0 0 0 0 0 0 0 0 0 0 0 0 0 0 0 0 0 0 0 0 0 0 0 0 0 0 0 0 0 0 0 0 0 0 0 0 0 0 0 0
0 2 4 9 25 52 5 6 37 1 10 71 83 11 17 16 18 13 20 60 23 46 45 82 56 19 69 50 67 24 100 110 57 3 7 75 59 12 14 32 65 8 29 41 38 21 94 84 43 53 72 105 93 22 55 64 107 31 39 15 40 68 92 117 103 26 74 35 42 34 63 76 48 28 85 44 49 70 109 108 27 36 80 30 33 96 95 58 51 62 79 47 98 88 54 91 87 102 89 73 99 61 118 66 97 86 104 78 114 81 77 111 90 112 101 106 115 116 113 120 119 121 0 0 0 0 0 0 0 0 0 0 0 0 0 0 0 0 0 0 0 0 0 0 0 0 0 0 0 0 0 0 0 0 0 0 0 0 0 0 0 0 0 0 0 0 0 0 0 0 0 0 0 0 0 0 0 0 0 0 0 0 0 0 0 0 0 0 0 0 0 0 0 0 0 0 0 0 0 0 0 0 0 0 0 0 0 0 0 0 0 0 0 0 0 0 0 0 0 0 0 0 0 0 0 0 0 0 0 0 0 0 0 0 0 0 0 0 0 0 0 0 0 0
0 1 64 11 2 5 4 25 9 13 37 52 16 23 6 24 19 84 10 18 46 31 33 3 12 82 57 50 8 7 43 54 61 75 14 29 59 21 41 100 22 17 20 60 107 110 68 103 26 38 15 34 39 28 55 65 27 63 47 74 53 58 45 79 36 32 88 40 69 96 66 87 44 67 77 35 71 42 83 48 51 49 72 76 111 85 70 92 62 109 73 97 80 86 105 108 56 113 78 90 94 93 112 91 89 30 81 101 99 117 95 106 98 118 102 104 115 116 120 114 119 121 0 0 0 0 0 0 0 0 0 0 0 0 0 0 0 0 0 0 0 0 0 0 0 0 0 0 0 0 0 0 0 0 0 0 0 0 0 0 0 0 0 0 0 0 0 0 0 0 0 0 0 0 0 0 0 0 0 0 0 0 0 0 0 0 0 0 0 0 0 0 0 0 0 0 0 0 0 0 0 0 0 0 0 0 0 0 0 0 0 0 0 0 0 0 0 0 0 0 0 0 0 0 0 0 0 0 0 0 0 0 0 0 0 0 0 0 0 0 0 0 0 0
0 2 4 3 25 5 8 15 6 27 7 20 37 9 1 11 16 13 65 50 12 64 59 33 22 31 34 19 45 68 69 103 56 71 83 52 43 46 10 94 14 21 96 17 60 32 35 40 67 44 92 55 70 58 38 39 72 80 79 29 23 54 75 57 41 53 36 18 87 26 24 88 28 30 105 100 82 61 110 95 74 84 93 63 47 77 89 107 42 98 48 111 76 102 66 99 117 51 78 49 85 109 62 112 73 86 91 81 90 104 114 97 108 113 119 118 101 106 115 116 120 121 0 0 0 0 0 0 0 0 0 0 0 0 0 0 0 0 0 0 0 0 0 0 0 0 0 0 0 0 0 0 0 0 0 0 0 0 0 0 0 0 0 0 0 0 0 0 0 0 0 0 0 0 0 0 0 0 0 0 0 0 0 0 0 0 0 0 0 0 0 0 0 0 0 0 0 0 0 0 0 0 0 0 0 0 0 0 0 0 0 0 0 0 0 0 0 0 0 0 0 0 0 0 0 0 0 0 0 0 0 0 0 0 0 0 0 0 0 0 0 0 0 0
0 2 4 3 25 5 8 15 6 27 7 20 37 9 1 11 16 13 65 50 12 64 59 33 22 31 34 19 45 68 69 103 56 71 83 52 43 46 10 94 14 21 96 17 60 32 35 40 67 44 92 55 70 58 38 39 72 80 79 29 23 54 75 57 41 53 36 18 87 26 24 88 28 30 105 100 82 61 110 95 74 84 93 63 47 77 89 107 42 98 48 111 76 102 66 99 117 51 78 49 85 109 62 112 73 86 91 81 90 104 114 97 108 113 119 118 101 106 115 116 120 121 0 0 0 0 0 0 0 0 0 0 0 0 0 0 0 0 0 0 0 0 0 0 0 0 0 0 0 0 0 0 0 0 0 0 0 0 0 0 0 0 0 0 0 0 0 0 0 0 0 0 0 0 0 0 0 0 0 0 0 0 0 0 0 0 0 0 0 0 0 0 0 0 0 0 0 0 0 0 0 0 0 0 0 0 0 0 0 0 0 0 0 0 0 0 0 0 0 0 0 0 0 0 0 0 0 0 0 0 0 0 0 0 0 0 0 0 0 0 0 0 0 0
0 2 4 3 25 5 8 15 6 27 7 20 37 9 1 11 16 13 65 50 12 64 59 33 22 31 34 19 45 68 69 103 56 71 83 52 43 46 10 94 14 21 96 17 60 32 35 40 67 44 92 55 70 58 38 39 72 80 79 29 23 54 75 57 41 53 36 18 87 26 24 88 28 30 105 100 82 61 110 95 74 84 93 63 47 77 89 107 42 98 48 111 76 102 66 99 117 51 78 49 85 109 62 112 73 86 91 81 90 104 114 97 108 113 119 118 101 106 115 116 120 121 0 0 0 0 0 0 0 0 0 0 0 0 0 0 0 0 0 0 0 0 0 0 0 0 0 0 0 0 0 0 0 0 0 0 0 0 0 0 0 0 0 0 0 0 0 0 0 0 0 0 0 0 0 0 0 0 0 0 0 0 0 0 0 0 0 0 0 0 0 0 0 0 0 0 0 0 0 0 0 0 0 0 0 0 0 0 0 0 0 0 0 0 0 0 0 0 0 0 0 0 0 0 0 0 0 0 0 0 0 0 0 0 0 0 0 0 0 0 0 0 0 0
0 2 4 3 25 5 8 15 6 27 7 20 37 9 1 11 16 13 65 50 12 64 59 33 22 31 34 19 45 68 69 103 56 71 83 52 43 46 10 94 14 21 96 17 60 32 35 40 67 44 92 55 70 58 38 39 72 80 79 29 23 54 75 57 41 53 36 18 87 26 24 88 28 30 105 100 82 61 110 95 74 84 93 63 47 77 89 107 42 98 48 111 76 102 66 99 117 51 78 49 85 109 62 112 73 86 91 81 90 104 114 97 108 113 119 118 101 106 115 116 120 121 0 0 0 0 0 0 0 0 0 0 0 0 0 0 0 0 0 0 0 0 0 0 0 0 0 0 0 0 0 0 0 0 0 0 0 0 0 0 0 0 0 0 0 0 0 0 0 0 0 0 0 0 0 0 0 0 0 0 0 0 0 0 0 0 0 0 0 0 0 0 0 0 0 0 0 0 0 0 0 0 0 0 0 0 0 0 0 0 0 0 0 0 0 0 0 0 0 0 0 0 0 0 0 0 0 0 0 0 0 0 0 0 0 0 0 0 0 0 0 0 0 0
0 2 4 3 25 5 8 15 6 27 7 20 37 9 1 11 16 13 65 50 12 64 59 33 22 31 34 19 45 68 69 103 56 71 83 52 43 46 10 94 14 21 96 17 60 32 35 40 67 44 92 55 70 58 38 39 72 80 79 29 23 54 75 57 41 53 36 18 87 26 24 88 28 30 105 100 82 61 110 95 74 84 93 63 47 77 89 107 42 98 48 111 76 102 66 99 117 51 78 49 85 109 62 112 73 86 91 81 90 104 114 97 108 113 119 118 101 106 115 116 120 121 0 0 0 0 0 0 0 0 0 0 0 0 0 0 0 0 0 0 0 0 0 0 0 0 0 0 0 0 0 0 0 0 0 0 0 0 0 0 0 0 0 0 0 0 0 0 0 0 0 0 0 0 0 0 0 0 0 0 0 0 0 0 0 0 0 0 0 0 0 0 0 0 0 0 0 0 0 0 0 0 0 0 0 0 0 0 0 0 0 0 0 0 0 0 0 0 0 0 0 0 0 0 0 0 0 0 0 0 0 0 0 0 0 0 0 0 0 0 0 0 0 0
0 3 8 2 9 4 1 7 52 15 27 11 59 22 19 5 16 37 28 30 75 23 50 95 14 71 25 6 46 64 21 34 24 63 83 10 29 36 13 17 41 26 12 18 32 38 20 60 33 35 68 44 74 39 55 54 100 103 65 53 105 108 70 43 31 84 45 107 47 58 57 96 82 77 56 61 69 94 79 66 111 87 88 72 89 110 67 98 40 78 81 42 76 85 93 91 80 117 92 48 51 99 102 62 49 109 112 73 90 118 97 101 106 86 104 114 113 119 115 116 120 121 0 0 0 0 0 0 0 0 0 0 0 0 0 0 0 0 0 0 0 0 0 0 0 0 0 0 0 0 0 0 0 0 0 0 0 0 0 0 0 0 0 0 0 0 0 0 0 0 0 0 0 0 0 0 0 0 0 0 0 0 0 0 0 0 0 0 0 0 0 0 0 0 0 0 0 0 0 0 0 0 0 0 0 0 0 0 0 0 0 0 0 0 0 0 0 0 0 0 0 0 0 0 0 0 0 0 0 0 0 0 0 0 0 0 0 0 0 0 0 0 0 0
0 3 8 2 9 4 1 7 52 15 27 11 59 22 19 5 16 37 28 30 75 23 50 95 14 71 25 6 46 64 21 34 24 63 83 10 29 36 13 17 41 26 12 18 32 38 20 60 33 35 68 44 74 39 55 54 100 103 65 53 105 108 70 43 31 84 45 107 47 58 57 96 82 77 56 61 69 94 79 66 111 87 88 72 89 110 67 98 40 78 81 42 76 85 93 91 80 117 92 48 51 99 102 62 49 109 112 73 90 118 97 101 106 86 104 114 113 119 115 116 120 121 0 0 0 0 0 0 0 0 0 0 0 0 0 0 0 0 0 0 0 0 0 0 0 0 0 0 0 0 0 0 0 0 0 0 0 0 0 0 0 0 0 0 0 0 0 0 0 0 0 0 0 0 0 0 0 0 0 0 0 0 0 0 0 0 0 0 0 0 0 0 0 0 0 0 0 0 0 0 0 0 0 0 0 0 0 0 0 0 0 0 0 0 0 0 0 0 0 0 0 0 0 0 0 0 0 0 0 0 0 0 0 0 0 0 0 0 0 0 0 0 0 0
0 3 8 2 9 4 1 7 52 15 27 11 59 22 19 5 16 37 28 30 75 23 50 95 14 71 25 6 46 64 21 34 24 63 83 10 29 36 13 17 41 26 12 18 32 38 20 60 33 35 68 44 74 39 55 54 100 103 65 53 105 108 70 43 31 84 45 107 47 58 57 96 82 77 56 61 69 94 79 66 111 87 88 72 89 110 67 98 40 78 81 42 76 85 93 91 80 117 92 48 51 99 102 62 49 109 112 73 90 118 97 101 106 86 104 114 113 119 115 116 120 121 0 0 0 0 0 0 0 0 0 0 0 0 0 0 0 0 0 0 0 0 0 0 0 0 0 0 0 0 0 0 0 0 0 0 0 0 0 0 0 0 0 0 0 0 0 0 0 0 0 0 0 0 0 0 0 0 0 0 0 0 0 0 0 0 0 0 0 0 0 0 0 0 0 0 0 0 0 0 0 0 0 0 0 0 0 0 0 0 0 0 0 0 0 0 0 0 0 0 0 0 0 0 0 0 0 0 0 0 0 0 0 0 0 0 0 0 0 0 0 0 0 0
0 2 1 5 9 52 11 19 75 3 13 65 7 22 16 8 28 26 33 37 34 64 30 23 18 14 4 6 21 54 10 61 71 15 25 96 82 17 50 55 29 38 60 72 20 83 46 93 24 53 41 58 105 67 63 92 12 27 31 43 59 68 103 45 56 47 39 77 100 69 36 84 94 74 57 87 107 79 111 66 108 32 44 78 110 70 81 35 40 80 42 89 48 95 98 88 117 76 49 109 85 102 112 99 91 51 62 73 118 86 104 90 97 114 101 113 119 106 115 116 120 121 0 0 0 0 0 0 0 0 0 0 0 0 0 0 0 0 0 0 0 0 0 0 0 0 0 0 0 0 0 0 0 0 0 0 0 0 0 0 0 0 0 0 0 0 0 0 0 0 0 0 0 0 0 0 0 0 0 0 0 0 0 0 0 0 0 0 0 0 0 0 0 0 0 0 0 0 0 0 0 0 0 0 0 0 0 0 0 0 0 0 0 0 0 0 0 0 0 0 0 0 0 0 0 0 0 0 0 0 0 0 0 0 0 0 0 0 0 0 0 0 0 0
0 2 1 5 9 52 11 19 75 3 13 65 7 22 16 8 28 26 33 37 34 64 30 23 18 14 4 6 21 54 10 61 71 15 25 96 82 17 50 55 29 38 60 72 20 83 46 93 24 53 41 58 105 67 63 92 12 27 31 43 59 68 103 45 56 47 39 77 100 69 36 84 94 74 57 87 107 79 111 66 108 32 44 78 110 70 81 35 40 80 42 89 48 95 98 88 117 76 49 109 85 102 112 99 91 51 62 73 118 86 104 90 97 114 101 113 119 106 115 116 120 121 0 0 0 0 0 0 0 0 0 0 0 0 0 0 0 0 0 0 0 0 0 0 0 0 0 0 0 0 0 0 0 0 0 0 0 0 0 0 0 0 0 0 0 0 0 0 0 0 0 0 0 0 0 0 0 0 0 0 0 0 0 0 0 0 0 0 0 0 0 0 0 0 0 0 0 0 0 0 0 0 0 0 0 0 0 0 0 0 0 0 0 0 0 0 0 0 0 0 0 0 0 0 0 0 0 0 0 0 0 0 0 0 0 0 0 0 0 0 0 0 0 0
0 1 11 19 13 75 3 64 31 7 59 22 28 65 30 33 2 16 14 21 4 8 15 55 23 12 95 54 25 34 43 38 24 63 96 27 26 9 52 53 18 39 87 84 100 5 82 20 105 45 37 47 89 68 58 46 56 71 79 98 6 10 83 17 60 32 29 35 44 36 70 103 88 80 69 77 50 102 40 41 61 42 67 72 66 92 94 93 74 57 117 99 111 108 78 76 85 91 110 118 48 107 81 51 49 109 62 73 112 90 86 97 104 114 101 113 119 106 115 116 120 121 0 0 0 0 0 0 0 0 0 0 0 0 0 0 0 0 0 0 0 0 0 0 0 0 0 0 0 0 0 0 0 0 0 0 0 0 0 0 0 0 0 0 0 0 0 0 0 0 0 0 0 0 0 0 0 0 0 0 0 0 0 0 0 0 0 0 0 0 0 0 0 0 0 0 0 0 0 0 0 0 0 0 0 0 0 0 0 0 0 0 0 0 0 0 0 0 0 0 0 0 0 0 0 0 0 0 0 0 0 0 0 0 0 0 0 0 0 0 0 0 0 0
0 1 11 19 13 75 3 64 31 7 59 22 28 65 30 33 2 16 14 21 4 8 15 55 23 12 95 54 25 34 43 38 24 63 96 27 26 9 52 53 18 39 87 84 100 5 82 20 105 45 37 47 89 68 58 46 56 71 79 98 6 10 83 17 60 32 29 35 44 36 70 103 88 80 69 77 50 102 40 41 61 42 67 72 66 92 94 93 74 57 117 99 111 108 78 76 85 91 110 118 48 107 81 51 49 109 62 73 112 90 86 97 104 114 101 113 119 106 115 116 120 121 0 0 0 0 0 0 0 0 0 0 0 0 0 0 0 0 0 0 0 0 0 0 0 0 0 0 0 0 0 0 0 0 0 0 0 0 0 0 0 0 0 0 0 0 0 0 0 0 0 0 0 0 0 0 0 0 0 0 0 0 0 0 0 0 0 0 0 0 0 0 0 0 0 0 0 0 0 0 0 0 0 0 0 0 0 0 0 0 0 0 0 0 0 0 0 0 0 0 0 0 0 0 0 0 0 0 0 0 0 0 0 0 0 0 0 0 0 0 0 0 0 0
0 2 9 3 8 15 1 64 7 27 22 59 52 34 14 38 12 21 39 53 4 11 43 26 87 63 16 29 36 96 25 55 89 23 13 41 19 74 28 33 54 58 61 30 75 18 50 95 31 79 88 98 47 77 66 82 24 5 20 84 100 45 37 111 71 68 6 10 103 17 56 69 32 60 94 35 40 107 72 110 83 44 65 70 42 78 67 80 105 93 92 117 102 46 48 57 99 108 76 118 49 81 85 109 91 51 112 62 73 86 97 113 104 114 119 90 101 106 115 116 120 121 0 0 0 0 0 0 0 0 0 0 0 0 0 0 0 0 0 0 0 0 0 0 0 0 0 0 0 0 0 0 0 0 0 0 0 0 0 0 0 0 0 0 0 0 0 0 0 0 0 0 0 0 0 0 0 0 0 0 0 0 0 0 0 0 0 0 0 0 0 0 0 0 0 0 0 0 0 0 0 0 0 0 0 0 0 0 0 0 0 0 0 0 0 0 0 0 0 0 0 0 0 0 0 0 0 0 0 0 0 0 0 0 0 0 0 0 0 0 0 0 0 0
0 3 8 1 15 11 16 50 23 13 33 54 2 64 5 61 6 27 65 37 4 31 19 25 46 75 20 71 12 9 68 7 66 83 43 57 103 24 84 100 10 107 59 105 22 18 17 52 32 60 28 67 110 72 14 40 38 53 39 30 92 21 34 47 77 78 44 55 29 36 26 70 82 63 87 45 35 80 56 58 89 95 98 93 99 41 108 69 74 81 96 111 118 42 94 79 76 48 51 88 117 102 85 62 49 73 90 91 86 97 109 101 104 114 113 106 119 112 115 116 120 121 0 0 0 0 0 0 0 0 0 0 0 0 0 0 0 0 0 0 0 0 0 0 0 0 0 0 0 0 0 0 0 0 0 0 0 0 0 0 0 0 0 0 0 0 0 0 0 0 0 0 0 0 0 0 0 0 0 0 0 0 0 0 0 0 0 0 0 0 0 0 0 0 0 0 0 0 0 0 0 0 0 0 0 0 0 0 0 0 0 0 0 0 0 0 0 0 0 0 0 0 0 0 0 0 0 0 0 0 0 0 0 0 0 0 0 0 0 0 0 0 0 0
0 2 1 11 9 3 19 64 75 16 5 50 12 37 71 20 83 43 6 18 82 52 45 13 33 10 56 23 4 31 65 25 17 7 32 35 8 68 105 14 24 100 44 40 21 60 96 103 15 29 42 59 84 55 54 48 69 70 38 58 94 39 61 110 76 107 53 22 80 85 51 91 79 67 27 88 34 28 30 87 26 49 89 46 41 63 74 95 92 47 66 57 77 62 108 72 111 36 99 93 117 118 98 78 102 109 112 73 97 113 86 90 81 104 114 101 119 106 115 116 120 121 0 0 0 0 0 0 0 0 0 0 0 0 0 0 0 0 0 0 0 0 0 0 0 0 0 0 0 0 0 0 0 0 0 0 0 0 0 0 0 0 0 0 0 0 0 0 0 0 0 0 0 0 0 0 0 0 0 0 0 0 0 0 0 0 0 0 0 0 0 0 0 0 0 0 0 0 0 0 0 0 0 0 0 0 0 0 0 0 0 0 0 0 0 0 0 0 0 0 0 0 0 0 0 0 0 0 0 0 0 0 0 0 0 0 0 0 0 0 0 0 0 0
0 1 64 2 3 9 8 12 5 37 43 4 25 6 15 10 7 14 20 38 29 27 22 21 59 41 34 28 39 11 55 71 13 30 58 68 16 83 96 33 65 23 17 79 60 105 63 95 31 74 50 67 32 36 35 108 46 54 42 98 26 19 72 61 103 40 24 47 57 84 18 82 66 100 77 44 88 70 76 52 80 53 85 48 87 89 110 91 107 93 45 69 94 75 102 111 56 49 92 99 118 51 109 117 62 73 90 78 97 81 101 112 106 115 116 120 86 104 113 114 119 121 0 0 0 0 0 0 0 0 0 0 0 0 0 0 0 0 0 0 0 0 0 0 0 0 0 0 0 0 0 0 0 0 0 0 0 0 0 0 0 0 0 0 0 0 0 0 0 0 0 0 0 0 0 0 0 0 0 0 0 0 0 0 0 0 0 0 0 0 0 0 0 0 0 0 0 0 0 0 0 0 0 0 0 0 0 0 0 0 0 0 0 0 0 0 0 0 0 0 0 0 0 0 0 0 0 0 0 0 0 0 0 0 0 0 0 0 0 0 0 0 0 0
0 1 64 2 3 9 8 12 5 37 43 4 25 6 15 10 7 14 20 38 29 27 22 21 59 41 34 28 39 11 55 71 13 30 58 68 16 83 96 33 65 23 17 79 60 105 63 95 31 74 50 67 32 36 35 108 46 54 42 98 26 19 72 61 103 40 24 47 57 84 18 82 66 100 77 44 88 70 76 52 80 53 85 48 87 89 110 91 107 93 45 69 94 75 102 111 56 49 92 99 118 51 109 117 62 73 90 78 97 81 101 112 106 115 116 120 86 104 113 114 119 121 0 0 0 0 0 0 0 0 0 0 0 0 0 0 0 0 0 0 0 0 0 0 0 0 0 0 0 0 0 0 0 0 0 0 0 0 0 0 0 0 0 0 0 0 0 0 0 0 0 0 0 0 0 0 0 0 0 0 0 0 0 0 0 0 0 0 0 0 0 0 0 0 0 0 0 0 0 0 0 0 0 0 0 0 0 0 0 0 0 0 0 0 0 0 0 0 0 0 0 0 0 0 0 0 0 0 0 0 0 0 0 0 0 0 0 0 0 0 0 0 0 0
0 1 64 2 3 9 8 12 5 37 43 4 25 6 15 10 7 14 20 38 29 27 22 21 59 41 34 28 39 11 55 71 13 30 58 68 16 83 96 33 65 23 17 79 60 105 63 95 31 74 50 67 32 36 35 108 46 54 42 98 26 19 72 61 103 40 24 47 57 84 18 82 66 100 77 44 88 70 76 52 80 53 85 48 87 89 110 91 107 93 45 69 94 75 102 111 56 49 92 99 118 51 109 117 62 73 90 78 97 81 101 112 106 115 116 120 86 104 113 114 119 121 0 0 0 0 0 0 0 0 0 0 0 0 0 0 0 0 0 0 0 0 0 0 0 0 0 0 0 0 0 0 0 0 0 0 0 0 0 0 0 0 0 0 0 0 0 0 0 0 0 0 0 0 0 0 0 0 0 0 0 0 0 0 0 0 0 0 0 0 0 0 0 0 0 0 0 0 0 0 0 0 0 0 0 0 0 0 0 0 0 0 0 0 0 0 0 0 0 0 0 0 0 0 0 0 0 0 0 0 0 0 0 0 0 0 0 0 0 0 0 0 0 0
0 1 64 2 3 9 8 12 5 37 43 4 25 6 15 10 7 14 20 38 29 27 22 21 59 41 34 28 39 11 55 71 13 30 58 68 16 83 96 33 65 23 17 79 60 105 63 95 31 74 50 67 32 36 35 108 46 54 42 98 26 19 72 61 103 40 24 47 57 84 18 82 66 100 77 44 88 70 76 52 80 53 85 48 87 89 110 91 107 93 45 69 94 75 102 111 56 49 92 99 118 51 109 117 62 73 90 78 97 81 101 112 106 115 116 120 86 104 113 114 119 121 0 0 0 0 0 0 0 0 0 0 0 0 0 0 0 0 0 0 0 0 0 0 0 0 0 0 0 0 0 0 0 0 0 0 0 0 0 0 0 0 0 0 0 0 0 0 0 0 0 0 0 0 0 0 0 0 0 0 0 0 0 0 0 0 0 0 0 0 0 0 0 0 0 0 0 0 0 0 0 0 0 0 0 0 0 0 0 0 0 0 0 0 0 0 0 0 0 0 0 0 0 0 0 0 0 0 0 0 0 0 0 0 0 0 0 0 0 0 0 0 0 0
0 2 9 52 3 1 4 7 25 14 22 28 8 64 11 16 18 13 12 82 15 27 50 5 19 59 6 34 31 10 75 21 29 23 96 41 38 17 43 32 30 55 39 33 36 47 37 46 54 65 20 68 61 105 45 103 24 71 69 35 56 60 67 92 42 76 94 84 107 58 72 66 44 100 40 26 77 93 95 98 63 108 74 79 53 88 110 83 111 48 78 87 85 91 89 49 109 81 112 51 62 99 117 118 73 70 97 90 80 57 86 101 106 113 102 104 114 119 115 116 120 121 0 0 0 0 0 0 0 0 0 0 0 0 0 0 0 0 0 0 0 0 0 0 0 0 0 0 0 0 0 0 0 0 0 0 0 0 0 0 0 0 0 0 0 0 0 0 0 0 0 0 0 0 0 0 0 0 0 0 0 0 0 0 0 0 0 0 0 0 0 0 0 0 0 0 0 0 0 0 0 0 0 0 0 0 0 0 0 0 0 0 0 0 0 0 0 0 0 0 0 0 0 0 0 0 0 0 0 0 0 0 0 0 0 0 0 0 0 0 0 0 0 0
0 2 9 52 3 1 4 7 25 14 22 28 8 64 11 16 18 13 12 82 15 27 50 5 19 59 6 34 31 10 75 21 29 23 96 41 38 17 43 32 30 55 39 33 36 47 37 46 54 65 20 68 61 105 45 103 24 71 69 35 56 60 67 92 42 76 94 84 107 58 72 66 44 100 40 26 77 93 95 98 63 108 74 79 53 88 110 83 111 48 78 87 85 91 89 49 109 81 112 51 62 99 117 118 73 70 97 90 80 57 86 101 106 113 102 104 114 119 115 116 120 121 0 0 0 0 0 0 0 0 0 0 0 0 0 0 0 0 0 0 0 0 0 0 0 0 0 0 0 0 0 0 0 0 0 0 0 0 0 0 0 0 0 0 0 0 0 0 0 0 0 0 0 0 0 0 0 0 0 0 0 0 0 0 0 0 0 0 0 0 0 0 0 0 0 0 0 0 0 0 0 0 0 0 0 0 0 0 0 0 0 0 0 0 0 0 0 0 0 0 0 0 0 0 0 0 0 0 0 0 0 0 0 0 0 0 0 0 0 0 0 0 0 0
0 2 9 52 3 1 4 7 25 14 22 28 8 64 11 16 18 13 12 82 15 27 50 5 19 59 6 34 31 10 75 21 29 23 96 41 38 17 43 32 30 55 39 33 36 47 37 46 54 65 20 68 61 105 45 103 24 71 69 35 56 60 67 92 42 76 94 84 107 58 72 66 44 100 40 26 77 93 95 98 63 108 74 79 53 88 110 83 111 48 78 87 85 91 89 49 109 81 112 51 62 99 117 118 73 70 97 90 80 57 86 101 106 113 102 104 114 119 115 116 120 121 0 0 0 0 0 0 0 0 0 0 0 0 0 0 0 0 0 0 0 0 0 0 0 0 0 0 0 0 0 0 0 0 0 0 0 0 0 0 0 0 0 0 0 0 0 0 0 0 0 0 0 0 0 0 0 0 0 0 0 0 0 0 0 0 0 0 0 0 0 0 0 0 0 0 0 0 0 0 0 0 0 0 0 0 0 0 0 0 0 0 0 0 0 0 0 0 0 0 0 0 0 0 0 0 0 0 0 0 0 0 0 0 0 0 0 0 0 0 0 0 0 0
0 3 1 7 12 59 64 2 8 5 9 22 28 52 14 6 4 10 38 15 30 95 43 98 11 25 13 37 20 39 45 65 31 69 56 29 16 33 53 26 21 46 23 105 17 32 34 40 41 24 100 94 54 18 27 55 84 19 61 107 58 96 57 36 75 44 70 50 68 74 103 71 82 63 35 60 67 110 66 108 42 87 76 83 80 89 47 102 77 79 85 92 72 111 99 93 78 117 88 118 91 81 48 51 62 49 73 109 97 112 113 86 104 114 119 90 101 106 115 116 120 121 0 0 0 0 0 0 0 0 0 0 0 0 0 0 0 0 0 0 0 0 0 0 0 0 0 0 0 0 0 0 0 0 0 0 0 0 0 0 0 0 0 0 0 0 0 0 0 0 0 0 0 0 0 0 0 0 0 0 0 0 0 0 0 0 0 0 0 0 0 0 0 0 0 0 0 0 0 0 0 0 0 0 0 0 0 0 0 0 0 0 0 0 0 0 0 0 0 0 0 0 0 0 0 0 0 0 0 0 0 0 0 0 0 0 0 0 0 0 0 0 0 0
0 1 11 19 64 2 75 4 9 52 16 5 13 33 6 10 31 54 3 37 8 7 59 22 46 25 15 27 26 14 38 71 53 21 28 12 43 30 96 83 55 65 95 29 34 39 47 36 58 41 98 79 17 88 20 57 23 72 61 32 40 35 63 44 74 87 60 68 42 89 50 70 67 18 82 80 45 105 103 24 69 56 76 94 108 66 93 77 117 48 49 85 84 107 100 78 81 110 91 51 62 92 109 112 73 90 111 97 99 118 102 86 101 106 113 104 114 115 116 120 119 121 0 0 0 0 0 0 0 0 0 0 0 0 0 0 0 0 0 0 0 0 0 0 0 0 0 0 0 0 0 0 0 0 0 0 0 0 0 0 0 0 0 0 0 0 0 0 0 0 0 0 0 0 0 0 0 0 0 0 0 0 0 0 0 0 0 0 0 0 0 0 0 0 0 0 0 0 0 0 0 0 0 0 0 0 0 0 0 0 0 0 0 0 0 0 0 0 0 0 0 0 0 0 0 0 0 0 0 0 0 0 0 0 0 0 0 0 0 0 0 0 0 0
0 3 12 1 64 2 4 7 9 43 22 59 25 5 28 14 29 26 41 11 52 6 16 13 23 24 100 38 10 39 17 74 72 31 34 53 18 50 19 63 60 93 47 37 71 20 46 110 45 83 77 30 33 54 75 68 87 61 66 84 103 65 105 78 111 108 56 21 82 57 89 96 81 69 67 107 95 32 35 98 42 8 55 76 58 48 15 92 44 85 70 51 27 36 80 102 91 40 94 117 79 88 99 49 118 109 62 73 86 97 113 104 90 112 101 106 115 116 114 120 119 121 0 0 0 0 0 0 0 0 0 0 0 0 0 0 0 0 0 0 0 0 0 0 0 0 0 0 0 0 0 0 0 0 0 0 0 0 0 0 0 0 0 0 0 0 0 0 0 0 0 0 0 0 0 0 0 0 0 0 0 0 0 0 0 0 0 0 0 0 0 0 0 0 0 0 0 0 0 0 0 0 0 0 0 0 0 0 0 0 0 0 0 0 0 0 0 0 0 0 0 0 0 0 0 0 0 0 0 0 0 0 0 0 0 0 0 0 0 0 0 0 0 0
0 1 11 19 64 2 75 4 9 52 16 5 13 33 6 10 31 54 3 37 8 7 59 22 46 25 15 27 26 14 38 71 53 21 28 12 43 30 96 83 55 65 95 29 34 39 47 36 58 41 98 79 17 88 20 57 23 72 61 32 40 35 63 44 74 87 60 68 42 89 50 70 67 18 82 80 45 105 103 24 69 56 76 94 108 66 93 77 117 48 49 85 84 107 100 78 81 110 91 51 62 92 109 112 73 90 111 97 99 118 102 86 101 106 113 104 114 115 116 120 119 121 0 0 0 0 0 0 0 0 0 0 0 0 0 0 0 0 0 0 0 0 0 0 0 0 0 0 0 0 0 0 0 0 0 0 0 0 0 0 0 0 0 0 0 0 0 0 0 0 0 0 0 0 0 0 0 0 0 0 0 0 0 0 0 0 0 0 0 0 0 0 0 0 0 0 0 0 0 0 0 0 0 0 0 0 0 0 0 0 0 0 0 0 0 0 0 0 0 0 0 0 0 0 0 0 0 0 0 0 0 0 0 0 0 0 0 0 0 0 0 0 0 0
0 1 11 19 64 2 75 4 9 52 16 5 13 33 6 10 31 54 3 37 8 7 59 22 46 25 15 27 26 14 38 71 53 21 28 12 43 30 96 83 55 65 95 29 34 39 47 36 58 41 98 79 17 88 20 57 23 72 61 32 40 35 63 44 74 87 60 68 42 89 50 70 67 18 82 80 45 105 103 24 69 56 76 94 108 66 93 77 117 48 49 85 84 107 100 78 81 110 91 51 62 92 109 112 73 90 111 97 99 118 102 86 101 106 113 104 114 115 116 120 119 121 0 0 0 0 0 0 0 0 0 0 0 0 0 0 0 0 0 0 0 0 0 0 0 0 0 0 0 0 0 0 0 0 0 0 0 0 0 0 0 0 0 0 0 0 0 0 0 0 0 0 0 0 0 0 0 0 0 0 0 0 0 0 0 0 0 0 0 0 0 0 0 0 0 0 0 0 0 0 0 0 0 0 0 0 0 0 0 0 0 0 0 0 0 0 0 0 0 0 0 0 0 0 0 0 0 0 0 0 0 0 0 0 0 0 0 0 0 0 0 0 0 0
0 3 12 1 64 2 4 7 9 43 22 59 25 5 28 14 29 26 41 11 52 6 16 13 23 24 100 38 10 39 17 74 72 31 34 53 18 50 19 63 60 93 47 37 71 20 46 110 45 83 77 30 33 54 75 68 87 61 66 84 103 65 105 78 111 108 56 21 82 57 89 96 81 69 67 107 95 32 35 98 42 8 55 76 58 48 15 92 44 85 70 51 27 36 80 102 91 40 94 117 79 88 99 49 118 109 62 73 86 97 113 104 90 112 101 106 115 116 114 120 119 121 0 0 0 0 0 0 0 0 0 0 0 0 0 0 0 0 0 0 0 0 0 0 0 0 0 0 0 0 0 0 0 0 0 0 0 0 0 0 0 0 0 0 0 0 0 0 0 0 0 0 0 0 0 0 0 0 0 0 0 0 0 0 0 0 0 0 0 0 0 0 0 0 0 0 0 0 0 0 0 0 0 0 0 0 0 0 0 0 0 0 0 0 0 0 0 0 0 0 0 0 0 0 0 0 0 0 0 0 0 0 0 0 0 0 0 0 0 0 0 0 0 0
