0 2 14 1 46 15 4 13 3 16 29 49 17 22 25 5 30 47 28 33 7 11 21 20 38 74 64 8 32 10 24 18 6 19 69 42 59 53 54 23 9 35 12 27 60 41 34 31 36 26 58 62 52 37 43 50 85 51 55 48 61 79 77 39 65 40 57 45 44 72 78 63 66 76 70 81 83 67 56 82 84 68 71 75 86 87 73 90 89 80 88 91 0 0 0 0 0 0 0 0 1 0 0 0 0 0 0 0 0 0 0 0 0 0 0 0 0 0 0 0 0 0 0 0 0 0 0 0 0 0 0 0 0 0 0 1 0 0 0 0 0 0 0 0 0 0 0 0 0 0 0 0 0 0 0 0 0 0 0 1 0 0 0 0 0 0 0 0 0 0 0 0 0 0 1 0 0 0 1 0 0 0 0 0
0 1 15 54 2 3 7 16 20 14 25 47 74 39 46 5 29 22 19 6 30 41 17 28 13 44 11 23 10 32 79 58 35 21 4 45 9 50 40 63 8 64 27 36 69 59 72 53 56 18 24 60 42 12 61 33 37 31 68 48 51 34 55 65 52 83 70 66 57 76 38 26 62 43 77 49 67 78 81 82 84 85 75 73 89 86 71 80 87 90 88 91 0 0 0 0 1 0 0 0 0 0 0 0 0 0 0 0 0 0 0 0 0 0 0 0 1 0 1 0 0 0 0 0 0 0 0 0 0 0 0 0 0 0 0 0 0 0 0 0 0 1 0 1 0 0 0 0 0 0 0 0 0 0 0 0 0 0 0 0 0 0 0 0 0 0 0 0 1 0 0 0 0 0 0 0 0 1 0 1 0 0 0 0
0 3 7 5 2 14 13 22 1 17 6 16 29 11 21 45 49 23 25 27 4 58 15 20 38 59 30 10 28 64 53 19 32 34 41 33 35 69 43 54 74 36 46 47 9 12 66 18 24 61 50 31 85 39 37 40 51 68 60 42 26 55 57 8 48 71 62 52 77 72 65 79 78 67 73 63 44 56 83 70 76 80 81 82 89 84 75 86 87 88 90 91 0 0 0 0 0 0 0 0 1 0 0 0 0 0 0 0 0 0 0 0 0 0 0 0 0 0 1 0 0 0 0 0 0 0 0 0 0 0 0 0 0 0 0 0 0 0 0 0 0 0 1 0 0 0 0 0 0 0 0 0 1 0 0 0 0 0 0 0 0 0 0 0 0 0 0 0 1 0 0 0 0 0 0 0 0 0 0 0 0 0 0 0
0 3 7 5 2 14 13 22 1 17 6 16 29 11 21 45 49 23 25 27 4 58 15 20 38 59 30 10 28 64 53 19 32 34 41 33 35 69 43 54 74 36 46 47 9 12 66 18 24 61 50 31 85 39 37 40 51 68 60 42 26 55 57 8 48 71 62 52 77 72 65 79 78 67 73 63 44 56 83 70 76 80 81 82 89 84 75 86 87 88 90 91 0 0 0 0 0 0 0 0 1 0 0 0 0 0 0 0 0 0 0 0 0 0 0 0 0 0 1 0 0 0 0 0 0 0 0 0 0 0 0 0 0 0 0 0 0 0 0 0 0 0 1 0 0 0 0 0 0 0 0 0 1 0 0 0 0 0 0 0 0 0 0 0 0 0 0 0 1 0 0 0 0 0 0 0 0 0 0 0 0 0 0 0
0 2 14 1 46 15 4 13 3 16 29 49 17 22 25 5 30 47 28 33 7 11 21 20 38 74 64 8 32 10 24 18 6 19 69 42 59 53 54 23 9 35 12 27 60 41 34 31 36 26 58 62 52 37 43 50 85 51 55 48 61 79 77 39 65 40 57 45 44 72 78 63 66 76 70 81 83 67 56 82 84 68 71 75 86 87 73 90 89 80 88 91 0 0 0 0 0 0 0 0 1 0 0 0 0 0 0 0 0 0 0 0 0 0 0 0 0 0 0 0 0 0 0 0 0 0 0 0 0 0 0 0 0 0 0 1 0 0 0 0 0 0 0 0 0 0 0 0 0 0 0 0 0 0 0 0 0 0 0 1 0 0 0 0 0 0 0 0 0 0 0 0 0 0 1 0 0 0 1 0 0 0 0 0
0 3 7 5 2 14 13 22 1 17 6 16 29 11 21 45 49 23 25 27 4 58 15 20 38 59 30 10 28 64 53 19 32 34 41 33 35 69 43 54 74 36 46 47 9 12 66 18 24 61 50 31 85 39 37 40 51 68 60 42 26 55 57 8 48 71 62 52 77 72 65 79 78 67 73 63 44 56 83 70 76 80 81 82 89 84 75 86 87 88 90 91 0 0 0 0 0 0 0 0 1 0 0 0 0 0 0 0 0 0 0 0 0 0 0 0 0 0 1 0 0 0 0 0 0 0 0 0 0 0 0 0 0 0 0 0 0 0 0 0 0 0 1 0 0 0 0 0 0 0 0 0 1 0 0 0 0 0 0 0 0 0 0 0 0 0 0 0 1 0 0 0 0 0 0 0 0 0 0 0 0 0 0 0
0 1 15 54 2 3 7 16 20 14 25 47 74 39 46 5 29 22 19 6 30 41 17 28 13 44 11 23 10 32 79 58 35 21 4 45 9 50 40 63 8 64 27 36 69 59 72 53 56 18 24 60 42 12 61 33 37 31 68 48 51 34 55 65 52 83 70 66 57 76 38 26 62 43 77 49 67 78 81 82 84 85 75 73 89 86 71 80 87 90 88 91 0 0 0 0 1 0 0 0 0 0 0 0 0 0 0 0 0 0 0 0 0 0 0 0 1 0 1 0 0 0 0 0 0 0 0 0 0 0 0 0 0 0 0 0 0 0 0 0 0 1 0 1 0 0 0 0 0 0 0 0 0 0 0 0 0 0 0 0 0 0 0 0 0 0 0 0 1 0 0 0 0 0 0 0 0 1 0 1 0 0 0 0
0 1 15 54 2 3 7 16 20 14 25 47 74 39 46 5 29 22 19 6 30 41 17 28 13 44 11 23 10 32 79 58 35 21 4 45 9 50 40 63 8 64 27 36 69 59 72 53 56 18 24 60 42 12 61 33 37 31 68 48 51 34 55 65 52 83 70 66 57 76 38 26 62 43 77 49 67 78 81 82 84 85 75 73 89 86 71 80 87 90 88 91 0 0 0 0 1 0 0 0 0 0 0 0 0 0 0 0 0 0 0 0 0 0 0 0 1 0 1 0 0 0 0 0 0 0 0 0 0 0 0 0 0 0 0 0 0 0 0 0 0 1 0 1 0 0 0 0 0 0 0 0 0 0 0 0 0 0 0 0 0 0 0 0 0 0 0 0 1 0 0 0 0 0 0 0 0 1 0 1 0 0 0 0
0 3 11 1 16 7 10 24 29 5 6 45 28 25 9 18 40 64 12 15 35 57 2 23 33 14 46 19 17 21 4 27 13 22 37 49 52 31 54 32 30 36 20 74 39 53 59 47 41 8 61 34 66 63 51 44 43 69 85 77 38 50 72 48 65 78 42 26 79 58 55 60 76 62 68 70 67 71 73 83 75 80 89 81 56 86 87 90 82 84 88 91 0 0 0 0 0 0 0 0 0 0 0 0 0 0 0 0 0 0 0 0 0 0 0 0 0 0 1 0 0 0 0 0 0 0 0 0 0 0 0 0 0 0 0 0 1 0 0 0 0 0 1 0 0 0 0 0 0 0 0 0 0 0 0 0 0 0 0 0 0 0 0 0 0 0 0 0 0 0 0 1 0 0 0 0 0 0 0 0 0 0 0 0
0 1 16 3 2 11 35 7 5 14 25 21 19 15 20 22 29 6 74 30 23 27 9 46 4 40 10 37 13 45 41 34 12 17 54 59 42 64 8 69 57 51 28 58 32 47 33 53 38 66 60 52 31 36 24 50 76 18 49 43 39 48 65 44 83 55 77 79 78 72 81 26 61 85 62 68 67 71 56 73 80 75 86 89 70 63 82 87 90 84 88 91 0 0 0 0 0 0 0 0 1 0 0 0 0 0 0 0 0 0 0 0 0 0 0 0 0 0 0 0 0 0 0 0 0 0 0 0 0 0 0 0 0 0 0 0 0 0 0 0 0 0 0 0 0 0 0 0 0 0 0 0 0 1 0 0 0 0 0 0 0 0 0 0 0 0 0 0 0 0 0 0 0 0 0 0 0 1 0 0 0 0 1 0
0 2 13 14 17 1 38 46 3 4 49 5 15 22 6 30 8 19 28 33 16 25 7 41 11 53 58 20 9 40 52 35 57 64 32 69 60 74 47 43 42 77 12 23 21 27 59 79 61 39 37 34 51 44 31 78 54 29 10 50 45 63 56 55 68 24 18 71 26 70 36 66 72 62 75 81 76 67 82 84 85 73 86 89 80 88 48 65 83 87 90 91 0 0 0 0 0 0 0 0 0 0 0 0 0 0 0 0 0 0 0 0 0 0 0 0 0 0 0 0 0 0 0 0 0 0 0 0 0 0 0 0 0 0 0 0 0 0 0 0 0 0 0 0 0 0 0 0 0 0 0 0 0 0 0 0 0 0 0 0 0 0 0 0 0 0 0 0 0 0 0 0 0 0 0 0 0 0 0 0 0 0 0 0
0 1 16 3 2 11 35 7 5 14 25 21 19 15 20 22 29 6 74 30 23 27 9 46 4 40 10 37 13 45 41 34 12 17 54 59 42 64 8 69 57 51 28 58 32 47 33 53 38 66 60 52 31 36 24 50 76 18 49 43 39 48 65 44 83 55 77 79 78 72 81 26 61 85 62 68 67 71 56 73 80 75 86 89 70 63 82 87 90 84 88 91 0 0 0 0 0 0 0 0 1 0 0 0 0 0 0 0 0 0 0 0 0 0 0 0 0 0 0 0 0 0 0 0 0 0 0 0 0 0 0 0 0 0 0 0 0 0 0 0 0 0 0 0 0 0 0 0 0 0 0 0 0 1 0 0 0 0 0 0 0 0 0 0 0 0 0 0 0 0 0 0 0 0 0 0 0 1 0 0 0 0 1 0
0 3 11 1 16 7 10 24 29 5 6 45 28 25 9 18 40 64 12 15 35 57 2 23 33 14 46 19 17 21 4 27 13 22 37 49 52 31 54 32 30 36 20 74 39 53 59 47 41 8 61 34 66 63 51 44 43 69 85 77 38 50 72 48 65 78 42 26 79 58 55 60 76 62 68 70 67 71 73 83 75 80 89 81 56 86 87 90 82 84 88 91 0 0 0 0 0 0 0 0 0 0 0 0 0 0 0 0 0 0 0 0 0 0 0 0 0 0 1 0 0 0 0 0 0 0 0 0 0 0 0 0 0 0 0 0 1 0 0 0 0 0 1 0 0 0 0 0 0 0 0 0 0 0 0 0 0 0 0 0 0 0 0 0 0 0 0 0 0 0 0 1 0 0 0 0 0 0 0 0 0 0 0 0
0 1 3 11 5 35 2 28 33 23 7 16 29 45 15 14 25 47 21 10 54 46 19 4 22 6 27 13 53 24 58 9 37 40 64 12 69 30 20 38 52 36 59 34 39 61 17 8 31 18 48 65 32 41 49 43 60 42 74 57 51 50 72 44 77 79 26 78 81 66 68 71 63 62 55 75 56 73 67 83 80 70 85 89 76 86 87 82 90 84 88 91 0 0 0 0 0 0 0 0 0 0 0 0 0 0 0 0 0 0 0 0 0 0 0 0 1 0 0 0 0 0 0 0 0 0 0 0 0 0 0 0 0 0 0 0 1 0 0 0 1 0 0 0 0 0 0 0 0 0 0 0 0 0 0 0 0 0 0 0 0 0 0 0 0 0 0 0 0 0 0 0 0 0 0 0 0 1 0 0 0 0 0 0
0 1 3 11 5 35 2 28 33 23 7 16 29 45 15 14 25 47 21 10 54 46 19 4 22 6 27 13 53 24 58 9 37 40 64 12 69 30 20 38 52 36 59 34 39 61 17 8 31 18 48 65 32 41 49 43 60 42 74 57 51 50 72 44 77 79 26 78 81 66 68 71 63 62 55 75 56 73 67 83 80 70 85 89 76 86 87 82 90 84 88 91 0 0 0 0 0 0 0 0 0 0 0 0 0 0 0 0 0 0 0 0 0 0 0 0 1 0 0 0 0 0 0 0 0 0 0 0 0 0 0 0 0 0 0 0 1 0 0 0 1 0 0 0 0 0 0 0 0 0 0 0 0 0 0 0 0 0 0 0 0 0 0 0 0 0 0 0 0 0 0 0 0 0 0 0 0 1 0 0 0 0 0 0
0 1 3 11 5 35 2 28 33 23 7 16 29 45 15 14 25 47 21 10 54 46 19 4 22 6 27 13 53 24 58 9 37 40 64 12 69 30 20 38 52 36 59 34 39 61 17 8 31 18 48 65 32 41 49 43 60 42 74 57 51 50 72 44 77 79 26 78 81 66 68 71 63 62 55 75 56 73 67 83 80 70 85 89 76 86 87 82 90 84 88 91 0 0 0 0 0 0 0 0 0 0 0 0 0 0 0 0 0 0 0 0 0 0 0 0 1 0 0 0 0 0 0 0 0 0 0 0 0 0 0 0 0 0 0 0 1 0 0 0 1 0 0 0 0 0 0 0 0 0 0 0 0 0 0 0 0 0 0 0 0 0 0 0 0 0 0 0 0 0 0 0 0 0 0 0 0 1 0 0 0 0 0 0
0 3 7 11 35 10 20 2 36 14 24 1 5 23 17 39 21 27 59 13 28 74 49 15 6 85 4 8 22 18 54 53 34 16 25 32 60 29 45 30 19 9 40 37 38 46 72 33 26 12 47 31 79 64 57 41 43 51 48 42 66 65 50 61 69 62 67 52 55 44 68 71 75 58 70 56 73 76 86 89 63 83 80 77 87 78 81 90 82 84 88 91 0 0 0 0 0 0 0 0 0 0 0 0 0 0 0 0 0 0 0 0 0 0 0 0 0 0 0 0 0 0 0 0 0 0 0 0 0 0 0 0 0 0 0 1 0 0 0 0 0 0 0 0 0 0 0 0 0 0 0 0 0 0 0 0 0 0 0 0 0 0 0 0 0 0 0 0 0 0 0 0 0 0 0 0 0 0 1 1 0 0 0 0
0 1 2 3 14 46 5 4 11 7 10 16 22 20 6 15 9 40 29 30 57 12 74 39 54 31 25 41 13 21 23 58 38 19 42 18 27 37 8 34 35 59 48 49 24 26 28 53 65 45 44 32 56 36 43 83 51 62 67 60 47 61 17 64 72 33 85 52 55 69 77 78 79 70 66 50 63 81 76 82 84 68 73 75 89 71 80 86 87 90 88 91 0 0 0 0 0 0 0 0 1 0 0 0 0 0 0 0 0 0 0 0 0 0 0 0 0 0 0 0 0 0 0 0 0 0 0 0 0 0 0 0 0 0 0 1 0 0 0 0 0 0 1 0 0 0 0 0 0 0 1 0 0 0 0 0 0 0 0 0 0 0 0 0 0 0 0 0 0 0 0 0 1 0 0 0 0 1 1 0 0 0 0 0
0 3 7 11 35 10 20 2 36 14 24 1 5 23 17 39 21 27 59 13 28 74 49 15 6 85 4 8 22 18 54 53 34 16 25 32 60 29 45 30 19 9 40 37 38 46 72 33 26 12 47 31 79 64 57 41 43 51 48 42 66 65 50 61 69 62 67 52 55 44 68 71 75 58 70 56 73 76 86 89 63 83 80 77 87 78 81 90 82 84 88 91 0 0 0 0 0 0 0 0 0 0 0 0 0 0 0 0 0 0 0 0 0 0 0 0 0 0 0 0 0 0 0 0 0 0 0 0 0 0 0 0 0 0 0 1 0 0 0 0 0 0 0 0 0 0 0 0 0 0 0 0 0 0 0 0 0 0 0 0 0 0 0 0 0 0 0 0 0 0 0 0 0 0 0 0 0 0 1 1 0 0 0 0
0 1 2 3 14 46 5 4 11 7 10 16 22 20 6 15 9 40 29 30 57 12 74 39 54 31 25 41 13 21 23 58 38 19 42 18 27 37 8 34 35 59 48 49 24 26 28 53 65 45 44 32 56 36 43 83 51 62 67 60 47 61 17 64 72 33 85 52 55 69 77 78 79 70 66 50 63 81 76 82 84 68 73 75 89 71 80 86 87 90 88 91 0 0 0 0 0 0 0 0 1 0 0 0 0 0 0 0 0 0 0 0 0 0 0 0 0 0 0 0 0 0 0 0 0 0 0 0 0 0 0 0 0 0 0 1 0 0 0 0 0 0 1 0 0 0 0 0 0 0 1 0 0 0 0 0 0 0 0 0 0 0 0 0 0 0 0 0 0 0 0 0 1 0 0 0 0 1 1 0 0 0 0 0
0 1 2 3 14 46 5 4 11 7 10 16 22 20 6 15 9 40 29 30 57 12 74 39 54 31 25 41 13 21 23 58 38 19 42 18 27 37 8 34 35 59 48 49 24 26 28 53 65 45 44 32 56 36 43 83 51 62 67 60 47 61 17 64 72 33 85 52 55 69 77 78 79 70 66 50 63 81 76 82 84 68 73 75 89 71 80 86 87 90 88 91 0 0 0 0 0 0 0 0 1 0 0 0 0 0 0 0 0 0 0 0 0 0 0 0 0 0 0 0 0 0 0 0 0 0 0 0 0 0 0 0 0 0 0 1 0 0 0 0 0 0 1 0 0 0 0 0 0 0 1 0 0 0 0 0 0 0 0 0 0 0 0 0 0 0 0 0 0 0 0 0 1 0 0 0 0 1 1 0 0 0 0 0
0 1 2 3 14 46 5 4 11 7 10 16 22 20 6 15 9 40 29 30 57 12 74 39 54 31 25 41 13 21 23 58 38 19 42 18 27 37 8 34 35 59 48 49 24 26 28 53 65 45 44 32 56 36 43 83 51 62 67 60 47 61 17 64 72 33 85 52 55 69 77 78 79 70 66 50 63 81 76 82 84 68 73 75 89 71 80 86 87 90 88 91 0 0 0 0 0 0 0 0 1 0 0 0 0 0 0 0 0 0 0 0 0 0 0 0 0 0 0 0 0 0 0 0 0 0 0 0 0 0 0 0 0 0 0 1 0 0 0 0 0 0 1 0 0 0 0 0 0 0 1 0 0 0 0 0 0 0 0 0 0 0 0 0 0 0 0 0 0 0 0 0 1 0 0 0 0 1 1 0 0 0 0 0
0 1 2 3 14 46 5 4 11 7 10 16 22 20 6 15 9 40 29 30 57 12 74 39 54 31 25 41 13 21 23 58 38 19 42 18 27 37 8 34 35 59 48 49 24 26 28 53 65 45 44 32 56 36 43 83 51 62 67 60 47 61 17 64 72 33 85 52 55 69 77 78 79 70 66 50 63 81 76 82 84 68 73 75 89 71 80 86 87 90 88 91 0 0 0 0 0 0 0 0 1 0 0 0 0 0 0 0 0 0 0 0 0 0 0 0 0 0 0 0 0 0 0 0 0 0 0 0 0 0 0 0 0 0 0 1 0 0 0 0 0 0 1 0 0 0 0 0 0 0 1 0 0 0 0 0 0 0 0 0 0 0 0 0 0 0 0 0 0 0 0 0 1 0 0 0 0 1 1 0 0 0 0 0
0 3 11 7 23 35 21 10 27 24 34 1 2 14 20 74 4 36 5 19 13 49 17 46 16 59 79 6 25 9 40 64 72 15 58 22 29 45 30 85 38 28 41 53 12 37 47 33 43 42 69 61 52 77 18 32 8 50 54 31 66 60 48 65 68 57 78 39 26 51 55 70 71 44 83 56 76 62 75 86 81 82 73 67 89 80 87 63 84 88 90 91 0 0 0 0 0 0 0 0 0 0 0 0 0 0 0 0 0 0 0 0 0 0 0 0 0 0 0 0 0 0 0 0 0 0 0 0 0 0 0 0 0 0 0 0 0 0 0 0 0 0 0 0 0 0 0 0 0 0 0 0 0 0 0 0 0 0 0 0 0 0 0 0 0 0 0 0 0 0 0 0 0 0 0 0 0 1 0 0 0 0 1 0
0 2 4 8 13 58 1 15 14 22 49 17 38 16 25 30 47 3 64 69 5 11 35 29 6 28 33 32 23 54 45 19 52 53 27 63 7 41 42 10 34 20 74 21 59 39 44 50 37 43 79 46 9 24 12 51 77 31 48 40 57 36 72 78 66 18 60 65 76 26 55 70 62 83 67 81 82 56 84 85 61 68 75 86 71 73 80 88 87 89 90 91 0 0 0 0 0 0 0 0 1 0 0 0 0 0 0 0 0 0 0 0 0 0 0 0 0 0 1 0 0 0 0 0 0 0 0 0 0 0 0 0 0 0 0 1 0 0 0 0 0 0 0 0 0 0 0 0 0 0 0 0 0 0 0 0 0 0 0 0 0 1 0 0 0 0 0 0 0 0 0 1 0 0 0 0 0 1 0 0 0 0 0 0
0 3 1 16 15 25 64 47 2 54 4 29 8 45 13 14 63 22 30 17 49 69 46 42 5 11 7 28 23 35 20 10 74 32 6 19 79 21 9 59 39 27 36 24 12 58 44 41 60 50 33 53 40 57 66 76 37 51 38 55 18 70 43 26 34 56 61 68 71 52 85 72 75 86 31 62 77 67 78 48 81 73 89 82 65 80 83 87 84 88 90 91 0 0 0 0 0 1 0 0 1 0 0 0 0 0 0 0 0 0 0 0 0 0 0 0 0 0 1 0 0 0 0 0 0 0 0 0 0 0 1 0 0 0 1 0 1 0 0 0 1 0 1 0 0 1 0 0 0 0 0 0 0 0 0 0 0 0 0 0 0 0 0 0 0 0 0 0 0 0 0 0 0 0 0 0 0 1 0 0 0 0 0 0
0 3 1 16 15 25 64 47 2 54 4 29 8 45 13 14 63 22 30 17 49 69 46 42 5 11 7 28 23 35 20 10 74 32 6 19 79 21 9 59 39 27 36 24 12 58 44 41 60 50 33 53 40 57 66 76 37 51 38 55 18 70 43 26 34 56 61 68 71 52 85 72 75 86 31 62 77 67 78 48 81 73 89 82 65 80 83 87 84 88 90 91 0 0 0 0 0 1 0 0 1 0 0 0 0 0 0 0 0 0 0 0 0 0 0 0 0 0 1 0 0 0 0 0 0 0 0 0 0 0 1 0 0 0 1 0 1 0 0 0 1 0 1 0 0 1 0 0 0 0 0 0 0 0 0 0 0 0 0 0 0 0 0 0 0 0 0 0 0 0 0 0 0 0 0 0 0 1 0 0 0 0 0 0
0 3 11 7 23 35 21 10 27 24 34 1 2 14 20 74 4 36 5 19 13 49 17 46 16 59 79 6 25 9 40 64 72 15 58 22 29 45 30 85 38 28 41 53 12 37 47 33 43 42 69 61 52 77 18 32 8 50 54 31 66 60 48 65 68 57 78 39 26 51 55 70 71 44 83 56 76 62 75 86 81 82 73 67 89 80 87 63 84 88 90 91 0 0 0 0 0 0 0 0 0 0 0 0 0 0 0 0 0 0 0 0 0 0 0 0 0 0 0 0 0 0 0 0 0 0 0 0 0 0 0 0 0 0 0 0 0 0 0 0 0 0 0 0 0 0 0 0 0 0 0 0 0 0 0 0 0 0 0 0 0 0 0 0 0 0 0 0 0 0 0 0 0 0 0 0 0 1 0 0 0 0 1 0
0 3 1 16 15 25 64 47 2 54 4 29 8 45 13 14 63 22 30 17 49 69 46 42 5 11 7 28 23 35 20 10 74 32 6 19 79 21 9 59 39 27 36 24 12 58 44 41 60 50 33 53 40 57 66 76 37 51 38 55 18 70 43 26 34 56 61 68 71 52 85 72 75 86 31 62 77 67 78 48 81 73 89 82 65 80 83 87 84 88 90 91 0 0 0 0 0 1 0 0 1 0 0 0 0 0 0 0 0 0 0 0 0 0 0 0 0 0 1 0 0 0 0 0 0 0 0 0 0 0 1 0 0 0 1 0 1 0 0 0 1 0 1 0 0 1 0 0 0 0 0 0 0 0 0 0 0 0 0 0 0 0 0 0 0 0 0 0 0 0 0 0 0 0 0 0 0 1 0 0 0 0 0 0
0 2 4 8 13 58 1 15 14 22 49 17 38 16 25 30 47 3 64 69 5 11 35 29 6 28 33 32 23 54 45 19 52 53 27 63 7 41 42 10 34 20 74 21 59 39 44 50 37 43 79 46 9 24 12 51 77 31 48 40 57 36 72 78 66 18 60 65 76 26 55 70 62 83 67 81 82 56 84 85 61 68 75 86 71 73 80 88 87 89 90 91 0 0 0 0 0 0 0 0 1 0 0 0 0 0 0 0 0 0 0 0 0 0 0 0 0 0 1 0 0 0 0 0 0 0 0 0 0 0 0 0 0 0 0 1 0 0 0 0 0 0 0 0 0 0 0 0 0 0 0 0 0 0 0 0 0 0 0 0 0 1 0 0 0 0 0 0 0 0 0 1 0 0 0 0 0 1 0 0 0 0 0 0
0 1 16 15 2 25 14 46 64 13 29 45 69 17 54 58 47 3 63 49 11 38 7 4 10 22 35 5 23 19 28 27 6 9 32 60 8 34 50 36 20 74 37 18 79 72 26 21 59 85 33 24 39 44 62 61 52 40 12 30 41 43 56 67 68 73 53 51 55 71 42 57 89 31 48 65 83 77 75 80 66 70 78 81 82 84 76 86 87 90 88 91 0 0 0 0 0 0 0 0 1 0 0 0 0 0 0 0 0 0 0 0 0 0 0 0 0 0 1 0 0 0 0 0 0 0 0 0 0 0 0 1 1 0 0 0 1 1 0 1 0 0 1 0 0 0 0 0 1 0 0 0 1 0 0 0 0 0 0 0 0 0 0 0 0 0 1 0 0 0 0 0 0 0 0 0 0 1 0 0 0 0 0 0
0 1 16 15 2 25 14 46 64 13 29 45 69 17 54 58 47 3 63 49 11 38 7 4 10 22 35 5 23 19 28 27 6 9 32 60 8 34 50 36 20 74 37 18 79 72 26 21 59 85 33 24 39 44 62 61 52 40 12 30 41 43 56 67 68 73 53 51 55 71 42 57 89 31 48 65 83 77 75 80 66 70 78 81 82 84 76 86 87 90 88 91 0 0 0 0 0 0 0 0 1 0 0 0 0 0 0 0 0 0 0 0 0 0 0 0 0 0 1 0 0 0 0 0 0 0 0 0 0 0 0 1 1 0 0 0 1 1 0 1 0 0 1 0 0 0 0 0 1 0 0 0 1 0 0 0 0 0 0 0 0 0 0 0 0 0 1 0 0 0 0 0 0 0 0 0 0 1 0 0 0 0 0 0
0 1 16 15 2 25 14 46 64 13 29 45 69 17 54 58 47 3 63 49 11 38 7 4 10 22 35 5 23 19 28 27 6 9 32 60 8 34 50 36 20 74 37 18 79 72 26 21 59 85 33 24 39 44 62 61 52 40 12 30 41 43 56 67 68 73 53 51 55 71 42 57 89 31 48 65 83 77 75 80 66 70 78 81 82 84 76 86 87 90 88 91 0 0 0 0 0 0 0 0 1 0 0 0 0 0 0 0 0 0 0 0 0 0 0 0 0 0 1 0 0 0 0 0 0 0 0 0 0 0 0 1 1 0 0 0 1 1 0 1 0 0 1 0 0 0 0 0 1 0 0 0 1 0 0 0 0 0 0 0 0 0 0 0 0 0 1 0 0 0 0 0 0 0 0 0 0 1 0 0 0 0 0 0
0 1 16 15 2 25 14 46 64 13 29 45 69 17 54 58 47 3 63 49 11 38 7 4 10 22 35 5 23 19 28 27 6 9 32 60 8 34 50 36 20 74 37 18 79 72 26 21 59 85 33 24 39 44 62 61 52 40 12 30 41 43 56 67 68 73 53 51 55 71 42 57 89 31 48 65 83 77 75 80 66 70 78 81 82 84 76 86 87 90 88 91 0 0 0 0 0 0 0 0 1 0 0 0 0 0 0 0 0 0 0 0 0 0 0 0 0 0 1 0 0 0 0 0 0 0 0 0 0 0 0 1 1 0 0 0 1 1 0 1 0 0 1 0 0 0 0 0 1 0 0 0 1 0 0 0 0 0 0 0 0 0 0 0 0 0 1 0 0 0 0 0 0 0 0 0 0 1 0 0 0 0 0 0
0 3 5 2 13 7 1 28 15 20 49 19 14 53 10 21 6 39 38 59 32 74 44 22 16 30 11 18 17 54 46 35 33 23 79 25 41 29 64 58 45 27 9 69 36 43 52 72 85 47 40 24 56 12 26 4 61 68 60 8 37 77 42 62 50 67 71 31 57 48 65 75 73 80 63 34 89 78 66 51 81 55 70 82 76 86 84 83 87 88 90 91 0 0 0 0 0 0 0 0 0 0 0 0 0 0 0 0 0 0 0 0 0 0 0 0 0 0 0 0 0 0 0 0 0 0 1 0 0 0 0 0 0 0 0 0 0 0 0 0 0 0 0 0 0 0 0 0 0 0 0 0 0 0 0 0 0 0 0 0 0 0 0 0 0 0 0 0 0 0 0 0 0 0 0 0 0 0 0 0 0 0 0 0
0 3 5 2 13 7 1 28 15 20 49 19 14 53 10 21 6 39 38 59 32 74 44 22 16 30 11 18 17 54 46 35 33 23 79 25 41 29 64 58 45 27 9 69 36 43 52 72 85 47 40 24 56 12 26 4 61 68 60 8 37 77 42 62 50 67 71 31 57 48 65 75 73 80 63 34 89 78 66 51 81 55 70 82 76 86 84 83 87 88 90 91 0 0 0 0 0 0 0 0 0 0 0 0 0 0 0 0 0 0 0 0 0 0 0 0 0 0 0 0 0 0 0 0 0 0 1 0 0 0 0 0 0 0 0 0 0 0 0 0 0 0 0 0 0 0 0 0 0 0 0 0 0 0 0 0 0 0 0 0 0 0 0 0 0 0 0 0 0 0 0 0 0 0 0 0 0 0 0 0 0 0 0 0
0 3 1 5 6 16 25 11 15 28 35 9 7 53 23 19 2 14 21 13 10 59 27 12 40 64 58 22 46 29 69 47 4 45 30 54 18 36 57 33 41 8 66 34 43 38 24 20 37 39 32 31 74 61 48 79 72 42 68 50 73 60 44 76 85 17 63 51 65 49 56 71 26 62 67 83 52 80 77 89 55 70 78 75 86 87 81 90 82 84 88 91 0 0 0 0 0 0 0 0 0 0 0 0 0 0 0 0 0 0 0 0 0 0 0 0 0 0 0 0 0 0 0 0 0 0 0 0 0 0 0 0 0 0 0 0 0 0 0 0 0 0 0 0 0 0 0 0 0 0 0 0 0 1 0 0 0 0 0 0 0 0 0 0 0 0 0 0 0 0 0 0 0 0 0 0 0 0 0 0 0 0 1 0
0 2 1 13 15 38 14 58 16 49 29 17 25 64 69 45 3 11 35 23 4 7 47 22 21 8 5 27 54 20 10 34 74 46 24 6 59 19 79 30 28 53 37 51 33 61 9 12 36 31 55 41 43 68 85 63 39 18 26 32 52 77 62 72 40 42 66 78 48 50 73 60 70 67 75 57 71 89 80 65 44 83 76 86 56 87 81 82 90 84 88 91 0 0 0 0 0 0 0 0 0 0 0 0 0 0 0 0 0 0 0 0 0 0 0 0 0 0 0 0 0 0 0 0 0 0 0 0 0 0 1 0 1 0 0 0 0 0 0 0 1 0 0 0 0 0 0 0 0 0 0 0 0 0 0 0 0 0 0 0 0 0 0 0 1 0 0 0 0 0 0 0 0 0 0 0 0 0 0 0 0 0 0 0
0 2 1 13 15 38 14 58 16 49 29 17 25 64 69 45 3 11 35 23 4 7 47 22 21 8 5 27 54 20 10 34 74 46 24 6 59 19 79 30 28 53 37 51 33 61 9 12 36 31 55 41 43 68 85 63 39 18 26 32 52 77 62 72 40 42 66 78 48 50 73 60 70 67 75 57 71 89 80 65 44 83 76 86 56 87 81 82 90 84 88 91 0 0 0 0 0 0 0 0 0 0 0 0 0 0 0 0 0 0 0 0 0 0 0 0 0 0 0 0 0 0 0 0 0 0 0 0 0 0 1 0 1 0 0 0 0 0 0 0 1 0 0 0 0 0 0 0 0 0 0 0 0 0 0 0 0 0 0 0 0 0 0 0 1 0 0 0 0 0 0 0 0 0 0 0 0 0 0 0 0 0 0 0
0 3 1 5 6 16 25 11 15 28 35 9 7 53 23 19 2 14 21 13 10 59 27 12 40 64 58 22 46 29 69 47 4 45 30 54 18 36 57 33 41 8 66 34 43 38 24 20 37 39 32 31 74 61 48 79 72 42 68 50 73 60 44 76 85 17 63 51 65 49 56 71 26 62 67 83 52 80 77 89 55 70 78 75 86 87 81 90 82 84 88 91 0 0 0 0 0 0 0 0 0 0 0 0 0 0 0 0 0 0 0 0 0 0 0 0 0 0 0 0 0 0 0 0 0 0 0 0 0 0 0 0 0 0 0 0 0 0 0 0 0 0 0 0 0 0 0 0 0 0 0 0 0 1 0 0 0 0 0 0 0 0 0 0 0 0 0 0 0 0 0 0 0 0 0 0 0 0 0 0 0 0 1 0
0 3 1 15 7 2 4 10 14 13 18 46 17 11 26 21 59 5 49 6 8 28 19 22 30 32 33 16 54 35 53 42 25 50 20 29 45 60 38 36 9 64 23 40 74 69 27 39 57 47 85 58 44 61 66 79 62 12 56 31 76 24 72 68 41 48 65 71 52 67 43 73 77 75 86 78 81 63 34 80 83 37 87 90 51 89 55 70 82 84 88 91 0 0 0 0 0 0 0 0 0 0 0 0 0 0 0 0 0 0 0 0 0 0 0 0 0 0 0 0 0 0 0 0 0 0 0 0 0 0 0 0 0 0 0 0 0 0 0 0 0 0 0 0 0 0 0 0 1 0 0 0 0 0 0 0 0 0 0 0 0 0 0 0 0 0 0 0 0 0 0 0 1 0 0 0 0 0 0 0 0 0 0 0
0 3 1 15 7 2 4 10 14 13 18 46 17 11 26 21 59 5 49 6 8 28 19 22 30 32 33 16 54 35 53 42 25 50 20 29 45 60 38 36 9 64 23 40 74 69 27 39 57 47 85 58 44 61 66 79 62 12 56 31 76 24 72 68 41 48 65 71 52 67 43 73 77 75 86 78 81 63 34 80 83 37 87 90 51 89 55 70 82 84 88 91 0 0 0 0 0 0 0 0 0 0 0 0 0 0 0 0 0 0 0 0 0 0 0 0 0 0 0 0 0 0 0 0 0 0 0 0 0 0 0 0 0 0 0 0 0 0 0 0 0 0 0 0 0 0 0 0 1 0 0 0 0 0 0 0 0 0 0 0 0 0 0 0 0 0 0 0 0 0 0 0 1 0 0 0 0 0 0 0 0 0 0 0
0 3 2 7 5 14 17 1 16 11 35 20 15 39 6 21 19 22 54 30 29 44 74 10 4 18 41 36 13 46 28 59 38 72 85 45 8 32 79 50 23 9 60 25 26 33 42 64 53 69 62 27 37 51 49 34 47 55 52 58 67 40 57 24 56 70 12 61 66 68 71 31 48 63 43 76 75 77 86 78 81 73 65 89 80 82 83 87 84 88 90 91 0 0 0 0 0 0 0 0 0 0 0 0 0 0 0 0 0 0 0 0 0 0 0 0 0 0 0 0 0 0 0 0 0 0 0 0 0 0 0 0 0 0 0 0 0 0 0 0 0 0 0 0 0 0 0 0 0 0 0 0 1 0 0 0 0 0 0 0 0 0 1 0 0 0 0 0 0 0 0 0 0 0 0 1 0 0 0 1 0 0 0 0
0 1 16 15 3 25 7 21 59 5 6 28 29 54 11 23 47 9 64 19 2 14 46 13 22 30 41 38 4 49 42 45 8 20 40 35 33 12 39 57 53 44 32 58 27 10 56 69 52 37 63 74 18 24 17 60 43 51 55 66 26 36 76 62 61 72 31 48 67 65 34 85 79 83 50 68 75 86 77 87 73 71 70 90 78 81 89 82 84 80 88 91 0 0 0 0 0 0 0 0 1 0 0 0 0 0 0 0 0 0 0 0 0 0 0 0 0 0 0 0 0 0 0 0 0 0 0 0 0 0 0 0 0 0 0 0 1 0 0 0 0 0 0 0 0 0 0 0 0 0 0 0 0 0 0 0 0 0 0 0 0 0 0 0 0 0 0 0 0 0 0 1 0 0 0 0 0 1 0 0 0 0 0 0
0 2 13 1 3 4 7 16 58 5 49 25 8 29 14 15 10 28 53 20 17 74 24 6 47 19 18 45 54 39 79 9 11 21 46 59 22 23 35 12 36 26 27 33 61 32 37 60 30 50 63 66 64 72 34 44 68 40 62 56 71 38 31 73 67 51 57 69 41 55 76 52 43 77 89 75 78 81 80 85 48 86 65 42 70 82 84 88 83 87 90 91 0 0 0 0 0 0 0 0 0 0 0 0 0 0 0 0 0 0 0 0 0 0 0 0 0 0 1 0 0 0 0 0 0 0 0 0 0 0 1 0 0 0 0 0 0 0 0 0 0 0 0 0 0 0 0 0 0 0 0 0 0 0 0 0 0 0 0 0 0 0 0 0 0 0 0 0 0 0 0 0 1 0 0 0 0 1 0 1 0 0 0 0
0 1 16 15 3 25 7 21 59 5 6 28 29 54 11 23 47 9 64 19 2 14 46 13 22 30 41 38 4 49 42 45 8 20 40 35 33 12 39 57 53 44 32 58 27 10 56 69 52 37 63 74 18 24 17 60 43 51 55 66 26 36 76 62 61 72 31 48 67 65 34 85 79 83 50 68 75 86 77 87 73 71 70 90 78 81 89 82 84 80 88 91 0 0 0 0 0 0 0 0 1 0 0 0 0 0 0 0 0 0 0 0 0 0 0 0 0 0 0 0 0 0 0 0 0 0 0 0 0 0 0 0 0 0 0 0 1 0 0 0 0 0 0 0 0 0 0 0 0 0 0 0 0 0 0 0 0 0 0 0 0 0 0 0 0 0 0 0 0 0 0 1 0 0 0 0 0 1 0 0 0 0 0 0
0 3 2 7 5 14 17 1 16 11 35 20 15 39 6 21 19 22 54 30 29 44 74 10 4 18 41 36 13 46 28 59 38 72 85 45 8 32 79 50 23 9 60 25 26 33 42 64 53 69 62 27 37 51 49 34 47 55 52 58 67 40 57 24 56 70 12 61 66 68 71 31 48 63 43 76 75 77 86 78 81 73 65 89 80 82 83 87 84 88 90 91 0 0 0 0 0 0 0 0 0 0 0 0 0 0 0 0 0 0 0 0 0 0 0 0 0 0 0 0 0 0 0 0 0 0 0 0 0 0 0 0 0 0 0 0 0 0 0 0 0 0 0 0 0 0 0 0 0 0 0 0 1 0 0 0 0 0 0 0 0 0 1 0 0 0 0 0 0 0 0 0 0 0 0 1 0 0 0 1 0 0 0 0
0 1 16 15 3 25 7 21 59 5 6 28 29 54 11 23 47 9 64 19 2 14 46 13 22 30 41 38 4 49 42 45 8 20 40 35 33 12 39 57 53 44 32 58 27 10 56 69 52 37 63 74 18 24 17 60 43 51 55 66 26 36 76 62 61 72 31 48 67 65 34 85 79 83 50 68 75 86 77 87 73 71 70 90 78 81 89 82 84 80 88 91 0 0 0 0 0 0 0 0 1 0 0 0 0 0 0 0 0 0 0 0 0 0 0 0 0 0 0 0 0 0 0 0 0 0 0 0 0 0 0 0 0 0 0 0 1 0 0 0 0 0 0 0 0 0 0 0 0 0 0 0 0 0 0 0 0 0 0 0 0 0 0 0 0 0 0 0 0 0 0 1 0 0 0 0 0 1 0 0 0 0 0 0
0 2 13 1 3 4 7 16 58 5 49 25 8 29 14 15 10 28 53 20 17 74 24 6 47 19 18 45 54 39 79 9 11 21 46 59 22 23 35 12 36 26 27 33 61 32 37 60 30 50 63 66 64 72 34 44 68 40 62 56 71 38 31 73 67 51 57 69 41 55 76 52 43 77 89 75 78 81 80 85 48 86 65 42 70 82 84 88 83 87 90 91 0 0 0 0 0 0 0 0 0 0 0 0 0 0 0 0 0 0 0 0 0 0 0 0 0 0 1 0 0 0 0 0 0 0 0 0 0 0 1 0 0 0 0 0 0 0 0 0 0 0 0 0 0 0 0 0 0 0 0 0 0 0 0 0 0 0 0 0 0 0 0 0 0 0 0 0 0 0 0 0 1 0 0 0 0 1 0 1 0 0 0 0
0 2 14 3 46 13 22 17 30 49 38 4 41 42 5 19 1 16 15 25 29 28 11 23 47 6 64 45 54 32 33 35 53 7 20 10 27 24 9 66 69 74 63 52 21 40 60 59 12 39 57 44 31 8 79 18 48 61 36 68 65 83 37 58 72 50 56 71 43 75 77 73 34 76 78 80 81 86 85 87 26 62 51 90 55 67 89 70 82 84 88 91 0 0 0 0 0 0 0 0 0 0 0 0 0 0 0 0 0 0 0 0 0 0 0 0 0 0 0 0 0 0 0 0 0 0 0 0 0 0 0 0 0 0 0 0 0 0 0 0 0 0 0 0 0 0 0 0 0 0 0 0 0 0 0 0 0 0 0 0 0 0 0 0 0 0 0 0 1 0 0 0 0 0 0 0 0 0 0 0 0 0 0 0
0 2 14 3 46 13 22 17 30 49 38 4 41 42 5 19 1 16 15 25 29 28 11 23 47 6 64 45 54 32 33 35 53 7 20 10 27 24 9 66 69 74 63 52 21 40 60 59 12 39 57 44 31 8 79 18 48 61 36 68 65 83 37 58 72 50 56 71 43 75 77 73 34 76 78 80 81 86 85 87 26 62 51 90 55 67 89 70 82 84 88 91 0 0 0 0 0 0 0 0 0 0 0 0 0 0 0 0 0 0 0 0 0 0 0 0 0 0 0 0 0 0 0 0 0 0 0 0 0 0 0 0 0 0 0 0 0 0 0 0 0 0 0 0 0 0 0 0 0 0 0 0 0 0 0 0 0 0 0 0 0 0 0 0 0 0 0 0 1 0 0 0 0 0 0 0 0 0 0 0 0 0 0 0
0 1 3 2 16 14 15 13 54 46 38 58 4 17 22 49 29 25 11 5 64 30 45 7 23 35 20 10 27 39 34 6 47 21 59 61 18 19 24 36 74 79 69 63 68 28 44 26 42 8 32 62 72 41 33 60 73 43 85 67 53 9 40 37 52 66 57 50 89 71 56 80 76 51 75 77 55 86 78 70 81 82 12 84 88 31 48 65 83 87 90 91 0 0 0 0 0 0 0 0 1 0 0 0 0 0 0 0 0 0 0 0 0 0 0 0 0 0 0 0 0 0 0 0 0 0 0 0 0 0 0 0 0 0 0 0 0 0 0 0 0 0 0 0 0 1 0 0 1 0 0 0 0 1 0 0 0 0 0 0 0 0 0 0 0 0 0 0 0 0 0 0 0 0 0 0 0 1 0 0 0 0 0 0
0 1 3 2 16 14 15 13 54 46 38 58 4 17 22 49 29 25 11 5 64 30 45 7 23 35 20 10 27 39 34 6 47 21 59 61 18 19 24 36 74 79 69 63 68 28 44 26 42 8 32 62 72 41 33 60 73 43 85 67 53 9 40 37 52 66 57 50 89 71 56 80 76 51 75 77 55 86 78 70 81 82 12 84 88 31 48 65 83 87 90 91 0 0 0 0 0 0 0 0 1 0 0 0 0 0 0 0 0 0 0 0 0 0 0 0 0 0 0 0 0 0 0 0 0 0 0 0 0 0 0 0 0 0 0 0 0 0 0 0 0 0 0 0 0 1 0 0 1 0 0 0 0 1 0 0 0 0 0 0 0 0 0 0 0 0 0 0 0 0 0 0 0 0 0 0 0 1 0 0 0 0 0 0
0 3 1 16 5 2 6 15 9 19 4 7 20 12 11 25 39 31 64 21 23 40 57 74 27 35 10 47 69 36 79 28 13 37 14 34 46 29 48 45 18 38 49 58 54 8 17 22 30 32 33 50 41 44 53 24 66 60 42 52 59 56 61 43 77 78 68 63 71 65 75 76 26 72 85 51 86 83 81 73 55 62 70 82 84 87 80 88 90 67 89 91 0 0 0 0 0 0 0 0 0 0 0 0 0 0 0 0 0 0 0 0 0 0 0 0 0 0 0 0 0 0 0 0 0 0 0 0 0 0 0 0 0 0 0 0 0 0 0 0 0 0 0 0 0 0 0 0 0 0 0 0 0 0 0 0 0 0 0 0 0 0 0 0 0 0 0 0 0 0 0 0 0 0 0 1 0 1 0 0 0 0 0 0
0 1 3 7 5 6 21 28 59 10 9 33 15 12 16 2 32 19 54 29 11 23 14 13 53 18 45 38 35 27 66 60 49 34 4 40 37 31 46 57 22 51 58 17 76 25 47 52 63 8 20 64 69 74 50 24 79 48 39 36 44 72 26 61 65 56 62 30 42 68 67 71 41 85 83 43 77 55 78 70 73 89 80 81 82 84 75 88 86 87 90 91 0 0 0 0 0 0 0 0 0 0 0 0 0 0 0 0 0 0 0 0 0 0 0 0 0 0 0 0 0 0 0 0 0 0 0 0 0 0 0 0 0 0 0 0 0 0 0 0 1 1 0 0 0 0 0 0 1 0 0 0 0 0 0 0 0 0 1 0 0 0 0 0 0 0 0 0 1 0 1 0 0 0 0 0 0 0 0 1 0 1 1 0
0 3 7 1 10 15 24 18 20 39 2 11 4 5 13 16 28 32 21 58 8 74 60 33 23 35 38 59 6 44 29 26 27 54 25 49 64 9 47 14 45 17 50 22 63 40 53 79 12 31 46 19 57 56 37 48 51 34 62 65 30 66 76 69 52 67 42 55 70 83 61 68 41 71 43 77 75 86 36 87 78 72 85 90 81 82 73 80 84 89 88 91 0 0 0 0 1 0 0 0 0 0 0 0 0 0 0 0 0 1 0 0 0 0 0 0 0 0 0 0 0 0 0 0 0 0 0 0 0 0 1 0 0 0 0 0 0 0 0 0 0 0 0 0 0 0 0 0 0 0 0 0 0 0 0 0 0 0 0 0 0 0 0 0 0 0 1 0 0 0 0 1 0 0 0 0 0 1 0 1 0 1 0 0
0 3 7 21 59 5 1 16 15 25 29 45 6 28 20 74 53 2 10 19 24 9 12 11 14 18 4 26 17 46 22 31 40 39 33 32 30 41 44 13 35 36 52 43 47 60 62 23 27 72 8 37 48 61 50 65 56 58 51 83 57 55 42 54 38 64 67 70 69 49 66 79 85 68 63 73 75 71 34 76 86 87 89 77 78 81 90 82 84 80 88 91 0 0 0 0 0 0 0 0 0 0 0 0 0 0 0 0 0 0 0 0 0 0 0 0 0 0 0 0 0 0 0 0 0 0 0 0 0 1 0 0 0 0 0 0 0 0 0 0 0 0 0 0 0 0 0 0 0 0 0 0 0 0 0 1 0 0 0 0 0 0 0 0 0 0 0 0 0 0 0 0 0 0 1 0 0 0 0 1 0 0 1 0
0 3 7 1 10 15 24 18 20 39 2 11 4 5 13 16 28 32 21 58 8 74 60 33 23 35 38 59 6 44 29 26 27 54 25 49 64 9 47 14 45 17 50 22 63 40 53 79 12 31 46 19 57 56 37 48 51 34 62 65 30 66 76 69 52 67 42 55 70 83 61 68 41 71 43 77 75 86 36 87 78 72 85 90 81 82 73 80 84 89 88 91 0 0 0 0 1 0 0 0 0 0 0 0 0 0 0 0 0 1 0 0 0 0 0 0 0 0 0 0 0 0 0 0 0 0 0 0 0 0 1 0 0 0 0 0 0 0 0 0 0 0 0 0 0 0 0 0 0 0 0 0 0 0 0 0 0 0 0 0 0 0 0 0 0 0 1 0 0 0 0 1 0 0 0 0 0 1 0 1 0 1 0 0
0 1 3 7 5 6 21 28 59 10 9 33 15 12 16 2 32 19 54 29 11 23 14 13 53 18 45 38 35 27 66 60 49 34 4 40 37 31 46 57 22 51 58 17 76 25 47 52 63 8 20 64 69 74 50 24 79 48 39 36 44 72 26 61 65 56 62 30 42 68 67 71 41 85 83 43 77 55 78 70 73 89 80 81 82 84 75 88 86 87 90 91 0 0 0 0 0 0 0 0 0 0 0 0 0 0 0 0 0 0 0 0 0 0 0 0 0 0 0 0 0 0 0 0 0 0 0 0 0 0 0 0 0 0 0 0 0 0 0 0 1 1 0 0 0 0 0 0 1 0 0 0 0 0 0 0 0 0 1 0 0 0 0 0 0 0 0 0 1 0 1 0 0 0 0 0 0 0 0 1 0 1 1 0
0 3 7 1 10 15 24 18 20 39 2 11 4 5 13 16 28 32 21 58 8 74 60 33 23 35 38 59 6 44 29 26 27 54 25 49 64 9 47 14 45 17 50 22 63 40 53 79 12 31 46 19 57 56 37 48 51 34 62 65 30 66 76 69 52 67 42 55 70 83 61 68 41 71 43 77 75 86 36 87 78 72 85 90 81 82 73 80 84 89 88 91 0 0 0 0 1 0 0 0 0 0 0 0 0 0 0 0 0 1 0 0 0 0 0 0 0 0 0 0 0 0 0 0 0 0 0 0 0 0 1 0 0 0 0 0 0 0 0 0 0 0 0 0 0 0 0 0 0 0 0 0 0 0 0 0 0 0 0 0 0 0 0 0 0 0 1 0 0 0 0 1 0 0 0 0 0 1 0 1 0 1 0 0
0 3 7 21 59 5 1 16 15 25 29 45 6 28 20 74 53 2 10 19 24 9 12 11 14 18 4 26 17 46 22 31 40 39 33 32 30 41 44 13 35 36 52 43 47 60 62 23 27 72 8 37 48 61 50 65 56 58 51 83 57 55 42 54 38 64 67 70 69 49 66 79 85 68 63 73 75 71 34 76 86 87 89 77 78 81 90 82 84 80 88 91 0 0 0 0 0 0 0 0 0 0 0 0 0 0 0 0 0 0 0 0 0 0 0 0 0 0 0 0 0 0 0 0 0 0 0 0 0 1 0 0 0 0 0 0 0 0 0 0 0 0 0 0 0 0 0 0 0 0 0 0 0 0 0 1 0 0 0 0 0 0 0 0 0 0 0 0 0 0 0 0 0 0 1 0 0 0 0 1 0 0 1 0
0 3 7 1 10 15 24 18 20 39 2 11 4 5 13 16 28 32 21 58 8 74 60 33 23 35 38 59 6 44 29 26 27 54 25 49 64 9 47 14 45 17 50 22 63 40 53 79 12 31 46 19 57 56 37 48 51 34 62 65 30 66 76 69 52 67 42 55 70 83 61 68 41 71 43 77 75 86 36 87 78 72 85 90 81 82 73 80 84 89 88 91 0 0 0 0 1 0 0 0 0 0 0 0 0 0 0 0 0 1 0 0 0 0 0 0 0 0 0 0 0 0 0 0 0 0 0 0 0 0 1 0 0 0 0 0 0 0 0 0 0 0 0 0 0 0 0 0 0 0 0 0 0 0 0 0 0 0 0 0 0 0 0 0 0 0 1 0 0 0 0 1 0 0 0 0 0 1 0 1 0 1 0 0
0 3 7 1 10 15 24 18 20 39 2 11 4 5 13 16 28 32 21 58 8 74 60 33 23 35 38 59 6 44 29 26 27 54 25 49 64 9 47 14 45 17 50 22 63 40 53 79 12 31 46 19 57 56 37 48 51 34 62 65 30 66 76 69 52 67 42 55 70 83 61 68 41 71 43 77 75 86 36 87 78 72 85 90 81 82 73 80 84 89 88 91 0 0 0 0 1 0 0 0 0 0 0 0 0 0 0 0 0 1 0 0 0 0 0 0 0 0 0 0 0 0 0 0 0 0 0 0 0 0 1 0 0 0 0 0 0 0 0 0 0 0 0 0 0 0 0 0 0 0 0 0 0 0 0 0 0 0 0 0 0 0 0 0 0 0 1 0 0 0 0 1 0 0 0 0 0 1 0 1 0 1 0 0
0 3 7 21 59 5 1 16 15 25 29 45 6 28 20 74 53 2 10 19 24 9 12 11 14 18 4 26 17 46 22 31 40 39 33 32 30 41 44 13 35 36 52 43 47 60 62 23 27 72 8 37 48 61 50 65 56 58 51 83 57 55 42 54 38 64 67 70 69 49 66 79 85 68 63 73 75 71 34 76 86 87 89 77 78 81 90 82 84 80 88 91 0 0 0 0 0 0 0 0 0 0 0 0 0 0 0 0 0 0 0 0 0 0 0 0 0 0 0 0 0 0 0 0 0 0 0 0 0 1 0 0 0 0 0 0 0 0 0 0 0 0 0 0 0 0 0 0 0 0 0 0 0 0 0 1 0 0 0 0 0 0 0 0 0 0 0 0 0 0 0 0 0 0 1 0 0 0 0 1 0 0 1 0
0 1 3 7 5 6 21 28 59 10 9 33 15 12 16 2 32 19 54 29 11 23 14 13 53 18 45 38 35 27 66 60 49 34 4 40 37 31 46 57 22 51 58 17 76 25 47 52 63 8 20 64 69 74 50 24 79 48 39 36 44 72 26 61 65 56 62 30 42 68 67 71 41 85 83 43 77 55 78 70 73 89 80 81 82 84 75 88 86 87 90 91 0 0 0 0 0 0 0 0 0 0 0 0 0 0 0 0 0 0 0 0 0 0 0 0 0 0 0 0 0 0 0 0 0 0 0 0 0 0 0 0 0 0 0 0 0 0 0 0 1 1 0 0 0 0 0 0 1 0 0 0 0 0 0 0 0 0 1 0 0 0 0 0 0 0 0 0 1 0 1 0 0 0 0 0 0 0 0 1 0 1 1 0
0 3 1 16 5 2 6 15 9 19 4 7 20 12 11 25 39 31 64 21 23 40 57 74 27 35 10 47 69 36 79 28 13 37 14 34 46 29 48 45 18 38 49 58 54 8 17 22 30 32 33 50 41 44 53 24 66 60 42 52 59 56 61 43 77 78 68 63 71 65 75 76 26 72 85 51 86 83 81 73 55 62 70 82 84 87 80 88 90 67 89 91 0 0 0 0 0 0 0 0 0 0 0 0 0 0 0 0 0 0 0 0 0 0 0 0 0 0 0 0 0 0 0 0 0 0 0 0 0 0 0 0 0 0 0 0 0 0 0 0 0 0 0 0 0 0 0 0 0 0 0 0 0 0 0 0 0 0 0 0 0 0 0 0 0 0 0 0 0 0 0 0 0 0 0 1 0 1 0 0 0 0 0 0
0 1 2 16 29 45 13 14 25 46 64 15 54 38 49 58 4 8 3 69 47 17 22 7 5 28 11 20 21 30 35 32 33 74 19 39 23 6 27 44 9 12 31 40 57 10 18 36 79 37 52 53 59 51 26 72 61 42 55 50 41 70 63 60 24 34 43 48 85 62 66 77 76 65 67 83 78 81 82 56 68 75 84 86 73 87 71 90 80 88 89 91 0 0 0 0 0 1 0 0 0 0 0 0 0 0 0 0 0 0 0 0 0 0 0 0 0 0 1 0 0 0 0 0 0 0 0 0 0 1 0 0 0 0 0 0 0 0 0 0 0 0 1 0 0 0 1 0 0 0 0 0 0 0 0 0 0 0 0 0 0 0 0 0 0 0 0 0 0 0 0 0 0 0 0 0 0 1 0 0 0 0 0 0
0 1 2 16 29 45 13 14 25 46 64 15 54 38 49 58 4 8 3 69 47 17 22 7 5 28 11 20 21 30 35 32 33 74 19 39 23 6 27 44 9 12 31 40 57 10 18 36 79 37 52 53 59 51 26 72 61 42 55 50 41 70 63 60 24 34 43 48 85 62 66 77 76 65 67 83 78 81 82 56 68 75 84 86 73 87 71 90 80 88 89 91 0 0 0 0 0 1 0 0 0 0 0 0 0 0 0 0 0 0 0 0 0 0 0 0 0 0 1 0 0 0 0 0 0 0 0 0 0 1 0 0 0 0 0 0 0 0 0 0 0 0 1 0 0 0 1 0 0 0 0 0 0 0 0 0 0 0 0 0 0 0 0 0 0 0 0 0 0 0 0 0 0 0 0 0 0 1 0 0 0 0 0 0
0 3 1 15 54 2 4 8 11 7 10 24 20 21 35 39 18 14 22 46 30 17 41 74 13 49 5 28 42 6 38 19 58 16 53 29 23 27 25 79 44 33 45 36 32 72 66 50 59 37 34 43 47 9 63 64 60 85 12 26 40 69 31 62 67 51 55 70 61 52 68 71 56 57 48 75 73 80 77 78 76 89 65 81 82 84 86 88 83 87 90 91 0 1 0 0 0 0 0 0 1 0 0 0 0 0 0 0 0 0 0 0 0 0 0 0 0 0 1 0 1 0 0 0 0 0 0 0 0 0 0 0 0 0 0 0 0 0 0 0 0 0 1 0 0 0 0 0 0 0 0 0 1 0 0 0 0 0 0 0 0 0 0 0 0 0 0 0 0 0 0 0 0 0 0 0 0 0 0 0 0 0 0 0
0 2 13 38 14 17 46 4 22 58 1 3 11 7 23 21 8 27 15 54 20 5 16 25 49 19 10 64 29 39 30 6 44 37 9 47 35 24 28 18 51 45 40 56 74 32 12 69 63 59 60 34 41 33 55 61 31 42 50 36 72 48 79 70 52 43 53 66 57 65 76 77 26 62 67 83 68 71 78 73 85 75 86 89 80 81 82 87 84 90 88 91 0 0 0 0 0 1 0 0 1 0 0 0 0 0 0 0 0 0 0 0 0 0 0 0 0 0 0 0 0 0 0 0 0 0 0 0 0 0 1 0 0 0 1 1 0 0 0 0 0 0 1 0 0 0 0 0 0 0 0 0 1 0 0 0 0 0 0 0 0 0 0 0 0 0 0 0 0 0 0 0 0 0 0 0 0 1 0 0 0 0 0 0
0 3 11 35 5 28 2 7 14 13 6 4 9 17 19 21 23 46 32 60 49 33 50 22 59 12 1 20 16 40 39 27 44 58 57 56 31 29 74 48 25 47 37 30 8 45 34 53 38 52 10 24 15 18 54 79 26 63 64 69 62 66 61 51 67 68 41 71 43 77 65 76 42 55 70 83 36 85 72 75 86 87 73 89 80 90 78 81 82 84 88 91 0 0 0 0 0 0 0 0 0 0 0 0 0 0 0 0 0 0 0 0 0 0 0 1 0 0 0 0 0 0 0 1 0 0 0 0 0 0 0 0 0 0 0 0 0 0 0 0 0 0 0 0 0 0 0 0 0 0 0 0 0 0 0 0 0 0 0 0 1 0 0 0 0 1 0 0 0 0 0 0 0 0 0 0 0 1 0 0 0 0 0 0
0 3 1 15 54 2 4 8 11 7 10 24 20 21 35 39 18 14 22 46 30 17 41 74 13 49 5 28 42 6 38 19 58 16 53 29 23 27 25 79 44 33 45 36 32 72 66 50 59 37 34 43 47 9 63 64 60 85 12 26 40 69 31 62 67 51 55 70 61 52 68 71 56 57 48 75 73 80 77 78 76 89 65 81 82 84 86 88 83 87 90 91 0 1 0 0 0 0 0 0 1 0 0 0 0 0 0 0 0 0 0 0 0 0 0 0 0 0 1 0 1 0 0 0 0 0 0 0 0 0 0 0 0 0 0 0 0 0 0 0 0 0 1 0 0 0 0 0 0 0 0 0 1 0 0 0 0 0 0 0 0 0 0 0 0 0 0 0 0 0 0 0 0 0 0 0 0 0 0 0 0 0 0 0
0 3 11 35 5 28 2 7 14 13 6 4 9 17 19 21 23 46 32 60 49 33 50 22 59 12 1 20 16 40 39 27 44 58 57 56 31 29 74 48 25 47 37 30 8 45 34 53 38 52 10 24 15 18 54 79 26 63 64 69 62 66 61 51 67 68 41 71 43 77 65 76 42 55 70 83 36 85 72 75 86 87 73 89 80 90 78 81 82 84 88 91 0 0 0 0 0 0 0 0 0 0 0 0 0 0 0 0 0 0 0 0 0 0 0 1 0 0 0 0 0 0 0 1 0 0 0 0 0 0 0 0 0 0 0 0 0 0 0 0 0 0 0 0 0 0 0 0 0 0 0 0 0 0 0 0 0 0 0 0 1 0 0 0 0 1 0 0 0 0 0 0 0 0 0 0 0 1 0 0 0 0 0 0
0 3 1 15 54 2 4 8 11 7 10 24 20 21 35 39 18 14 22 46 30 17 41 74 13 49 5 28 42 6 38 19 58 16 53 29 23 27 25 79 44 33 45 36 32 72 66 50 59 37 34 43 47 9 63 64 60 85 12 26 40 69 31 62 67 51 55 70 61 52 68 71 56 57 48 75 73 80 77 78 76 89 65 81 82 84 86 88 83 87 90 91 0 1 0 0 0 0 0 0 1 0 0 0 0 0 0 0 0 0 0 0 0 0 0 0 0 0 1 0 1 0 0 0 0 0 0 0 0 0 0 0 0 0 0 0 0 0 0 0 0 0 1 0 0 0 0 0 0 0 0 0 1 0 0 0 0 0 0 0 0 0 0 0 0 0 0 0 0 0 0 0 0 0 0 0 0 0 0 0 0 0 0 0
0 2 13 38 14 17 46 4 22 58 1 3 11 7 23 21 8 27 15 54 20 5 16 25 49 19 10 64 29 39 30 6 44 37 9 47 35 24 28 18 51 45 40 56 74 32 12 69 63 59 60 34 41 33 55 61 31 42 50 36 72 48 79 70 52 43 53 66 57 65 76 77 26 62 67 83 68 71 78 73 85 75 86 89 80 81 82 87 84 90 88 91 0 0 0 0 0 1 0 0 1 0 0 0 0 0 0 0 0 0 0 0 0 0 0 0 0 0 0 0 0 0 0 0 0 0 0 0 0 0 1 0 0 0 1 1 0 0 0 0 0 0 1 0 0 0 0 0 0 0 0 0 1 0 0 0 0 0 0 0 0 0 0 0 0 0 0 0 0 0 0 0 0 0 0 0 0 1 0 0 0 0 0 0
0 2 13 38 14 17 46 4 22 58 1 3 11 7 23 21 8 27 15 54 20 5 16 25 49 19 10 64 29 39 30 6 44 37 9 47 35 24 28 18 51 45 40 56 74 32 12 69 63 59 60 34 41 33 55 61 31 42 50 36 72 48 79 70 52 43 53 66 57 65 76 77 26 62 67 83 68 71 78 73 85 75 86 89 80 81 82 87 84 90 88 91 0 0 0 0 0 1 0 0 1 0 0 0 0 0 0 0 0 0 0 0 0 0 0 0 0 0 0 0 0 0 0 0 0 0 0 0 0 0 1 0 0 0 1 1 0 0 0 0 0 0 1 0 0 0 0 0 0 0 0 0 1 0 0 0 0 0 0 0 0 0 0 0 0 0 0 0 0 0 0 0 0 0 0 0 0 1 0 0 0 0 0 0
0 1 3 5 2 6 7 11 10 13 38 23 27 35 14 21 4 34 17 20 24 46 8 49 39 15 16 58 29 25 64 69 45 54 74 47 63 22 59 19 28 53 36 18 85 33 37 9 30 51 42 26 62 41 44 79 32 55 70 67 52 40 12 50 31 72 48 65 66 83 57 60 76 61 43 68 75 77 71 86 73 80 56 78 87 89 81 82 84 88 90 91 0 0 0 0 0 0 0 0 0 0 0 0 0 0 0 0 0 0 0 0 0 0 0 0 0 0 0 0 0 0 0 0 0 0 0 0 0 0 0 0 0 0 0 0 0 0 0 0 1 0 0 0 0 0 0 0 1 1 0 0 0 0 0 0 0 0 0 0 0 0 0 0 0 0 0 0 1 0 0 0 0 1 0 0 0 1 0 0 0 0 0 0
0 1 3 5 2 6 7 11 10 13 38 23 27 35 14 21 4 34 17 20 24 46 8 49 39 15 16 58 29 25 64 69 45 54 74 47 63 22 59 19 28 53 36 18 85 33 37 9 30 51 42 26 62 41 44 79 32 55 70 67 52 40 12 50 31 72 48 65 66 83 57 60 76 61 43 68 75 77 71 86 73 80 56 78 87 89 81 82 84 88 90 91 0 0 0 0 0 0 0 0 0 0 0 0 0 0 0 0 0 0 0 0 0 0 0 0 0 0 0 0 0 0 0 0 0 0 0 0 0 0 0 0 0 0 0 0 0 0 0 0 1 0 0 0 0 0 0 0 1 1 0 0 0 0 0 0 0 0 0 0 0 0 0 0 0 0 0 0 1 0 0 0 0 1 0 0 0 1 0 0 0 0 0 0
0 2 1 14 3 4 15 8 13 58 49 54 5 22 28 11 32 30 6 35 38 50 33 9 40 60 57 19 16 7 20 52 41 23 39 10 42 29 45 18 53 44 27 17 56 34 36 72 25 12 37 47 66 51 43 76 46 64 55 74 70 24 79 21 59 69 61 26 31 63 62 85 68 67 48 75 71 65 83 73 80 86 87 89 77 78 81 82 84 90 88 91 0 0 0 0 0 0 0 0 0 0 0 0 0 0 0 0 0 0 0 0 0 0 0 0 0 0 0 0 0 0 0 0 0 0 0 0 0 0 0 0 0 0 1 0 0 0 0 0 0 0 0 0 0 0 0 0 1 0 0 0 0 0 0 0 0 0 0 0 0 0 0 0 0 0 0 0 0 0 0 0 0 0 0 0 0 0 0 0 0 1 0 0
0 2 1 14 3 4 15 8 13 58 49 54 5 22 28 11 32 30 6 35 38 50 33 9 40 60 57 19 16 7 20 52 41 23 39 10 42 29 45 18 53 44 27 17 56 34 36 72 25 12 37 47 66 51 43 76 46 64 55 74 70 24 79 21 59 69 61 26 31 63 62 85 68 67 48 75 71 65 83 73 80 86 87 89 77 78 81 82 84 90 88 91 0 0 0 0 0 0 0 0 0 0 0 0 0 0 0 0 0 0 0 0 0 0 0 0 0 0 0 0 0 0 0 0 0 0 0 0 0 0 0 0 0 0 1 0 0 0 0 0 0 0 0 0 0 0 0 0 1 0 0 0 0 0 0 0 0 0 0 0 0 0 0 0 0 0 0 0 0 0 0 0 0 0 0 0 0 0 0 0 0 1 0 0
0 2 13 58 14 3 5 11 46 6 23 9 1 16 49 22 19 25 17 4 30 7 21 64 28 35 12 38 10 18 59 31 47 69 15 26 20 36 33 29 8 72 48 45 42 54 63 24 41 62 61 65 52 74 32 43 85 27 79 77 68 67 37 40 34 50 83 73 89 39 60 57 71 44 78 56 75 53 51 80 66 81 55 76 70 86 82 84 88 87 90 91 0 0 0 0 0 0 0 0 0 0 0 0 0 0 0 0 0 0 0 0 0 0 0 0 0 0 0 0 0 0 0 0 0 0 0 0 0 0 0 0 0 0 0 0 0 0 0 0 0 0 0 0 0 0 0 0 0 0 0 0 0 0 0 0 0 0 0 0 0 0 0 0 0 0 0 0 0 0 0 0 0 0 0 0 0 0 0 0 0 0 0 0
0 2 1 3 15 5 6 19 7 16 11 4 35 8 28 20 23 54 39 10 21 53 59 14 29 13 44 33 17 25 64 74 49 22 24 79 27 34 32 50 46 9 37 47 45 69 36 85 51 72 58 55 30 42 40 66 57 38 52 41 60 18 12 31 26 70 48 56 65 76 43 62 67 61 68 83 71 63 73 75 77 78 86 81 89 82 87 84 90 80 88 91 0 0 0 0 0 0 0 0 0 0 0 0 0 0 0 0 0 0 1 0 0 0 0 0 0 0 0 0 0 0 0 0 0 0 0 0 0 0 0 0 0 0 0 0 0 0 0 0 0 0 0 0 0 0 0 0 0 0 0 0 0 0 0 0 0 0 0 0 0 0 1 0 0 0 0 0 0 0 0 0 0 0 0 0 0 0 0 0 0 0 0 0
0 2 1 3 15 5 6 19 7 16 11 4 35 8 28 20 23 54 39 10 21 53 59 14 29 13 44 33 17 25 64 74 49 22 24 79 27 34 32 50 46 9 37 47 45 69 36 85 51 72 58 55 30 42 40 66 57 38 52 41 60 18 12 31 26 70 48 56 65 76 43 62 67 61 68 83 71 63 73 75 77 78 86 81 89 82 87 84 90 80 88 91 0 0 0 0 0 0 0 0 0 0 0 0 0 0 0 0 0 0 1 0 0 0 0 0 0 0 0 0 0 0 0 0 0 0 0 0 0 0 0 0 0 0 0 0 0 0 0 0 0 0 0 0 0 0 0 0 0 0 0 0 0 0 0 0 0 0 0 0 0 0 1 0 0 0 0 0 0 0 0 0 0 0 0 0 0 0 0 0 0 0 0 0
0 3 7 11 35 2 14 46 21 5 4 10 28 20 18 19 36 32 59 39 72 8 23 6 33 17 1 27 15 24 13 16 26 37 25 22 60 50 53 44 62 74 38 51 85 34 49 64 9 40 47 69 57 29 54 30 45 12 63 42 31 58 56 52 79 41 55 48 61 66 76 43 70 77 65 78 68 83 67 81 73 89 71 80 75 86 87 90 82 84 88 91 0 0 0 0 0 0 0 0 0 0 0 1 0 0 0 0 0 0 0 0 0 0 0 0 0 0 0 0 0 0 0 0 0 0 0 0 0 0 0 0 0 0 0 0 0 0 0 0 0 0 0 0 0 0 0 0 1 1 0 0 0 0 0 0 0 0 1 0 0 0 0 0 1 0 0 0 0 0 0 0 0 0 0 0 0 0 0 0 0 0 0 0
0 1 15 16 3 54 5 29 6 28 11 23 2 14 13 19 38 58 7 21 59 10 9 24 12 32 40 33 4 20 25 47 53 64 69 74 52 50 22 31 27 8 57 35 49 45 79 18 34 46 63 17 26 60 37 39 51 66 76 36 30 41 55 42 44 85 48 65 62 70 67 43 83 72 56 77 61 78 81 68 73 89 82 71 80 75 86 84 87 88 90 91 0 0 0 0 0 0 0 0 0 0 0 0 0 0 0 0 0 0 0 0 0 0 0 0 0 0 1 0 0 0 0 0 0 0 0 0 0 0 0 0 0 0 0 0 0 0 0 0 1 0 0 0 0 0 0 0 0 0 0 0 0 1 0 0 0 0 0 0 0 0 0 0 0 0 0 0 0 0 0 1 0 0 0 0 0 1 0 0 0 0 0 0
0 3 7 11 35 2 14 46 21 5 4 10 28 20 18 19 36 32 59 39 72 8 23 6 33 17 1 27 15 24 13 16 26 37 25 22 60 50 53 44 62 74 38 51 85 34 49 64 9 40 47 69 57 29 54 30 45 12 63 42 31 58 56 52 79 41 55 48 61 66 76 43 70 77 65 78 68 83 67 81 73 89 71 80 75 86 87 90 82 84 88 91 0 0 0 0 0 0 0 0 0 0 0 1 0 0 0 0 0 0 0 0 0 0 0 0 0 0 0 0 0 0 0 0 0 0 0 0 0 0 0 0 0 0 0 0 0 0 0 0 0 0 0 0 0 0 0 0 1 1 0 0 0 0 0 0 0 0 1 0 0 0 0 0 1 0 0 0 0 0 0 0 0 0 0 0 0 0 0 0 0 0 0 0
0 1 15 16 3 54 5 29 6 28 11 23 2 14 13 19 38 58 7 21 59 10 9 24 12 32 40 33 4 20 25 47 53 64 69 74 52 50 22 31 27 8 57 35 49 45 79 18 34 46 63 17 26 60 37 39 51 66 76 36 30 41 55 42 44 85 48 65 62 70 67 43 83 72 56 77 61 78 81 68 73 89 82 71 80 75 86 84 87 88 90 91 0 0 0 0 0 0 0 0 0 0 0 0 0 0 0 0 0 0 0 0 0 0 0 0 0 0 1 0 0 0 0 0 0 0 0 0 0 0 0 0 0 0 0 0 0 0 0 0 1 0 0 0 0 0 0 0 0 0 0 0 0 1 0 0 0 0 0 0 0 0 0 0 0 0 0 0 0 0 0 1 0 0 0 0 0 1 0 0 0 0 0 0
0 1 16 29 45 15 54 25 3 47 7 11 5 6 2 28 33 4 14 46 21 10 18 59 24 20 74 26 17 39 44 62 23 61 19 64 52 22 32 35 9 69 12 27 40 30 63 41 13 68 58 49 38 60 8 34 37 36 79 50 43 57 56 75 31 48 65 77 85 71 83 72 78 67 73 89 80 51 55 53 42 66 76 86 87 90 81 70 82 84 88 91 0 0 0 0 0 0 0 0 1 0 0 0 0 0 0 0 0 0 0 0 0 0 0 0 0 0 0 0 0 0 0 0 0 0 0 0 0 0 0 0 0 0 0 0 0 0 0 0 0 0 0 0 0 0 0 0 0 1 0 1 0 0 0 0 0 0 0 0 0 0 0 0 0 0 0 0 0 0 0 0 0 0 0 0 0 0 0 0 0 0 0 0
0 2 1 16 13 58 3 4 7 49 10 18 5 15 26 20 14 8 39 28 46 17 6 21 32 19 53 54 62 38 22 11 33 35 50 74 9 67 59 23 60 25 52 27 40 29 30 45 36 37 24 44 85 51 56 12 57 47 64 41 79 61 63 66 76 55 72 31 42 69 34 48 65 83 70 43 68 71 73 89 75 77 80 86 78 81 87 82 84 88 90 91 0 0 0 0 0 0 0 0 1 0 0 0 0 0 0 0 0 0 0 0 0 0 0 0 0 0 0 0 0 0 0 0 0 0 0 0 0 0 0 0 0 0 0 0 0 0 0 0 0 0 0 0 0 0 0 0 0 0 0 0 1 0 1 0 0 0 0 0 0 0 0 0 1 0 0 0 0 0 0 0 0 0 0 1 0 0 0 0 0 0 0 0
0 2 1 16 13 58 3 4 7 49 10 18 5 15 26 20 14 8 39 28 46 17 6 21 32 19 53 54 62 38 22 11 33 35 50 74 9 67 59 23 60 25 52 27 40 29 30 45 36 37 24 44 85 51 56 12 57 47 64 41 79 61 63 66 76 55 72 31 42 69 34 48 65 83 70 43 68 71 73 89 75 77 80 86 78 81 87 82 84 88 90 91 0 0 0 0 0 0 0 0 1 0 0 0 0 0 0 0 0 0 0 0 0 0 0 0 0 0 0 0 0 0 0 0 0 0 0 0 0 0 0 0 0 0 0 0 0 0 0 0 0 0 0 0 0 0 0 0 0 0 0 0 1 0 1 0 0 0 0 0 0 0 0 0 1 0 0 0 0 0 0 0 0 0 0 1 0 0 0 0 0 0 0 0
0 1 16 29 45 15 54 25 3 47 7 11 5 6 2 28 33 4 14 46 21 10 18 59 24 20 74 26 17 39 44 62 23 61 19 64 52 22 32 35 9 69 12 27 40 30 63 41 13 68 58 49 38 60 8 34 37 36 79 50 43 57 56 75 31 48 65 77 85 71 83 72 78 67 73 89 80 51 55 53 42 66 76 86 87 90 81 70 82 84 88 91 0 0 0 0 0 0 0 0 1 0 0 0 0 0 0 0 0 0 0 0 0 0 0 0 0 0 0 0 0 0 0 0 0 0 0 0 0 0 0 0 0 0 0 0 0 0 0 0 0 0 0 0 0 0 0 0 0 1 0 1 0 0 0 0 0 0 0 0 0 0 0 0 0 0 0 0 0 0 0 0 0 0 0 0 0 0 0 0 0 0 0 0
0 2 1 16 13 58 3 4 7 49 10 18 5 15 26 20 14 8 39 28 46 17 6 21 32 19 53 54 62 38 22 11 33 35 50 74 9 67 59 23 60 25 52 27 40 29 30 45 36 37 24 44 85 51 56 12 57 47 64 41 79 61 63 66 76 55 72 31 42 69 34 48 65 83 70 43 68 71 73 89 75 77 80 86 78 81 87 82 84 88 90 91 0 0 0 0 0 0 0 0 1 0 0 0 0 0 0 0 0 0 0 0 0 0 0 0 0 0 0 0 0 0 0 0 0 0 0 0 0 0 0 0 0 0 0 0 0 0 0 0 0 0 0 0 0 0 0 0 0 0 0 0 1 0 1 0 0 0 0 0 0 0 0 0 1 0 0 0 0 0 0 0 0 0 0 1 0 0 0 0 0 0 0 0
0 2 1 16 13 58 3 4 7 49 10 18 5 15 26 20 14 8 39 28 46 17 6 21 32 19 53 54 62 38 22 11 33 35 50 74 9 67 59 23 60 25 52 27 40 29 30 45 36 37 24 44 85 51 56 12 57 47 64 41 79 61 63 66 76 55 72 31 42 69 34 48 65 83 70 43 68 71 73 89 75 77 80 86 78 81 87 82 84 88 90 91 0 0 0 0 0 0 0 0 1 0 0 0 0 0 0 0 0 0 0 0 0 0 0 0 0 0 0 0 0 0 0 0 0 0 0 0 0 0 0 0 0 0 0 0 0 0 0 0 0 0 0 0 0 0 0 0 0 0 0 0 1 0 1 0 0 0 0 0 0 0 0 0 1 0 0 0 0 0 0 0 0 0 0 1 0 0 0 0 0 0 0 0
0 1 16 29 45 15 54 25 3 47 7 11 5 6 2 28 33 4 14 46 21 10 18 59 24 20 74 26 17 39 44 62 23 61 19 64 52 22 32 35 9 69 12 27 40 30 63 41 13 68 58 49 38 60 8 34 37 36 79 50 43 57 56 75 31 48 65 77 85 71 83 72 78 67 73 89 80 51 55 53 42 66 76 86 87 90 81 70 82 84 88 91 0 0 0 0 0 0 0 0 1 0 0 0 0 0 0 0 0 0 0 0 0 0 0 0 0 0 0 0 0 0 0 0 0 0 0 0 0 0 0 0 0 0 0 0 0 0 0 0 0 0 0 0 0 0 0 0 0 1 0 1 0 0 0 0 0 0 0 0 0 0 0 0 0 0 0 0 0 0 0 0 0 0 0 0 0 0 0 0 0 0 0 0
0 2 1 16 13 58 3 4 7 49 10 18 5 15 26 20 14 8 39 28 46 17 6 21 32 19 53 54 62 38 22 11 33 35 50 74 9 67 59 23 60 25 52 27 40 29 30 45 36 37 24 44 85 51 56 12 57 47 64 41 79 61 63 66 76 55 72 31 42 69 34 48 65 83 70 43 68 71 73 89 75 77 80 86 78 81 87 82 84 88 90 91 0 0 0 0 0 0 0 0 1 0 0 0 0 0 0 0 0 0 0 0 0 0 0 0 0 0 0 0 0 0 0 0 0 0 0 0 0 0 0 0 0 0 0 0 0 0 0 0 0 0 0 0 0 0 0 0 0 0 0 0 1 0 1 0 0 0 0 0 0 0 0 0 1 0 0 0 0 0 0 0 0 0 0 1 0 0 0 0 0 0 0 0
0 3 7 20 5 1 10 21 11 15 35 54 59 39 23 2 16 14 28 6 44 27 13 25 22 46 19 74 38 17 4 30 49 41 24 29 58 45 43 47 42 34 18 26 79 62 32 64 50 53 36 33 69 61 63 85 60 9 40 37 12 8 56 52 72 57 51 77 78 81 66 31 48 67 76 68 71 75 55 73 89 80 65 70 86 82 83 84 87 90 88 91 0 0 0 0 1 0 0 0 0 0 0 0 0 0 0 0 0 0 0 0 0 0 0 0 0 0 0 0 0 0 0 0 0 0 0 0 0 0 0 0 0 0 0 0 0 0 0 0 0 0 0 0 0 0 0 0 0 0 1 0 0 0 1 0 0 0 0 1 0 1 0 0 0 0 0 0 0 0 0 0 0 0 0 0 0 0 0 0 0 0 0 0
0 3 7 20 5 1 10 21 11 15 35 54 59 39 23 2 16 14 28 6 44 27 13 25 22 46 19 74 38 17 4 30 49 41 24 29 58 45 43 47 42 34 18 26 79 62 32 64 50 53 36 33 69 61 63 85 60 9 40 37 12 8 56 52 72 57 51 77 78 81 66 31 48 67 76 68 71 75 55 73 89 80 65 70 86 82 83 84 87 90 88 91 0 0 0 0 1 0 0 0 0 0 0 0 0 0 0 0 0 0 0 0 0 0 0 0 0 0 0 0 0 0 0 0 0 0 0 0 0 0 0 0 0 0 0 0 0 0 0 0 0 0 0 0 0 0 0 0 0 0 1 0 0 0 1 0 0 0 0 1 0 1 0 0 0 0 0 0 0 0 0 0 0 0 0 0 0 0 0 0 0 0 0 0
0 2 4 14 3 17 1 13 8 58 22 11 7 49 10 21 30 38 5 23 16 46 24 28 41 20 32 27 42 74 33 15 34 54 35 59 19 79 52 37 25 60 43 47 18 50 36 51 55 6 9 64 12 61 31 53 29 48 70 40 72 26 39 45 66 65 44 69 57 56 76 63 77 85 78 62 68 67 83 71 75 81 86 82 73 84 80 87 89 90 88 91 0 0 0 0 0 0 0 0 0 0 0 0 0 0 0 0 0 0 0 0 0 0 0 0 0 0 0 0 0 0 0 0 0 0 0 0 0 0 0 0 0 0 0 0 0 0 0 0 0 0 0 0 0 0 0 0 0 0 0 0 0 0 0 0 0 0 0 0 0 0 0 0 0 0 0 0 0 0 0 0 0 0 0 0 0 0 0 0 0 0 0 0
0 3 5 2 13 49 4 28 11 53 7 8 19 32 1 33 50 58 16 21 15 52 14 20 23 17 46 39 35 60 27 54 34 59 29 25 6 47 9 61 44 12 37 31 40 56 38 22 74 45 63 66 79 64 30 10 69 42 48 18 68 51 41 57 55 75 65 71 43 36 76 24 77 83 26 78 62 67 70 86 85 87 90 72 73 81 82 84 80 89 88 91 0 0 0 0 0 0 0 0 0 0 0 1 0 0 0 0 0 0 0 0 0 0 0 0 0 0 0 0 0 0 0 0 0 0 0 0 0 0 0 0 0 0 0 0 0 0 0 0 0 0 0 0 0 0 0 0 0 0 0 0 0 0 0 0 0 0 0 0 0 0 0 0 0 1 0 0 0 0 0 0 0 0 0 0 0 0 0 0 0 0 0 0
0 2 13 4 49 3 8 38 7 21 5 28 6 32 58 11 1 10 20 14 15 33 35 54 74 23 27 17 22 30 59 46 53 52 36 19 16 29 79 42 37 51 55 85 45 18 70 26 9 41 12 39 25 40 47 34 60 50 61 64 31 24 43 69 68 62 77 78 72 81 44 48 67 66 56 65 83 57 75 82 71 63 84 73 80 76 86 87 89 90 88 91 0 0 0 0 0 0 0 0 0 0 0 0 0 0 0 0 0 1 0 0 0 0 0 0 0 0 0 0 0 0 0 0 0 0 0 0 0 0 0 0 0 0 0 0 0 0 0 0 0 0 0 0 0 0 1 0 0 0 0 0 0 0 0 0 0 0 0 0 0 0 0 0 0 0 0 0 0 0 0 0 0 0 0 0 0 0 0 0 0 0 0 0
