0 2 3 4 1 6 14 7 8 19 9 5 13 16 12 18 20 17 11 15 10 23 26 25 27 28 22 24 21 30 29 31 0 0 0 0 0 0 0 0 0 0 0 0 0 0 0 0 0 0 0 0 0 0 1 0 0 0 0 1 0 0 0 0
0 2 3 4 9 16 1 7 8 6 14 19 13 5 12 18 20 17 11 15 10 23 26 25 27 28 22 24 21 29 30 31 0 0 0 0 0 0 0 0 0 0 0 0 0 0 0 0 0 0 0 0 0 0 1 0 0 0 0 1 0 0 0 0
0 2 1 3 7 6 4 9 13 14 12 18 20 17 5 16 11 19 8 10 15 23 26 27 25 28 22 24 21 29 30 31 0 0 0 0 0 0 0 0 0 0 0 0 0 0 0 0 0 0 0 0 0 0 1 0 0 0 0 1 1 0 0 0
0 2 3 4 9 1 6 16 14 7 8 13 12 18 20 17 19 5 11 15 10 23 26 27 25 28 22 24 21 29 30 31 0 0 0 0 0 0 0 0 0 0 0 0 0 0 0 0 0 0 0 0 0 0 1 0 0 0 0 1 1 0 0 0
0 2 1 3 7 6 4 9 13 14 12 18 20 17 5 16 11 19 8 10 15 23 26 27 25 28 22 24 21 29 30 31 0 0 0 0 0 0 0 0 0 0 0 0 0 0 0 0 0 0 0 0 0 0 1 0 0 0 0 1 1 0 0 0
0 2 3 4 9 1 6 16 7 14 13 12 18 20 17 5 19 11 8 15 10 23 26 27 25 28 22 24 21 29 30 31 0 0 0 0 0 0 0 0 0 0 0 0 0 0 0 0 0 0 0 0 0 0 1 0 0 0 0 1 0 0 0 0
0 2 3 4 1 6 14 7 8 19 9 5 13 16 12 18 20 17 11 15 10 23 26 27 25 28 22 24 21 30 29 31 0 0 0 0 0 0 0 0 0 0 0 0 0 0 0 0 0 0 0 0 0 0 1 0 0 0 0 0 0 0 0 0
0 2 3 4 9 1 6 16 7 14 13 12 18 20 17 5 8 19 11 15 10 23 26 27 25 28 22 24 21 29 30 31 0 0 0 0 0 0 0 0 0 0 0 0 0 0 0 0 0 0 0 0 0 0 1 0 0 0 0 1 0 0 0 0
0 2 4 3 1 6 7 9 16 14 13 12 18 20 17 5 8 19 11 15 10 23 26 25 27 21 22 24 28 30 29 31 0 0 0 0 0 0 0 0 0 0 0 0 0 0 0 0 0 0 0 0 0 0 1 0 0 0 0 1 0 0 0 0
0 2 3 4 9 1 6 5 7 13 16 14 8 19 12 18 20 17 11 15 10 23 26 27 25 28 22 24 21 29 30 31 0 0 0 0 0 0 0 0 0 0 0 0 0 0 0 0 0 0 0 0 0 0 1 0 0 0 0 1 0 0 0 0
0 2 3 4 1 9 6 14 7 8 13 12 18 20 17 19 5 16 11 15 10 23 26 27 25 21 22 24 28 30 29 31 0 0 0 0 0 0 0 0 0 0 0 0 0 0 0 0 0 0 0 0 0 0 1 0 0 0 0 1 0 0 0 0
0 2 3 4 1 9 16 6 7 14 13 12 18 20 17 5 8 19 11 23 15 10 26 27 25 28 22 24 21 29 30 31 0 0 0 0 0 0 0 0 0 0 0 0 0 0 0 0 0 0 0 0 0 0 1 0 0 0 0 1 1 0 0 0
0 2 3 4 9 1 6 16 7 14 13 12 18 20 17 5 8 19 11 15 10 23 26 27 25 28 22 24 21 30 29 31 0 0 0 0 0 0 0 0 0 0 0 0 0 0 0 0 0 0 0 0 0 0 1 0 0 0 0 1 0 0 0 0
0 2 3 4 1 6 14 7 8 19 9 5 13 16 12 18 20 17 11 15 10 23 26 27 25 28 22 24 21 30 29 31 0 0 0 1 0 0 0 0 0 0 0 0 0 0 0 0 0 0 0 0 0 0 1 0 1 0 0 1 0 0 0 0
0 2 3 4 9 16 1 7 8 6 14 19 13 5 12 18 20 17 11 15 10 23 26 25 27 28 22 24 21 29 30 31 0 0 0 0 0 0 0 0 0 0 0 0 0 0 0 0 0 0 0 0 0 0 1 0 0 0 0 1 0 0 0 0
0 2 3 4 1 6 7 9 16 8 14 19 13 5 12 18 20 17 11 15 10 23 26 25 27 28 22 24 21 30 29 31 0 0 0 0 0 0 0 0 0 0 0 0 0 0 0 0 0 0 0 0 0 0 1 0 0 0 0 1 0 0 0 0
0 2 3 4 1 6 7 9 16 14 13 12 18 20 5 8 19 17 11 15 10 23 26 27 25 28 22 24 21 30 29 31 0 0 0 0 0 0 0 0 0 0 0 0 0 0 0 0 0 0 0 0 0 0 1 0 0 0 0 1 1 0 0 0
0 2 3 4 9 1 6 14 7 8 13 12 18 20 17 19 5 16 11 15 10 23 26 27 25 28 22 24 21 29 30 31 0 0 0 0 0 0 0 0 0 0 0 0 0 0 0 0 0 0 0 0 0 0 1 0 0 0 0 1 1 0 0 0
0 2 3 4 1 9 16 6 7 14 13 12 18 8 19 5 20 17 11 15 10 23 26 27 25 28 22 24 21 29 30 31 0 0 0 0 0 0 0 0 0 0 0 0 0 0 0 0 0 0 0 0 0 0 1 0 0 0 0 1 1 0 0 0
0 2 3 4 1 6 14 7 8 19 9 5 13 16 12 18 20 17 11 15 10 23 26 25 27 21 28 22 24 30 29 31 0 0 0 1 0 0 0 0 0 0 0 0 0 0 0 0 0 0 0 0 0 0 1 0 0 0 0 0 1 0 0 0
0 2 3 4 1 6 14 7 8 9 16 19 5 13 12 18 20 17 11 15 10 23 26 25 27 21 22 24 28 29 30 31 0 0 0 0 0 0 0 0 0 0 0 0 0 0 0 0 0 0 0 0 0 0 1 0 0 0 0 1 0 0 0 0
0 2 3 4 1 9 16 6 7 14 13 12 8 18 20 17 19 5 11 10 15 23 26 27 25 28 22 24 21 30 29 31 0 0 0 0 0 0 0 0 0 0 0 0 0 0 0 0 0 0 0 0 0 0 1 0 0 0 0 1 1 0 0 0
0 2 3 4 1 9 16 7 8 6 14 5 13 19 12 18 20 17 11 15 10 23 26 27 25 28 22 24 21 30 29 31 0 0 0 0 0 0 0 0 0 0 0 0 0 0 0 0 0 0 0 0 0 0 1 0 0 0 0 1 0 0 0 0
0 2 3 4 9 1 6 16 7 14 13 12 18 20 17 5 19 11 8 15 10 23 26 27 25 28 22 24 21 29 30 31 0 0 0 0 0 0 0 0 0 0 0 0 0 0 0 0 0 0 0 0 0 0 1 0 0 0 0 1 0 0 0 0
0 2 3 4 1 6 14 7 8 9 16 19 5 13 12 18 20 17 11 23 15 10 26 27 25 28 22 24 21 29 30 31 0 0 0 0 0 0 0 0 0 0 0 0 0 0 0 0 0 0 0 0 0 0 1 0 0 0 0 1 0 0 0 0
0 2 3 4 9 1 6 7 16 14 13 12 5 18 8 20 17 11 19 23 15 10 26 27 25 28 22 24 21 30 29 31 0 0 0 0 0 0 0 0 0 0 0 0 0 0 0 0 0 0 0 0 0 0 1 0 0 0 0 1 0 0 0 0
0 2 3 4 1 6 9 16 7 8 14 19 13 5 12 18 20 17 11 15 10 23 26 27 25 28 22 24 21 29 30 31 0 0 0 0 0 0 0 0 0 0 0 0 0 0 0 0 0 0 0 0 0 0 1 0 0 0 0 1 0 0 0 0
0 2 3 4 9 16 1 7 8 6 14 13 12 18 20 19 5 17 11 15 10 23 26 27 25 28 22 24 21 30 29 31 0 0 0 0 0 0 0 0 0 0 0 0 0 0 0 0 0 0 0 0 0 0 1 0 0 0 0 1 1 0 0 1
0 2 3 4 1 6 7 9 16 14 13 12 18 20 5 8 19 17 11 15 10 23 26 27 25 28 22 24 21 30 29 31 0 0 0 0 0 0 0 0 0 0 0 0 0 0 0 0 0 0 0 0 0 0 1 0 0 0 0 1 1 0 0 0
0 2 3 4 1 6 14 7 8 9 16 19 5 13 12 18 20 17 11 15 10 23 26 25 27 21 22 24 28 29 30 31 0 0 0 0 0 0 0 0 0 0 0 0 0 0 0 0 0 0 0 0 0 0 1 0 0 0 0 1 0 0 0 0
0 2 3 4 1 9 16 7 8 6 14 5 13 19 12 18 20 17 11 15 10 23 26 27 25 28 22 24 21 30 29 31 0 0 0 0 0 0 0 0 0 0 0 0 0 0 0 0 0 0 0 0 0 0 1 0 0 0 0 1 0 0 0 0
0 2 3 4 9 16 1 7 8 6 14 13 12 18 20 19 5 17 11 15 10 23 26 27 25 28 22 24 21 30 29 31 0 0 0 0 0 0 0 0 0 0 0 0 0 0 0 0 0 0 0 0 0 0 1 0 0 0 0 1 1 0 0 1
0 2 3 4 1 6 14 7 8 9 16 19 5 13 12 18 20 17 11 15 10 23 26 25 27 21 22 24 28 29 30 31 0 0 0 0 0 0 0 0 0 0 0 0 0 0 0 0 0 0 0 0 0 0 1 0 0 0 0 1 0 0 0 0
0 2 3 4 1 6 7 9 16 14 13 12 18 20 5 8 19 17 11 15 10 23 26 27 25 28 22 24 21 30 29 31 0 0 0 0 0 0 0 0 0 0 0 0 0 0 0 0 0 0 0 0 0 0 1 0 0 0 0 1 1 0 0 0
0 2 3 4 1 6 7 9 16 14 13 12 18 20 5 8 19 17 11 15 10 23 26 27 25 28 22 24 21 30 29 31 0 0 0 0 0 0 0 0 0 0 0 0 0 0 0 0 0 0 0 0 0 0 1 0 0 0 0 1 1 0 0 0
0 2 3 4 9 1 6 7 16 14 13 12 5 18 8 20 17 11 19 23 15 10 26 27 25 28 22 24 21 30 29 31 0 0 0 0 0 0 0 0 0 0 0 0 0 0 0 0 0 0 0 0 0 0 1 0 0 0 0 1 0 0 0 0
0 2 3 4 9 1 6 7 16 14 13 12 5 18 8 20 17 11 19 23 15 10 26 27 25 28 22 24 21 30 29 31 0 0 0 0 0 0 0 0 0 0 0 0 0 0 0 0 0 0 0 0 0 0 1 0 0 0 0 1 0 0 0 0
0 2 3 4 9 1 6 14 7 8 13 12 18 20 17 19 5 16 11 15 10 23 26 27 25 28 22 24 21 29 30 31 0 0 0 0 0 0 0 0 0 0 0 0 0 0 0 0 0 0 0 0 0 0 1 0 0 0 0 1 1 0 0 0
0 2 3 4 9 16 1 7 8 6 14 13 12 18 20 19 5 17 11 15 10 23 26 27 25 28 22 24 21 30 29 31 0 0 0 0 0 0 0 0 0 0 0 0 0 0 0 0 0 0 0 0 0 0 1 0 0 0 0 1 1 0 0 1
0 2 3 4 1 6 7 9 16 8 14 19 13 5 12 18 20 17 11 15 10 23 26 25 27 28 22 24 21 30 29 31 0 0 0 0 0 0 0 0 0 0 0 0 0 0 0 0 0 0 0 0 0 0 1 0 0 0 0 1 0 0 0 0
0 2 3 4 1 6 14 7 8 19 9 5 13 16 12 18 20 17 11 15 10 23 26 25 27 21 28 22 24 30 29 31 0 0 0 1 0 0 0 0 0 0 0 0 0 0 0 0 0 0 0 0 0 0 1 0 0 0 0 0 1 0 0 0
0 2 3 4 1 9 16 6 7 14 13 12 8 18 20 17 19 5 11 10 15 23 26 27 25 28 22 24 21 30 29 31 0 0 0 0 0 0 0 0 0 0 0 0 0 0 0 0 0 0 0 0 0 0 1 0 0 0 0 1 1 0 0 0
0 2 3 4 1 6 7 9 16 8 14 19 13 5 12 18 20 17 11 15 10 23 26 25 27 28 22 24 21 30 29 31 0 0 0 0 0 0 0 0 0 0 0 0 0 0 0 0 0 0 0 0 0 0 1 0 0 0 0 1 0 0 0 0
0 2 3 4 1 6 9 16 7 8 14 19 13 5 12 18 20 17 11 15 10 23 26 27 25 28 22 24 21 29 30 31 0 0 0 0 0 0 0 0 0 0 0 0 0 0 0 0 0 0 0 0 0 0 1 0 0 0 0 1 0 0 0 0
0 2 3 4 1 6 14 7 8 19 9 5 13 16 12 18 20 17 11 15 10 23 26 25 27 28 22 24 21 30 29 31 0 0 0 0 0 0 0 0 0 0 0 0 0 0 0 0 0 0 0 0 0 0 1 0 0 0 0 1 0 0 0 0
0 2 3 4 1 9 6 14 7 8 13 12 18 20 17 19 5 16 11 15 10 23 26 27 25 21 22 24 28 30 29 31 0 0 0 0 0 0 0 0 0 0 0 0 0 0 0 0 0 0 0 0 0 0 1 0 0 0 0 1 0 0 0 0
0 2 3 4 1 9 16 6 7 14 13 12 18 8 19 5 20 17 11 15 10 23 26 27 25 28 22 24 21 29 30 31 0 0 0 0 0 0 0 0 0 0 0 0 0 0 0 0 0 0 0 0 0 0 1 0 0 0 0 1 1 0 0 0
0 2 3 4 1 6 14 7 8 9 16 19 5 13 12 18 20 17 11 23 15 10 26 27 25 28 22 24 21 29 30 31 0 0 0 0 0 0 0 0 0 0 0 0 0 0 0 0 0 0 0 0 0 0 1 0 0 0 0 1 0 0 0 0
0 2 3 4 1 9 16 6 7 14 13 12 18 8 19 5 20 17 11 15 10 23 26 27 25 28 22 24 21 29 30 31 0 0 0 0 0 0 0 0 0 0 0 0 0 0 0 0 0 0 0 0 0 0 1 0 0 0 0 1 1 0 0 0
0 2 3 4 1 9 16 6 7 14 13 12 18 8 19 5 20 17 11 15 10 23 26 27 25 28 22 24 21 29 30 31 0 0 0 0 0 0 0 0 0 0 0 0 0 0 0 0 0 0 0 0 0 0 1 0 0 0 0 1 1 0 0 0
0 2 3 4 9 1 6 16 14 7 8 13 12 18 20 17 19 5 11 15 10 23 26 27 25 28 22 24 21 29 30 31 0 0 0 0 0 0 0 0 0 0 0 0 0 0 0 0 0 0 0 0 0 0 1 0 0 0 0 1 1 0 0 0
0 2 3 4 1 9 16 7 8 6 14 5 13 19 12 18 20 17 11 15 10 23 26 27 25 28 22 24 21 30 29 31 0 0 0 0 0 0 0 0 0 0 0 0 0 0 0 0 0 0 0 0 0 0 1 0 0 0 0 1 0 0 0 0
0 2 3 4 9 1 6 7 16 14 13 12 5 18 8 20 17 11 19 23 15 10 26 27 25 28 22 24 21 30 29 31 0 0 0 0 0 0 0 0 0 0 0 0 0 0 0 0 0 0 0 0 0 0 1 0 0 0 0 1 0 0 0 0
0 2 3 4 1 6 14 7 8 19 9 5 13 16 12 18 20 17 11 15 10 23 26 25 27 21 28 22 24 30 29 31 0 0 0 1 0 0 0 0 0 0 0 0 0 0 0 0 0 0 0 0 0 0 1 0 0 0 0 0 1 0 0 0
0 2 3 4 1 9 16 6 7 14 13 12 8 18 20 17 19 5 11 10 15 23 26 27 25 28 22 24 21 30 29 31 0 0 0 0 0 0 0 0 0 0 0 0 0 0 0 0 0 0 0 0 0 0 1 0 0 0 0 1 1 0 0 0
0 2 3 4 1 6 9 16 7 8 14 19 13 5 12 18 20 17 11 15 10 23 26 27 25 28 22 24 21 29 30 31 0 0 0 0 0 0 0 0 0 0 0 0 0 0 0 0 0 0 0 0 0 0 1 0 0 0 0 1 0 0 0 0
0 2 3 4 1 6 14 7 8 9 16 19 5 13 12 18 20 17 11 23 15 10 26 27 25 28 22 24 21 29 30 31 0 0 0 0 0 0 0 0 0 0 0 0 0 0 0 0 0 0 0 0 0 0 1 0 0 0 0 1 0 0 0 0
0 2 3 4 1 6 14 7 8 9 16 19 5 13 12 18 20 17 11 15 10 23 26 25 27 21 22 24 28 29 30 31 0 0 0 0 0 0 0 0 0 0 0 0 0 0 0 0 0 0 0 0 0 0 1 0 0 0 0 1 0 0 0 0
0 2 3 4 9 16 1 7 8 6 14 13 12 18 20 19 5 17 11 15 10 23 26 27 25 28 22 24 21 30 29 31 0 0 0 0 0 0 0 0 0 0 0 0 0 0 0 0 0 0 0 0 0 0 1 0 0 0 0 1 1 0 0 1
0 2 3 4 1 9 5 6 14 7 8 13 12 18 20 17 19 16 11 15 10 23 26 27 25 28 22 24 21 30 29 31 0 0 0 0 0 0 0 0 0 0 0 0 0 0 0 0 0 0 0 0 0 0 1 0 0 0 0 0 0 0 0 0
0 2 3 4 1 9 5 6 14 7 8 13 12 18 20 17 19 16 11 15 10 23 26 27 25 28 22 24 21 30 29 31 0 0 0 0 0 0 0 0 0 0 0 0 0 0 0 0 0 0 0 0 0 0 1 0 0 0 0 0 0 0 0 0
0 2 3 4 1 9 5 6 14 7 8 13 12 18 20 17 19 16 11 15 10 23 26 27 25 28 22 24 21 30 29 31 0 0 0 0 0 0 0 0 0 0 0 0 0 0 0 0 0 0 0 0 0 0 1 0 0 0 0 0 0 0 0 0
0 2 3 4 9 1 5 6 16 7 14 13 12 18 20 17 8 19 11 15 10 23 26 27 25 28 22 24 21 29 30 31 0 0 0 0 0 0 0 0 0 0 0 0 0 0 0 0 0 0 0 0 0 0 1 0 0 0 0 1 0 0 0 0
0 2 3 4 9 1 6 5 7 13 16 14 8 19 12 18 20 17 11 15 10 23 26 25 27 21 22 24 28 30 29 31 0 0 0 0 0 0 0 0 0 0 0 0 0 0 0 0 0 0 0 0 0 0 1 0 0 0 0 1 0 0 0 0
0 2 3 4 9 1 6 5 7 13 16 14 8 19 12 18 20 17 11 15 10 23 26 25 27 21 22 24 28 30 29 31 0 0 0 0 0 0 0 0 0 0 0 0 0 0 0 0 0 0 0 0 0 0 1 0 0 0 0 1 0 0 0 0
0 2 3 4 9 1 6 5 7 13 16 14 8 19 12 18 20 17 11 15 10 23 26 25 27 21 22 24 28 30 29 31 0 0 0 0 0 0 0 0 0 0 0 0 0 0 0 0 0 0 0 0 0 0 1 0 0 0 0 1 0 0 0 0
0 2 3 4 9 16 1 6 7 8 14 5 13 19 12 18 20 17 11 15 10 23 26 27 25 28 22 24 21 29 30 31 0 0 0 0 0 0 0 0 0 0 0 0 0 0 0 0 0 0 0 0 0 0 1 0 0 0 0 1 0 0 0 0
0 2 3 4 9 16 1 6 7 8 14 5 13 19 12 18 20 17 11 15 10 23 26 27 25 28 22 24 21 29 30 31 0 0 0 0 0 0 0 0 0 0 0 0 0 0 0 0 0 0 0 0 0 0 1 0 0 0 0 1 0 0 0 0
0 2 3 4 9 16 1 7 8 6 14 5 13 19 12 18 20 17 11 15 10 23 26 27 25 28 22 24 21 29 30 31 0 0 0 0 0 0 0 0 0 0 0 0 0 0 0 0 0 0 0 0 0 0 1 0 0 0 0 1 0 0 0 0
0 2 3 4 9 16 1 7 8 6 14 5 13 19 12 18 20 17 11 15 10 23 26 27 25 28 22 24 21 29 30 31 0 0 0 0 0 0 0 0 0 0 0 0 0 0 0 0 0 0 0 0 0 0 1 0 0 0 0 1 0 0 0 0
0 2 3 4 9 16 1 7 8 6 14 5 13 19 12 18 20 17 11 15 10 23 26 27 25 28 22 24 21 29 30 31 0 0 0 0 0 0 0 0 0 0 0 0 0 0 0 0 0 0 0 0 0 0 1 0 0 0 0 1 0 0 0 0
0 2 3 4 9 16 1 7 8 6 14 5 13 19 12 18 20 17 11 15 10 23 26 27 25 28 22 24 21 29 30 31 0 0 0 0 0 0 0 0 0 0 0 0 0 0 0 0 0 0 0 0 0 0 1 0 0 0 0 1 0 0 0 0
0 2 3 4 9 1 6 16 7 14 13 12 18 20 8 19 17 5 11 15 23 10 26 27 25 28 21 22 24 29 30 31 0 0 0 0 0 0 0 0 0 0 0 0 0 0 0 0 0 0 0 0 0 0 1 0 0 0 0 0 0 0 0 0
0 2 3 4 1 6 14 7 8 19 9 5 13 16 12 18 20 17 11 15 10 23 26 27 25 28 22 24 21 30 29 31 0 0 0 0 0 0 0 0 0 0 0 0 0 0 0 0 0 0 0 0 0 0 1 0 0 0 0 0 0 0 0 0
0 2 3 4 1 6 14 7 9 8 19 5 13 12 18 20 17 16 11 10 15 23 26 27 25 28 22 24 21 30 29 31 0 0 0 0 0 0 0 0 0 0 0 0 0 0 0 0 0 0 0 0 0 0 1 0 0 0 0 0 0 0 0 0
0 2 3 4 1 6 14 7 9 8 19 5 13 12 18 20 17 16 11 10 15 23 26 27 25 28 22 24 21 30 29 31 0 0 0 0 0 0 0 0 0 0 0 0 0 0 0 0 0 0 0 0 0 0 1 0 0 0 0 0 0 0 0 0
0 2 3 4 1 6 14 7 8 19 9 5 13 16 12 18 20 17 11 15 10 23 26 27 25 28 22 24 21 30 29 31 0 0 0 0 0 0 0 0 0 0 0 0 0 0 0 0 0 0 0 0 0 0 1 0 0 0 0 0 0 0 0 0
0 2 3 4 1 6 14 7 8 19 9 5 13 16 12 18 20 17 11 15 10 23 26 27 25 28 22 24 21 30 29 31 0 0 0 0 0 0 0 0 0 0 0 0 0 0 0 0 0 0 0 0 0 0 1 0 0 0 0 0 0 0 0 0
0 2 3 4 9 1 6 16 7 14 13 12 18 20 8 19 17 5 11 15 23 10 26 27 25 28 21 22 24 29 30 31 0 0 0 0 0 0 0 0 0 0 0 0 0 0 0 0 0 0 0 0 0 0 1 0 0 0 0 0 0 0 0 0
0 2 3 4 9 1 6 16 7 14 13 12 18 20 8 19 17 5 11 15 23 10 26 27 25 28 21 22 24 29 30 31 0 0 0 0 0 0 0 0 0 0 0 0 0 0 0 0 0 0 0 0 0 0 1 0 0 0 0 0 0 0 0 0
0 2 3 4 9 1 6 16 7 14 13 12 18 20 8 19 17 5 11 15 23 10 26 27 25 28 21 22 24 29 30 31 0 0 0 0 0 0 0 0 0 0 0 0 0 0 0 0 0 0 0 0 0 0 1 0 0 0 0 0 0 0 0 0
0 2 3 4 1 9 5 6 14 7 8 13 12 18 20 17 19 16 11 10 15 23 26 27 25 28 22 24 21 29 30 31 0 0 0 0 0 0 0 0 0 0 0 0 0 0 0 0 0 0 0 0 0 0 1 0 0 0 0 1 1 0 0 0
0 2 3 4 1 9 5 6 14 7 8 13 12 18 20 17 19 16 11 10 15 23 26 27 25 28 22 24 21 29 30 31 0 0 0 0 0 0 0 0 0 0 0 0 0 0 0 0 0 0 0 0 0 0 1 0 0 0 0 1 1 0 0 0
0 2 3 4 1 6 7 9 5 16 14 13 12 8 18 20 17 19 11 15 10 23 26 27 25 28 22 24 21 29 30 31 0 0 0 0 0 0 0 0 0 0 0 0 0 0 0 0 0 0 0 0 0 0 1 0 0 0 0 1 0 0 0 0
0 2 3 4 9 16 1 6 14 7 8 19 5 13 12 18 20 17 11 15 10 23 26 27 25 21 28 22 24 29 30 31 0 0 0 0 0 0 0 0 0 0 0 0 0 0 0 0 0 0 0 0 0 0 1 0 0 0 0 0 1 0 0 0
0 2 3 4 1 6 7 9 5 16 14 13 12 8 18 20 17 19 11 15 10 23 26 27 25 28 22 24 21 29 30 31 0 0 0 0 0 0 0 0 0 0 0 0 0 0 0 0 0 0 0 0 0 0 1 0 0 0 0 1 0 0 0 0
0 2 3 4 1 6 7 9 5 16 14 13 12 8 18 20 17 19 11 15 10 23 26 27 25 28 22 24 21 29 30 31 0 0 0 0 0 0 0 0 0 0 0 0 0 0 0 0 0 0 0 0 0 0 1 0 0 0 0 1 0 0 0 0
0 2 3 4 1 6 7 9 5 16 14 13 12 8 18 20 17 19 11 15 10 23 26 27 25 28 22 24 21 29 30 31 0 0 0 0 0 0 0 0 0 0 0 0 0 0 0 0 0 0 0 0 0 0 1 0 0 0 0 1 0 0 0 0
0 2 3 4 9 16 1 6 14 7 8 19 5 13 12 18 20 17 11 15 10 23 26 27 25 21 28 22 24 29 30 31 0 0 0 0 0 0 0 0 0 0 0 0 0 0 0 0 0 0 0 0 0 0 1 0 0 0 0 0 1 0 0 0
0 2 3 4 9 16 1 6 14 7 8 19 5 13 12 18 20 17 11 15 10 23 26 27 25 21 28 22 24 29 30 31 0 0 0 0 0 0 0 0 0 0 0 0 0 0 0 0 0 0 0 0 0 0 1 0 0 0 0 0 1 0 0 0
0 2 3 4 9 16 1 7 8 6 14 5 13 19 12 18 20 17 11 15 10 23 26 27 25 28 22 24 21 29 30 31 0 0 0 0 0 0 0 0 0 0 0 0 0 0 0 0 0 0 0 0 0 0 1 0 0 0 0 1 0 0 0 0
0 2 3 4 9 16 1 7 8 6 14 5 13 19 12 18 20 17 11 15 10 23 26 27 25 28 22 24 21 29 30 31 0 0 0 0 0 0 0 0 0 0 0 0 0 0 0 0 0 0 0 0 0 0 1 0 0 0 0 1 0 0 0 0
0 2 3 4 1 6 14 7 8 9 16 19 5 13 12 18 20 17 11 15 10 23 26 27 25 28 22 24 21 29 30 31 0 0 0 0 0 0 0 0 0 0 0 0 0 0 0 0 0 0 0 0 0 0 1 0 0 0 0 1 0 0 0 0
0 2 3 4 9 1 6 5 16 7 14 13 12 18 20 17 11 8 19 23 15 10 26 27 25 28 22 24 21 30 29 31 0 0 0 0 0 0 0 0 0 0 0 0 0 0 0 0 0 0 0 0 0 0 1 0 0 0 0 1 0 0 0 0
0 2 3 4 1 6 14 7 8 9 16 19 5 13 12 18 20 17 11 15 10 23 26 27 25 28 22 24 21 29 30 31 0 0 0 0 0 0 0 0 0 0 0 0 0 0 0 0 0 0 0 0 0 0 1 0 0 0 0 1 0 0 0 0
0 2 3 4 9 1 5 6 16 7 14 13 12 18 20 17 8 19 11 15 10 23 26 27 25 28 22 24 21 29 30 31 0 0 0 0 0 0 0 0 0 0 0 0 0 0 0 0 0 0 0 0 0 0 1 0 0 0 0 1 0 0 0 0
0 2 3 4 9 1 5 6 16 7 14 13 12 18 20 17 8 19 11 15 10 23 26 27 25 28 22 24 21 29 30 31 0 0 0 0 0 0 0 0 0 0 0 0 0 0 0 0 0 0 0 0 0 0 1 0 0 0 0 1 0 0 0 0
0 2 4 3 1 6 7 9 16 14 13 12 8 19 5 18 20 17 11 10 15 23 26 27 25 21 28 22 24 29 30 31 0 0 0 0 0 0 0 0 0 0 0 0 0 0 0 0 0 0 0 0 0 0 1 0 0 0 0 0 0 0 0 0
0 2 3 4 1 6 7 9 16 14 8 19 5 13 12 18 20 17 11 10 15 23 26 25 27 21 22 24 28 30 29 31 0 0 0 0 0 0 0 0 0 0 0 0 0 0 0 0 0 0 0 0 0 0 1 0 0 0 0 1 0 0 0 0
0 2 3 4 9 16 1 7 8 6 14 19 5 13 12 18 20 17 11 10 15 23 26 27 25 28 22 24 21 30 29 31 0 0 0 0 0 0 0 0 0 0 0 0 0 0 0 0 0 0 0 0 0 0 1 0 0 0 0 1 0 0 0 0
