0 3 7 5 20 19 6 11 39 74 9 21 23 59 27 44 34 12 40 31 56 10 57 2 37 14 46 22 17 28 13 1 18 26 30 48 53 49 16 29 51 35 32 45 66 65 42 24 83 15 41 79 33 25 43 38 55 52 62 70 47 36 54 72 64 67 50 4 63 69 60 76 77 78 85 81 8 82 84 61 68 71 75 86 87 90 73 89 58 80 88 91 0 0 0 0 0 0 0 0 0 0 0 0 0 0 0 0 0 0 0 0 0 0 0 0 0 0 0 0 0 0 0 0 0 0 0 0 0 0 0 0 0 0 0 0 0 0 0 0 0 0 0 0 0 0 0 0 0 0 0 0 0 0 0 0 0 0 0 0 0 0 0 0 0 0 0 0 0 0 0 0 0 0 0 0 0 0 0 0 0 0 0 0
0 1 15 2 14 22 16 29 17 54 46 25 3 5 64 45 47 69 6 11 19 4 35 23 27 7 28 33 10 21 13 32 49 53 9 24 34 30 42 20 12 41 31 43 37 39 51 58 55 8 63 40 59 52 66 38 50 18 57 74 48 77 65 70 79 78 60 61 83 44 68 36 26 62 75 56 85 72 71 81 67 73 89 80 76 82 86 84 87 88 90 91 0 0 0 0 0 0 0 0 0 0 0 0 0 0 0 0 0 0 0 0 0 0 0 0 0 0 0 0 0 0 0 0 0 0 0 0 0 0 0 0 0 0 0 0 0 0 0 0 0 0 0 0 0 0 0 0 0 0 0 0 0 0 0 0 0 0 0 0 0 0 0 0 0 0 0 0 0 0 0 0 0 0 0 0 0 0 0 0 0 0 0 0
0 2 3 1 5 19 11 28 15 35 53 13 58 32 14 46 60 16 6 29 50 17 25 9 7 64 22 10 54 36 69 49 47 38 40 33 12 72 23 4 21 59 27 34 30 52 41 57 42 61 18 43 77 24 31 78 48 81 45 66 26 20 63 68 37 71 39 44 74 8 65 62 51 75 76 67 83 56 73 86 87 89 80 85 55 70 79 82 84 88 90 91 0 0 0 0 0 0 0 0 0 0 0 0 0 0 0 0 0 0 0 0 0 0 0 0 0 0 0 0 0 0 0 0 0 0 0 0 0 0 0 0 0 0 0 0 0 0 0 0 0 0 0 0 0 0 0 0 0 0 0 0 0 0 0 0 0 0 0 0 0 0 0 0 0 0 0 0 0 0 0 0 0 0 0 0 0 0 0 0 0 0 0 0
0 2 3 1 5 19 11 28 15 35 53 13 58 32 14 46 60 16 6 29 50 17 25 9 7 64 22 10 54 36 69 49 47 38 40 33 12 72 23 4 21 59 27 34 30 52 41 57 42 61 18 43 77 24 31 78 48 81 45 66 26 20 63 68 37 71 39 44 74 8 65 62 51 75 76 67 83 56 73 86 87 89 80 85 55 70 79 82 84 88 90 91 0 0 0 0 0 0 0 0 0 0 0 0 0 0 0 0 0 0 0 0 0 0 0 0 0 0 0 0 0 0 0 0 0 0 0 0 0 0 0 0 0 0 0 0 0 0 0 0 0 0 0 0 0 0 0 0 0 0 0 0 0 0 0 0 0 0 0 0 0 0 0 0 0 0 0 0 0 0 0 0 0 0 0 0 0 0 0 0 0 0 0 0
0 3 1 11 15 5 6 23 28 9 32 7 27 35 21 20 39 2 14 53 4 44 13 49 22 58 16 10 30 25 24 42 29 74 19 38 41 59 18 36 12 31 85 40 57 46 8 54 56 37 72 45 48 34 33 52 65 64 47 17 61 63 51 26 55 62 60 79 66 43 67 83 69 50 77 68 75 76 78 71 81 73 70 80 82 84 88 86 87 90 89 91 0 0 0 0 0 0 0 0 0 0 0 0 0 0 0 0 0 0 0 0 0 0 0 0 0 0 0 0 0 0 0 0 0 0 0 0 0 0 0 0 0 0 0 0 0 0 0 0 0 0 0 0 0 0 0 0 0 0 0 0 0 0 0 0 0 0 0 0 0 0 0 0 0 0 0 0 0 0 0 0 0 0 0 0 0 0 0 0 0 0 0 0
0 3 11 5 28 19 33 2 7 14 32 6 4 1 16 50 9 12 22 23 31 60 8 30 42 21 29 40 45 13 58 52 25 17 27 64 69 15 59 10 47 35 53 57 18 24 38 54 26 63 66 34 36 76 49 37 72 41 62 43 20 67 74 51 85 46 61 68 79 48 77 39 78 44 71 73 55 56 89 70 81 65 80 82 83 84 75 86 87 88 90 91 0 0 0 0 0 0 0 0 0 0 0 0 0 0 0 0 0 0 0 0 0 0 0 0 0 0 0 0 0 0 0 0 0 0 0 0 0 0 0 0 0 0 0 0 0 0 0 0 0 0 0 0 0 0 0 0 0 0 0 0 0 0 0 0 0 0 0 0 0 0 0 0 0 0 0 0 0 0 0 0 0 0 0 0 0 0 0 0 0 0 0 0
0 1 15 2 13 38 49 3 5 16 29 6 58 7 10 18 4 45 19 24 54 21 26 25 9 8 28 12 20 39 11 23 59 27 34 14 17 46 74 35 79 32 47 22 40 53 44 50 30 31 61 42 60 41 48 65 57 37 36 43 85 66 33 72 52 68 75 83 51 73 76 64 62 71 67 69 77 89 55 78 81 63 80 56 70 86 87 90 82 84 88 91 0 0 0 0 0 0 0 0 0 0 0 0 0 0 0 0 0 0 0 0 0 0 0 0 0 0 0 0 0 0 0 0 0 0 0 0 0 0 0 0 0 0 0 0 0 0 0 0 0 0 0 0 0 0 0 0 0 0 0 0 0 0 0 0 0 0 0 0 0 0 0 0 0 0 0 0 0 0 0 0 0 0 0 0 0 0 0 0 0 0 0 0
0 2 3 1 4 5 8 28 33 13 16 29 49 58 19 15 45 14 17 11 53 6 25 9 64 38 69 22 52 46 23 30 54 35 42 12 40 41 31 57 27 34 37 7 20 51 55 70 21 59 39 47 74 61 44 43 79 10 24 36 85 72 48 56 68 73 32 63 66 77 50 18 71 60 65 26 80 78 62 81 76 75 83 86 87 90 82 67 84 88 89 91 0 0 0 0 0 0 0 0 0 0 0 0 0 0 0 0 0 0 0 0 0 0 0 0 0 0 0 0 0 0 0 0 0 0 0 0 0 0 0 0 0 0 0 0 0 0 0 0 0 0 0 0 0 0 0 0 0 0 0 0 0 0 0 0 0 0 0 0 0 0 0 0 0 0 0 0 0 0 0 0 0 0 0 0 0 0 0 0 0 0 0 0
0 2 14 46 1 15 4 22 13 58 16 25 38 47 3 30 17 5 11 49 7 42 28 64 33 69 20 39 10 24 18 21 8 41 29 19 59 44 35 36 45 61 68 53 54 63 43 23 32 26 52 6 27 62 66 77 72 67 37 74 34 51 85 78 60 50 75 9 55 79 12 31 71 48 81 70 40 56 73 82 89 84 57 80 65 76 83 88 86 87 90 91 0 0 0 0 0 0 0 0 0 0 0 0 0 0 0 0 0 0 0 0 0 0 0 0 0 0 0 0 0 0 0 0 0 0 0 0 0 0 0 0 0 0 0 0 0 0 0 0 0 0 0 0 0 0 0 0 0 0 0 0 0 0 0 0 0 0 0 0 0 0 0 0 0 0 0 0 0 0 0 0 0 0 0 0 0 0 0 0 0 0 0 0
0 1 15 2 13 38 49 3 5 16 29 6 58 7 10 18 4 45 19 24 54 21 26 25 9 8 28 12 20 39 11 23 59 27 34 14 17 46 74 35 79 32 47 22 40 53 44 50 30 31 61 42 60 41 48 65 57 37 36 43 85 66 33 72 52 68 75 83 51 73 76 64 62 71 67 69 77 89 55 78 81 63 80 56 70 86 87 90 82 84 88 91 0 0 0 0 0 0 0 0 0 0 0 0 0 0 0 0 0 0 0 0 0 0 0 0 0 0 0 0 0 0 0 0 0 0 0 0 0 0 0 0 0 0 0 0 0 0 0 0 0 0 0 0 0 0 0 0 0 0 0 0 0 0 0 0 0 0 0 0 0 0 0 0 0 0 0 0 0 0 0 0 0 0 0 0 0 0 0 0 0 0 0 0
0 3 1 11 15 5 6 23 28 9 32 7 27 35 21 20 39 2 14 53 4 44 13 49 22 58 16 10 30 25 24 42 29 74 19 38 41 59 18 36 12 31 85 40 57 46 8 54 56 37 72 45 48 34 33 52 65 64 47 17 61 63 51 26 55 62 60 79 66 43 67 83 69 50 77 68 75 76 78 71 81 73 70 80 82 84 88 86 87 90 89 91 0 0 0 0 0 0 0 0 0 0 0 0 0 0 0 0 0 0 0 0 0 0 0 0 0 0 0 0 0 0 0 0 0 0 0 0 0 0 0 0 0 0 0 0 0 0 0 0 0 0 0 0 0 0 0 0 0 0 0 0 0 0 0 0 0 0 0 0 0 0 0 0 0 0 0 0 0 0 0 0 0 0 0 0 0 0 0 0 0 0 0 0
0 2 14 46 1 15 4 22 13 58 16 25 38 47 3 30 17 5 11 49 7 42 28 64 33 69 20 39 10 24 18 21 8 41 29 19 59 44 35 36 45 61 68 53 54 63 43 23 32 26 52 6 27 62 66 77 72 67 37 74 34 51 85 78 60 50 75 9 55 79 12 31 71 48 81 70 40 56 73 82 89 84 57 80 65 76 83 88 86 87 90 91 0 0 0 0 0 0 0 0 0 0 0 0 0 0 0 0 0 0 0 0 0 0 0 0 0 0 0 0 0 0 0 0 0 0 0 0 0 0 0 0 0 0 0 0 0 0 0 0 0 0 0 0 0 0 0 0 0 0 0 0 0 0 0 0 0 0 0 0 0 0 0 0 0 0 0 0 0 0 0 0 0 0 0 0 0 0 0 0 0 0 0 0
0 2 3 1 4 5 8 28 33 13 16 29 49 58 19 15 45 14 17 11 53 6 25 9 64 38 69 22 52 46 23 30 54 35 42 12 40 41 31 57 27 34 37 7 20 51 55 70 21 59 39 47 74 61 44 43 79 10 24 36 85 72 48 56 68 73 32 63 66 77 50 18 71 60 65 26 80 78 62 81 76 75 83 86 87 90 82 67 84 88 89 91 0 0 0 0 0 0 0 0 0 0 0 0 0 0 0 0 0 0 0 0 0 0 0 0 0 0 0 0 0 0 0 0 0 0 0 0 0 0 0 0 0 0 0 0 0 0 0 0 0 0 0 0 0 0 0 0 0 0 0 0 0 0 0 0 0 0 0 0 0 0 0 0 0 0 0 0 0 0 0 0 0 0 0 0 0 0 0 0 0 0 0 0
0 3 1 11 15 5 6 23 28 9 32 7 27 35 21 20 39 2 14 53 4 44 13 49 22 58 16 10 30 25 24 42 29 74 19 38 41 59 18 36 12 31 85 40 57 46 8 54 56 37 72 45 48 34 33 52 65 64 47 17 61 63 51 26 55 62 60 79 66 43 67 83 69 50 77 68 75 76 78 71 81 73 70 80 82 84 88 86 87 90 89 91 0 0 0 0 0 0 0 0 0 0 0 0 0 0 0 0 0 0 0 0 0 0 0 0 0 0 0 0 0 0 0 0 0 0 0 0 0 0 0 0 0 0 0 0 0 0 0 0 0 0 0 0 0 0 0 0 0 0 0 0 0 0 0 0 0 0 0 0 0 0 0 0 0 0 0 0 0 0 0 0 0 0 0 0 0 0 0 0 0 0 0 0
0 3 1 11 15 5 6 23 28 9 32 7 27 35 21 20 39 2 14 53 4 44 13 49 22 58 16 10 30 25 24 42 29 74 19 38 41 59 18 36 12 31 85 40 57 46 8 54 56 37 72 45 48 34 33 52 65 64 47 17 61 63 51 26 55 62 60 79 66 43 67 83 69 50 77 68 75 76 78 71 81 73 70 80 82 84 88 86 87 90 89 91 0 0 0 0 0 0 0 0 0 0 0 0 0 0 0 0 0 0 0 0 0 0 0 0 0 0 0 0 0 0 0 0 0 0 0 0 0 0 0 0 0 0 0 0 0 0 0 0 0 0 0 0 0 0 0 0 0 0 0 0 0 0 0 0 0 0 0 0 0 0 0 0 0 0 0 0 0 0 0 0 0 0 0 0 0 0 0 0 0 0 0 0
0 1 2 13 58 16 38 29 14 22 46 45 25 4 17 47 8 15 3 11 49 23 54 64 5 19 28 27 53 7 21 59 10 61 20 30 74 33 42 66 41 63 79 39 6 9 68 40 37 12 35 44 69 32 60 51 43 34 55 24 56 31 18 70 26 48 50 52 71 75 36 62 65 77 78 57 83 67 72 85 76 86 73 87 80 81 90 89 82 84 88 91 0 0 0 0 0 0 0 0 0 0 0 0 0 0 0 0 0 0 0 0 0 0 0 0 0 0 0 0 0 0 0 0 0 0 0 0 0 0 0 0 0 0 0 0 0 0 0 0 0 0 0 0 0 0 0 0 0 0 0 0 0 0 0 0 0 0 0 0 0 0 0 0 0 0 0 0 0 0 0 0 0 0 0 0 0 0 0 0 0 0 0 0
0 1 2 13 58 16 38 29 14 22 46 45 25 4 17 47 8 15 3 11 49 23 54 64 5 19 28 27 53 7 21 59 10 61 20 30 74 33 42 66 41 63 79 39 6 9 68 40 37 12 35 44 69 32 60 51 43 34 55 24 56 31 18 70 26 48 50 52 71 75 36 62 65 77 78 57 83 67 72 85 76 86 73 87 80 81 90 89 82 84 88 91 0 0 0 0 0 0 0 0 0 0 0 0 0 0 0 0 0 0 0 0 0 0 0 0 0 0 0 0 0 0 0 0 0 0 0 0 0 0 0 0 0 0 0 0 0 0 0 0 0 0 0 0 0 0 0 0 0 0 0 0 0 0 0 0 0 0 0 0 0 0 0 0 0 0 0 0 0 0 0 0 0 0 0 0 0 0 0 0 0 0 0 0
0 2 13 14 17 3 4 58 8 7 49 21 1 15 46 16 38 22 5 29 6 11 28 35 25 19 53 32 33 64 54 9 20 10 47 23 59 30 39 42 45 44 41 43 61 68 63 27 34 74 12 24 36 52 79 69 85 40 57 72 18 60 26 62 67 50 37 51 77 78 81 56 66 73 89 75 76 55 70 86 71 31 82 80 48 84 88 65 83 87 90 91 0 0 0 0 0 0 0 0 0 0 0 0 0 0 0 0 0 0 0 0 0 0 0 0 0 0 0 0 0 0 0 0 0 0 0 0 0 0 0 0 0 0 0 0 0 0 0 0 0 0 0 0 0 0 0 0 0 0 0 0 0 0 0 0 0 0 0 0 0 0 0 0 0 0 0 0 0 0 0 0 0 0 0 0 0 0 0 0 0 0 0 0
0 2 13 14 17 3 4 58 8 7 49 21 1 15 46 16 38 22 5 29 6 11 28 35 25 19 53 32 33 64 54 9 20 10 47 23 59 30 39 42 45 44 41 43 61 68 63 27 34 74 12 24 36 52 79 69 85 40 57 72 18 60 26 62 67 50 37 51 77 78 81 56 66 73 89 75 76 55 70 86 71 31 82 80 48 84 88 65 83 87 90 91 0 0 0 0 0 0 0 0 0 0 0 0 0 0 0 0 0 0 0 0 0 0 0 0 0 0 0 0 0 0 0 0 0 0 0 0 0 0 0 0 0 0 0 0 0 0 0 0 0 0 0 0 0 0 0 0 0 0 0 0 0 0 0 0 0 0 0 0 0 0 0 0 0 0 0 0 0 0 0 0 0 0 0 0 0 0 0 0 0 0 0 0
0 2 13 14 17 3 4 58 8 7 49 21 1 15 46 16 38 22 5 29 6 11 28 35 25 19 53 32 33 64 54 9 20 10 47 23 59 30 39 42 45 44 41 43 61 68 63 27 34 74 12 24 36 52 79 69 85 40 57 72 18 60 26 62 67 50 37 51 77 78 81 56 66 73 89 75 76 55 70 86 71 31 82 80 48 84 88 65 83 87 90 91 0 0 0 0 0 0 0 0 0 0 0 0 0 0 0 0 0 0 0 0 0 0 0 0 0 0 0 0 0 0 0 0 0 0 0 0 0 0 0 0 0 0 0 0 0 0 0 0 0 0 0 0 0 0 0 0 0 0 0 0 0 0 0 0 0 0 0 0 0 0 0 0 0 0 0 0 0 0 0 0 0 0 0 0 0 0 0 0 0 0 0 0
0 2 13 14 17 3 4 58 8 7 49 21 1 15 46 16 38 22 5 29 6 11 28 35 25 19 53 32 33 64 54 9 20 10 47 23 59 30 39 42 45 44 41 43 61 68 63 27 34 74 12 24 36 52 79 69 85 40 57 72 18 60 26 62 67 50 37 51 77 78 81 56 66 73 89 75 76 55 70 86 71 31 82 80 48 84 88 65 83 87 90 91 0 0 0 0 0 0 0 0 0 0 0 0 0 0 0 0 0 0 0 0 0 0 0 0 0 0 0 0 0 0 0 0 0 0 0 0 0 0 0 0 0 0 0 0 0 0 0 0 0 0 0 0 0 0 0 0 0 0 0 0 0 0 0 0 0 0 0 0 0 0 0 0 0 0 0 0 0 0 0 0 0 0 0 0 0 0 0 0 0 0 0 0
0 3 7 11 35 1 2 14 17 5 22 13 23 27 21 28 34 16 20 25 38 15 33 10 18 29 64 30 45 74 69 19 24 39 26 53 62 47 52 54 44 36 59 67 49 72 58 42 79 85 41 37 43 51 4 77 32 78 63 66 50 55 60 70 46 6 81 8 61 9 82 40 57 56 76 68 73 12 31 84 75 86 89 48 71 80 88 65 83 87 90 91 0 0 0 0 0 0 0 0 0 0 0 0 0 0 0 0 0 0 0 0 0 0 0 0 0 0 0 0 0 0 0 0 0 0 0 0 0 0 0 0 0 0 0 0 0 0 0 0 0 0 0 0 0 0 0 0 0 0 0 0 0 0 0 0 0 0 0 0 0 0 0 0 0 0 0 0 0 0 0 0 0 0 0 0 0 0 0 0 0 0 0 0
0 3 7 11 35 1 2 14 17 5 22 13 23 27 21 28 34 16 20 25 38 15 33 10 18 29 64 30 45 74 69 19 24 39 26 53 62 47 52 54 44 36 59 67 49 72 58 42 79 85 41 37 43 51 4 77 32 78 63 66 50 55 60 70 46 6 81 8 61 9 82 40 57 56 76 68 73 12 31 84 75 86 89 48 71 80 88 65 83 87 90 91 0 0 0 0 0 0 0 0 0 0 0 0 0 0 0 0 0 0 0 0 0 0 0 0 0 0 0 0 0 0 0 0 0 0 0 0 0 0 0 0 0 0 0 0 0 0 0 0 0 0 0 0 0 0 0 0 0 0 0 0 0 0 0 0 0 0 0 0 0 0 0 0 0 0 0 0 0 0 0 0 0 0 0 0 0 0 0 0 0 0 0 0
0 1 3 16 11 15 5 25 47 23 6 28 53 2 9 40 14 22 4 29 35 45 57 66 19 13 30 32 42 64 41 7 21 49 8 59 20 10 74 18 24 79 26 54 38 50 58 60 62 12 33 27 46 31 52 37 51 17 69 36 39 34 55 48 67 85 61 44 43 70 76 63 56 72 68 65 71 73 89 75 77 80 86 78 83 81 87 90 82 84 88 91 0 0 0 0 0 0 0 0 0 0 0 0 0 0 0 0 0 0 0 0 0 0 0 0 0 0 0 0 0 0 0 0 0 0 0 0 0 0 0 0 0 0 0 0 0 0 0 0 0 0 0 0 0 0 0 0 0 0 0 0 0 0 0 0 0 0 0 0 0 0 0 0 0 0 0 0 0 0 0 0 0 0 0 0 0 0 0 0 0 0 0 0
0 1 2 3 13 14 49 11 35 23 22 7 20 4 21 8 5 15 74 59 28 17 19 10 53 6 16 29 45 18 46 30 54 33 58 25 66 52 38 26 79 64 69 27 32 50 36 72 85 60 37 42 51 62 67 9 41 12 55 39 43 31 34 47 77 63 44 61 68 71 48 65 75 73 80 78 70 40 56 89 24 83 57 76 86 81 82 87 84 90 88 91 0 0 0 0 0 0 0 0 0 0 0 0 0 0 0 0 0 0 0 0 0 0 0 0 0 0 0 0 0 0 0 0 0 0 0 0 0 0 0 0 0 0 0 0 0 0 0 0 0 0 0 0 0 0 0 0 0 0 0 0 0 0 0 0 0 0 0 0 0 0 0 0 0 0 0 0 0 0 0 0 0 0 0 0 0 0 0 0 0 0 0 0
0 1 3 16 11 15 5 25 47 23 6 28 53 2 9 40 14 22 4 29 35 45 57 66 19 13 30 32 42 64 41 7 21 49 8 59 20 10 74 18 24 79 26 54 38 50 58 60 62 12 33 27 46 31 52 37 51 17 69 36 39 34 55 48 67 85 61 44 43 70 76 63 56 72 68 65 71 73 89 75 77 80 86 78 83 81 87 90 82 84 88 91 0 0 0 0 0 0 0 0 0 0 0 0 0 0 0 0 0 0 0 0 0 0 0 0 0 0 0 0 0 0 0 0 0 0 0 0 0 0 0 0 0 0 0 0 0 0 0 0 0 0 0 0 0 0 0 0 0 0 0 0 0 0 0 0 0 0 0 0 0 0 0 0 0 0 0 0 0 0 0 0 0 0 0 0 0 0 0 0 0 0 0 0
0 3 11 1 2 13 15 4 16 49 8 25 14 5 47 22 19 29 64 58 38 7 20 23 21 46 10 74 79 27 54 69 18 24 35 28 26 39 62 44 6 67 36 17 85 30 33 52 59 72 37 9 32 12 42 31 48 53 65 40 51 50 56 34 55 41 83 70 57 60 43 45 61 66 63 68 71 76 73 80 89 77 75 86 78 81 82 87 90 84 88 91 0 0 0 0 0 0 0 0 0 0 0 0 0 0 0 0 0 0 0 0 0 0 0 0 0 0 0 0 0 0 0 0 0 0 0 0 0 0 0 0 0 0 0 0 0 0 0 0 0 0 0 0 0 0 0 0 0 0 0 0 0 0 0 0 0 0 0 0 0 0 0 0 0 0 0 0 0 0 0 0 0 0 0 0 0 0 0 0 0 0 0 0
0 3 11 1 2 13 15 4 16 49 8 25 14 5 47 22 19 29 64 58 38 7 20 23 21 46 10 74 79 27 54 69 18 24 35 28 26 39 62 44 6 67 36 17 85 30 33 52 59 72 37 9 32 12 42 31 48 53 65 40 51 50 56 34 55 41 83 70 57 60 43 45 61 66 63 68 71 76 73 80 89 77 75 86 78 81 82 87 90 84 88 91 0 0 0 0 0 0 0 0 0 0 0 0 0 0 0 0 0 0 0 0 0 0 0 0 0 0 0 0 0 0 0 0 0 0 0 0 0 0 0 0 0 0 0 0 0 0 0 0 0 0 0 0 0 0 0 0 0 0 0 0 0 0 0 0 0 0 0 0 0 0 0 0 0 0 0 0 0 0 0 0 0 0 0 0 0 0 0 0 0 0 0 0
0 3 11 1 2 13 15 4 16 49 8 25 14 5 47 22 19 29 64 58 38 7 20 23 21 46 10 74 79 27 54 69 18 24 35 28 26 39 62 44 6 67 36 17 85 30 33 52 59 72 37 9 32 12 42 31 48 53 65 40 51 50 56 34 55 41 83 70 57 60 43 45 61 66 63 68 71 76 73 80 89 77 75 86 78 81 82 87 90 84 88 91 0 0 0 0 0 0 0 0 0 0 0 0 0 0 0 0 0 0 0 0 0 0 0 0 0 0 0 0 0 0 0 0 0 0 0 0 0 0 0 0 0 0 0 0 0 0 0 0 0 0 0 0 0 0 0 0 0 0 0 0 0 0 0 0 0 0 0 0 0 0 0 0 0 0 0 0 0 0 0 0 0 0 0 0 0 0 0 0 0 0 0 0
0 2 4 13 58 49 8 14 3 7 1 5 20 46 6 17 21 11 10 28 59 23 33 19 18 38 9 16 53 27 39 22 15 30 35 24 12 36 40 25 41 37 42 29 54 45 47 63 64 69 74 43 44 32 26 56 34 61 60 52 72 31 51 55 62 85 66 67 77 78 70 68 73 50 89 75 48 79 57 81 71 80 65 82 84 76 88 86 83 87 90 91 0 0 0 0 0 0 0 0 0 0 0 0 0 0 0 0 0 0 0 0 0 0 0 0 0 0 0 0 0 0 0 0 0 0 0 0 0 0 0 0 0 0 0 0 0 0 0 0 0 0 0 0 0 0 0 0 0 0 0 0 0 0 0 0 0 0 0 0 0 0 0 0 0 0 0 0 0 0 0 0 0 0 0 0 0 0 0 0 0 0 0 0
0 2 4 13 58 49 8 14 3 7 1 5 20 46 6 17 21 11 10 28 59 23 33 19 18 38 9 16 53 27 39 22 15 30 35 24 12 36 40 25 41 37 42 29 54 45 47 63 64 69 74 43 44 32 26 56 34 61 60 52 72 31 51 55 62 85 66 67 77 78 70 68 73 50 89 75 48 79 57 81 71 80 65 82 84 76 88 86 83 87 90 91 0 0 0 0 0 0 0 0 0 0 0 0 0 0 0 0 0 0 0 0 0 0 0 0 0 0 0 0 0 0 0 0 0 0 0 0 0 0 0 0 0 0 0 0 0 0 0 0 0 0 0 0 0 0 0 0 0 0 0 0 0 0 0 0 0 0 0 0 0 0 0 0 0 0 0 0 0 0 0 0 0 0 0 0 0 0 0 0 0 0 0 0
0 2 4 13 58 49 8 14 3 7 1 5 20 46 6 17 21 11 10 28 59 23 33 19 18 38 9 16 53 27 39 22 15 30 35 24 12 36 40 25 41 37 42 29 54 45 47 63 64 69 74 43 44 32 26 56 34 61 60 52 72 31 51 55 62 85 66 67 77 78 70 68 73 50 89 75 48 79 57 81 71 80 65 82 84 76 88 86 83 87 90 91 0 0 0 0 0 0 0 0 0 0 0 0 0 0 0 0 0 0 0 0 0 0 0 0 0 0 0 0 0 0 0 0 0 0 0 0 0 0 0 0 0 0 0 0 0 0 0 0 0 0 0 0 0 0 0 0 0 0 0 0 0 0 0 0 0 0 0 0 0 0 0 0 0 0 0 0 0 0 0 0 0 0 0 0 0 0 0 0 0 0 0 0
0 1 15 2 16 4 29 14 13 38 22 17 3 11 58 35 30 23 46 49 27 7 34 42 20 74 10 54 5 6 28 8 36 45 32 9 12 21 18 26 59 40 33 62 72 60 24 67 39 50 57 41 53 44 52 85 31 19 56 48 79 25 65 66 64 69 47 63 43 61 68 73 75 71 80 77 78 81 37 89 51 55 76 86 83 87 70 90 82 84 88 91 0 0 0 0 0 0 0 0 0 0 0 0 0 0 0 0 0 0 0 0 0 0 0 0 0 0 0 0 0 0 0 0 0 0 0 0 0 0 0 0 0 0 0 0 0 0 0 0 0 0 0 0 0 0 0 0 0 0 0 0 0 0 0 0 0 0 0 0 0 0 0 0 0 0 0 0 0 0 0 0 0 0 0 0 0 0 0 0 0 0 0 0
0 1 15 2 16 4 29 14 13 38 22 17 3 11 58 35 30 23 46 49 27 7 34 42 20 74 10 54 5 6 28 8 36 45 32 9 12 21 18 26 59 40 33 62 72 60 24 67 39 50 57 41 53 44 52 85 31 19 56 48 79 25 65 66 64 69 47 63 43 61 68 73 75 71 80 77 78 81 37 89 51 55 76 86 83 87 70 90 82 84 88 91 0 0 0 0 0 0 0 0 0 0 0 0 0 0 0 0 0 0 0 0 0 0 0 0 0 0 0 0 0 0 0 0 0 0 0 0 0 0 0 0 0 0 0 0 0 0 0 0 0 0 0 0 0 0 0 0 0 0 0 0 0 0 0 0 0 0 0 0 0 0 0 0 0 0 0 0 0 0 0 0 0 0 0 0 0 0 0 0 0 0 0 0
0 1 15 2 16 4 29 14 13 38 22 17 3 11 58 35 30 23 46 49 27 7 34 42 20 74 10 54 5 6 28 8 36 45 32 9 12 21 18 26 59 40 33 62 72 60 24 67 39 50 57 41 53 44 52 85 31 19 56 48 79 25 65 66 64 69 47 63 43 61 68 73 75 71 80 77 78 81 37 89 51 55 76 86 83 87 70 90 82 84 88 91 0 0 0 0 0 0 0 0 0 0 0 0 0 0 0 0 0 0 0 0 0 0 0 0 0 0 0 0 0 0 0 0 0 0 0 0 0 0 0 0 0 0 0 0 0 0 0 0 0 0 0 0 0 0 0 0 0 0 0 0 0 0 0 0 0 0 0 0 0 0 0 0 0 0 0 0 0 0 0 0 0 0 0 0 0 0 0 0 0 0 0 0
0 3 5 19 11 2 1 14 6 28 9 12 53 46 23 40 4 27 34 22 13 38 31 57 48 49 17 35 65 16 58 33 52 30 7 15 42 20 32 21 39 37 10 8 44 29 60 36 72 50 24 74 85 83 45 54 25 64 79 66 47 51 69 18 63 59 26 61 55 62 68 56 67 70 73 41 89 43 76 75 77 78 86 71 87 90 81 82 80 84 88 91 0 0 0 0 0 0 0 0 0 0 0 0 0 0 0 0 0 0 0 0 0 0 0 0 0 0 0 0 0 0 0 0 0 0 0 0 0 0 0 0 0 0 0 0 0 0 0 0 0 0 0 0 0 0 0 0 0 0 0 0 0 0 0 0 0 0 0 0 0 0 0 0 0 0 0 0 0 0 0 0 0 0 0 0 0 0 0 0 0 0 0 0
0 3 11 5 7 19 35 1 28 33 15 53 54 6 2 32 21 60 14 9 20 59 40 17 13 10 74 38 57 36 23 24 4 46 22 16 29 72 27 50 37 25 18 8 45 34 26 12 64 47 69 52 49 30 31 51 58 55 42 62 39 44 66 41 61 63 43 70 68 71 56 85 79 48 73 77 65 78 76 75 83 80 86 67 89 87 90 81 82 84 88 91 0 0 0 0 0 0 0 0 0 0 0 0 0 0 0 0 0 0 0 0 0 0 0 0 0 0 0 0 0 0 0 0 0 0 0 0 0 0 0 0 0 0 0 0 0 0 0 0 0 0 0 0 0 0 0 0 0 0 0 0 0 0 0 0 0 0 0 0 0 0 0 0 0 0 0 0 0 0 0 0 0 0 0 0 0 0 0 0 0 0 0 0
0 3 11 5 7 19 35 1 28 33 15 53 54 6 2 32 21 60 14 9 20 59 40 17 13 10 74 38 57 36 23 24 4 46 22 16 29 72 27 50 37 25 18 8 45 34 26 12 64 47 69 52 49 30 31 51 58 55 42 62 39 44 66 41 61 63 43 70 68 71 56 85 79 48 73 77 65 78 76 75 83 80 86 67 89 87 90 81 82 84 88 91 0 0 0 0 0 0 0 0 0 0 0 0 0 0 0 0 0 0 0 0 0 0 0 0 0 0 0 0 0 0 0 0 0 0 0 0 0 0 0 0 0 0 0 0 0 0 0 0 0 0 0 0 0 0 0 0 0 0 0 0 0 0 0 0 0 0 0 0 0 0 0 0 0 0 0 0 0 0 0 0 0 0 0 0 0 0 0 0 0 0 0 0
0 3 5 19 11 2 1 14 6 28 9 12 53 46 23 40 4 27 34 22 13 38 31 57 48 49 17 35 65 16 58 33 52 30 7 15 42 20 32 21 39 37 10 8 44 29 60 36 72 50 24 74 85 83 45 54 25 64 79 66 47 51 69 18 63 59 26 61 55 62 68 56 67 70 73 41 89 43 76 75 77 78 86 71 87 90 81 82 80 84 88 91 0 0 0 0 0 0 0 0 0 0 0 0 0 0 0 0 0 0 0 0 0 0 0 0 0 0 0 0 0 0 0 0 0 0 0 0 0 0 0 0 0 0 0 0 0 0 0 0 0 0 0 0 0 0 0 0 0 0 0 0 0 0 0 0 0 0 0 0 0 0 0 0 0 0 0 0 0 0 0 0 0 0 0 0 0 0 0 0 0 0 0 0
0 3 11 5 7 19 35 1 28 33 15 53 54 6 2 32 21 60 14 9 20 59 40 17 13 10 74 38 57 36 23 24 4 46 22 16 29 72 27 50 37 25 18 8 45 34 26 12 64 47 69 52 49 30 31 51 58 55 42 62 39 44 66 41 61 63 43 70 68 71 56 85 79 48 73 77 65 78 76 75 83 80 86 67 89 87 90 81 82 84 88 91 0 0 0 0 0 0 0 0 0 0 0 0 0 0 0 0 0 0 0 0 0 0 0 0 0 0 0 0 0 0 0 0 0 0 0 0 0 0 0 0 0 0 0 0 0 0 0 0 0 0 0 0 0 0 0 0 0 0 0 0 0 0 0 0 0 0 0 0 0 0 0 0 0 0 0 0 0 0 0 0 0 0 0 0 0 0 0 0 0 0 0 0
0 3 2 14 17 1 13 15 54 16 58 38 5 25 47 64 29 49 28 19 33 53 4 32 6 52 60 11 22 45 35 8 9 69 46 30 63 41 7 66 20 21 10 43 24 42 40 59 57 23 76 61 50 27 34 68 71 36 39 72 37 74 12 31 79 48 85 73 77 44 75 80 56 65 78 51 81 55 83 86 87 18 70 90 26 62 67 89 82 84 88 91 0 0 0 0 0 0 0 0 0 0 0 0 0 0 0 0 0 0 0 0 0 0 0 0 0 0 0 0 0 0 0 0 0 0 0 0 0 0 0 0 0 0 0 0 0 0 0 0 0 0 0 0 0 0 0 0 0 0 0 0 0 0 0 0 0 0 0 0 0 0 0 0 0 0 0 0 0 0 0 0 0 0 0 0 0 0 0 0 0 0 0 0
0 3 2 14 17 1 13 15 54 16 58 38 5 25 47 64 29 49 28 19 33 53 4 32 6 52 60 11 22 45 35 8 9 69 46 30 63 41 7 66 20 21 10 43 24 42 40 59 57 23 76 61 50 27 34 68 71 36 39 72 37 74 12 31 79 48 85 73 77 44 75 80 56 65 78 51 81 55 83 86 87 18 70 90 26 62 67 89 82 84 88 91 0 0 0 0 0 0 0 0 0 0 0 0 0 0 0 0 0 0 0 0 0 0 0 0 0 0 0 0 0 0 0 0 0 0 0 0 0 0 0 0 0 0 0 0 0 0 0 0 0 0 0 0 0 0 0 0 0 0 0 0 0 0 0 0 0 0 0 0 0 0 0 0 0 0 0 0 0 0 0 0 0 0 0 0 0 0 0 0 0 0 0 0
0 2 13 38 3 5 11 6 35 7 28 32 21 60 23 27 33 20 10 39 19 53 52 4 36 37 74 34 1 16 49 25 64 8 29 58 9 12 15 47 14 31 22 30 46 17 40 57 50 48 79 42 44 45 51 66 76 55 41 69 54 70 59 24 18 72 56 26 63 43 85 77 62 61 65 78 83 81 82 84 67 68 73 89 71 80 75 86 87 88 90 91 0 0 0 0 0 0 0 0 0 0 0 0 0 0 0 0 0 0 0 0 0 0 0 0 0 0 0 0 0 0 0 0 0 0 0 0 0 0 0 0 0 0 0 0 0 0 0 0 0 0 0 0 0 0 0 0 0 0 0 0 0 0 0 0 0 0 0 0 0 0 0 0 0 0 0 0 0 0 0 0 0 0 0 0 0 0 0 0 0 0 0 0
0 2 13 38 3 5 11 6 35 7 28 32 21 60 23 27 33 20 10 39 19 53 52 4 36 37 74 34 1 16 49 25 64 8 29 58 9 12 15 47 14 31 22 30 46 17 40 57 50 48 79 42 44 45 51 66 76 55 41 69 54 70 59 24 18 72 56 26 63 43 85 77 62 61 65 78 83 81 82 84 67 68 73 89 71 80 75 86 87 88 90 91 0 0 0 0 0 0 0 0 0 0 0 0 0 0 0 0 0 0 0 0 0 0 0 0 0 0 0 0 0 0 0 0 0 0 0 0 0 0 0 0 0 0 0 0 0 0 0 0 0 0 0 0 0 0 0 0 0 0 0 0 0 0 0 0 0 0 0 0 0 0 0 0 0 0 0 0 0 0 0 0 0 0 0 0 0 0 0 0 0 0 0 0
0 3 11 35 5 19 23 1 6 15 28 9 40 54 12 2 31 27 16 7 34 4 53 10 57 32 20 39 29 37 45 25 60 14 22 74 79 18 66 17 46 76 33 26 48 8 24 36 50 51 65 72 55 52 85 64 47 13 62 83 69 38 44 30 56 49 21 41 42 58 67 43 63 59 77 78 70 81 61 68 82 84 75 73 86 87 71 90 89 80 88 91 0 0 0 0 0 0 0 0 0 0 0 0 0 0 0 0 0 0 0 0 0 0 0 0 0 0 0 0 0 0 0 0 0 0 0 0 0 0 0 0 0 0 0 0 0 0 0 0 0 0 0 0 0 0 0 0 0 0 0 0 0 0 0 0 0 0 0 0 0 0 0 0 0 0 0 0 0 0 0 0 0 0 0 0 0 0 0 0 0 0 0 0
0 3 5 11 2 1 28 33 23 35 32 53 16 27 14 6 25 19 50 7 47 15 54 34 21 37 10 18 29 24 45 26 62 36 51 72 59 64 20 55 60 74 9 69 13 38 40 85 39 67 57 49 46 58 66 4 12 52 31 79 22 48 76 8 63 61 30 44 65 83 41 68 17 71 42 73 56 75 80 43 77 70 86 78 89 87 90 81 82 84 88 91 0 0 0 0 0 0 0 0 0 0 0 0 0 0 0 0 0 0 0 0 0 0 0 0 0 0 0 0 0 0 0 0 0 0 0 0 0 0 0 0 0 0 0 0 0 0 0 0 0 0 0 0 0 0 0 0 0 0 0 0 0 0 0 0 0 0 0 0 0 0 0 0 0 0 0 0 0 0 0 0 0 0 0 0 0 0 0 0 0 0 0 0
0 3 5 11 2 1 28 33 23 35 32 53 16 27 14 6 25 19 50 7 47 15 54 34 21 37 10 18 29 24 45 26 62 36 51 72 59 64 20 55 60 74 9 69 13 38 40 85 39 67 57 49 46 58 66 4 12 52 31 79 22 48 76 8 63 61 30 44 65 83 41 68 17 71 42 73 56 75 80 43 77 70 86 78 89 87 90 81 82 84 88 91 0 0 0 0 0 0 0 0 0 0 0 0 0 0 0 0 0 0 0 0 0 0 0 0 0 0 0 0 0 0 0 0 0 0 0 0 0 0 0 0 0 0 0 0 0 0 0 0 0 0 0 0 0 0 0 0 0 0 0 0 0 0 0 0 0 0 0 0 0 0 0 0 0 0 0 0 0 0 0 0 0 0 0 0 0 0 0 0 0 0 0 0
0 1 16 29 15 25 54 64 2 45 47 14 13 38 69 17 3 63 11 4 35 8 49 7 23 27 5 46 22 28 58 34 21 59 10 20 19 39 33 74 24 44 37 52 53 6 18 51 61 9 12 26 62 30 40 41 42 32 56 55 31 48 50 36 57 65 85 79 43 67 83 70 77 72 78 68 66 60 76 81 73 71 89 80 75 86 87 90 82 84 88 91 0 0 0 0 0 0 0 0 0 0 0 0 0 0 0 0 0 0 0 0 0 0 0 0 0 0 0 0 0 0 0 0 0 0 0 0 0 0 0 0 0 0 0 0 0 0 0 0 0 0 0 0 0 0 0 0 0 0 0 0 0 0 0 0 0 0 0 0 0 0 0 0 0 0 0 0 0 0 0 0 0 0 0 0 0 0 0 0 0 0 0 0
0 1 3 2 11 7 10 35 21 23 27 20 34 59 4 13 49 8 15 38 54 16 29 14 22 58 45 46 5 39 6 30 41 17 28 9 53 40 57 33 74 44 12 32 31 19 50 37 60 25 64 51 36 24 42 85 66 43 52 55 70 47 61 68 63 79 48 76 72 56 18 65 83 73 26 75 62 71 69 77 86 80 78 81 82 87 67 84 90 88 89 91 0 0 0 0 0 0 0 0 0 0 0 0 0 0 0 0 0 0 0 0 0 0 0 0 0 0 0 0 0 0 0 0 0 0 0 0 0 0 0 0 0 0 0 0 0 0 0 0 0 0 0 0 0 0 0 0 0 0 0 0 0 0 0 0 0 0 0 0 0 0 0 0 0 0 0 0 0 0 0 0 0 0 0 0 0 0 0 0 0 0 0 0
0 1 16 29 15 25 54 64 2 45 47 14 13 38 69 17 3 63 11 4 35 8 49 7 23 27 5 46 22 28 58 34 21 59 10 20 19 39 33 74 24 44 37 52 53 6 18 51 61 9 12 26 62 30 40 41 42 32 56 55 31 48 50 36 57 65 85 79 43 67 83 70 77 72 78 68 66 60 76 81 73 71 89 80 75 86 87 90 82 84 88 91 0 0 0 0 0 0 0 0 0 0 0 0 0 0 0 0 0 0 0 0 0 0 0 0 0 0 0 0 0 0 0 0 0 0 0 0 0 0 0 0 0 0 0 0 0 0 0 0 0 0 0 0 0 0 0 0 0 0 0 0 0 0 0 0 0 0 0 0 0 0 0 0 0 0 0 0 0 0 0 0 0 0 0 0 0 0 0 0 0 0 0 0
0 1 16 29 15 25 54 64 2 45 47 14 13 38 69 17 3 63 11 4 35 8 49 7 23 27 5 46 22 28 58 34 21 59 10 20 19 39 33 74 24 44 37 52 53 6 18 51 61 9 12 26 62 30 40 41 42 32 56 55 31 48 50 36 57 65 85 79 43 67 83 70 77 72 78 68 66 60 76 81 73 71 89 80 75 86 87 90 82 84 88 91 0 0 0 0 0 0 0 0 0 0 0 0 0 0 0 0 0 0 0 0 0 0 0 0 0 0 0 0 0 0 0 0 0 0 0 0 0 0 0 0 0 0 0 0 0 0 0 0 0 0 0 0 0 0 0 0 0 0 0 0 0 0 0 0 0 0 0 0 0 0 0 0 0 0 0 0 0 0 0 0 0 0 0 0 0 0 0 0 0 0 0 0
0 1 3 2 11 7 10 35 21 23 27 20 34 59 4 13 49 8 15 38 54 16 29 14 22 58 45 46 5 39 6 30 41 17 28 9 53 40 57 33 74 44 12 32 31 19 50 37 60 25 64 51 36 24 42 85 66 43 52 55 70 47 61 68 63 79 48 76 72 56 18 65 83 73 26 75 62 71 69 77 86 80 78 81 82 87 67 84 90 88 89 91 0 0 0 0 0 0 0 0 0 0 0 0 0 0 0 0 0 0 0 0 0 0 0 0 0 0 0 0 0 0 0 0 0 0 0 0 0 0 0 0 0 0 0 0 0 0 0 0 0 0 0 0 0 0 0 0 0 0 0 0 0 0 0 0 0 0 0 0 0 0 0 0 0 0 0 0 0 0 0 0 0 0 0 0 0 0 0 0 0 0 0 0
0 2 14 4 13 1 8 38 49 16 3 46 11 22 17 5 15 7 10 21 54 20 74 35 23 58 25 6 29 19 45 28 39 79 59 44 33 30 42 32 64 24 47 18 60 41 36 9 72 69 43 12 40 31 57 85 52 48 53 61 65 56 66 68 63 27 26 34 50 73 75 62 67 76 37 77 83 51 86 78 87 55 81 70 71 82 89 84 90 80 88 91 0 0 0 0 0 0 0 0 0 0 0 0 0 0 0 0 0 0 0 0 0 0 0 0 0 0 0 0 0 0 0 0 0 0 0 0 0 0 0 0 0 0 0 0 0 0 0 0 0 0 0 0 0 0 0 0 0 0 0 0 0 0 0 0 0 0 0 0 0 0 0 0 0 0 0 0 0 0 0 0 0 0 0 0 0 0 0 0 0 0 0 0
0 2 14 4 13 1 8 38 49 16 3 46 11 22 17 5 15 7 10 21 54 20 74 35 23 58 25 6 29 19 45 28 39 79 59 44 33 30 42 32 64 24 47 18 60 41 36 9 72 69 43 12 40 31 57 85 52 48 53 61 65 56 66 68 63 27 26 34 50 73 75 62 67 76 37 77 83 51 86 78 87 55 81 70 71 82 89 84 90 80 88 91 0 0 0 0 0 0 0 0 0 0 0 0 0 0 0 0 0 0 0 0 0 0 0 0 0 0 0 0 0 0 0 0 0 0 0 0 0 0 0 0 0 0 0 0 0 0 0 0 0 0 0 0 0 0 0 0 0 0 0 0 0 0 0 0 0 0 0 0 0 0 0 0 0 0 0 0 0 0 0 0 0 0 0 0 0 0 0 0 0 0 0 0
0 2 14 4 13 1 8 38 49 16 3 46 11 22 17 5 15 7 10 21 54 20 74 35 23 58 25 6 29 19 45 28 39 79 59 44 33 30 42 32 64 24 47 18 60 41 36 9 72 69 43 12 40 31 57 85 52 48 53 61 65 56 66 68 63 27 26 34 50 73 75 62 67 76 37 77 83 51 86 78 87 55 81 70 71 82 89 84 90 80 88 91 0 0 0 0 0 0 0 0 0 0 0 0 0 0 0 0 0 0 0 0 0 0 0 0 0 0 0 0 0 0 0 0 0 0 0 0 0 0 0 0 0 0 0 0 0 0 0 0 0 0 0 0 0 0 0 0 0 0 0 0 0 0 0 0 0 0 0 0 0 0 0 0 0 0 0 0 0 0 0 0 0 0 0 0 0 0 0 0 0 0 0 0
0 2 14 4 13 1 8 38 49 16 3 46 11 22 17 5 15 7 10 21 54 20 74 35 23 58 25 6 29 19 45 28 39 79 59 44 33 30 42 32 64 24 47 18 60 41 36 9 72 69 43 12 40 31 57 85 52 48 53 61 65 56 66 68 63 27 26 34 50 73 75 62 67 76 37 77 83 51 86 78 87 55 81 70 71 82 89 84 90 80 88 91 0 0 0 0 0 0 0 0 0 0 0 0 0 0 0 0 0 0 0 0 0 0 0 0 0 0 0 0 0 0 0 0 0 0 0 0 0 0 0 0 0 0 0 0 0 0 0 0 0 0 0 0 0 0 0 0 0 0 0 0 0 0 0 0 0 0 0 0 0 0 0 0 0 0 0 0 0 0 0 0 0 0 0 0 0 0 0 0 0 0 0 0
0 3 7 10 21 2 59 11 5 18 14 46 17 28 24 19 4 26 62 6 8 20 39 35 32 50 13 49 44 53 36 58 23 33 9 22 27 40 1 12 52 34 56 74 16 15 30 41 42 31 48 57 60 72 25 79 38 85 65 67 43 37 64 29 51 83 69 47 55 70 77 54 78 61 81 82 45 66 76 68 73 89 71 75 86 80 63 84 88 87 90 91 0 0 0 0 0 0 0 0 0 0 0 0 0 0 0 0 0 0 0 0 0 0 0 0 0 0 0 0 0 0 0 0 0 0 0 0 0 0 0 0 0 0 0 0 0 0 0 0 0 0 0 0 0 0 0 0 0 0 0 0 0 0 0 0 0 0 0 0 0 0 0 0 0 0 0 0 0 0 0 0 0 0 0 0 0 0 0 0 0 0 0 0
0 1 15 2 4 3 7 21 8 14 20 16 25 59 11 10 13 22 47 18 23 35 27 46 34 58 49 38 17 36 24 64 29 54 45 72 39 44 63 30 61 5 69 26 19 74 85 37 68 41 62 67 51 42 79 43 6 9 73 12 89 31 48 40 56 55 57 65 28 53 66 33 32 52 60 70 76 50 83 71 80 75 86 77 87 78 81 82 90 84 88 91 0 0 0 0 0 0 0 0 0 0 0 0 0 0 0 0 0 0 0 0 0 0 0 0 0 0 0 0 0 0 0 0 0 0 0 0 0 0 0 0 0 0 0 0 0 0 0 0 0 0 0 0 0 0 0 0 0 0 0 0 0 0 0 0 0 0 0 0 0 0 0 0 0 0 0 0 0 0 0 0 0 0 0 0 0 0 0 0 0 0 0 0
0 1 15 2 4 3 7 21 8 14 20 16 25 59 11 10 13 22 47 18 23 35 27 46 34 58 49 38 17 36 24 64 29 54 45 72 39 44 63 30 61 5 69 26 19 74 85 37 68 41 62 67 51 42 79 43 6 9 73 12 89 31 48 40 56 55 57 65 28 53 66 33 32 52 60 70 76 50 83 71 80 75 86 77 87 78 81 82 90 84 88 91 0 0 0 0 0 0 0 0 0 0 0 0 0 0 0 0 0 0 0 0 0 0 0 0 0 0 0 0 0 0 0 0 0 0 0 0 0 0 0 0 0 0 0 0 0 0 0 0 0 0 0 0 0 0 0 0 0 0 0 0 0 0 0 0 0 0 0 0 0 0 0 0 0 0 0 0 0 0 0 0 0 0 0 0 0 0 0 0 0 0 0 0
0 3 7 10 21 2 59 11 5 18 14 46 17 28 24 19 4 26 62 6 8 20 39 35 32 50 13 49 44 53 36 58 23 33 9 22 27 40 1 12 52 34 56 74 16 15 30 41 42 31 48 57 60 72 25 79 38 85 65 67 43 37 64 29 51 83 69 47 55 70 77 54 78 61 81 82 45 66 76 68 73 89 71 75 86 80 63 84 88 87 90 91 0 0 0 0 0 0 0 0 0 0 0 0 0 0 0 0 0 0 0 0 0 0 0 0 0 0 0 0 0 0 0 0 0 0 0 0 0 0 0 0 0 0 0 0 0 0 0 0 0 0 0 0 0 0 0 0 0 0 0 0 0 0 0 0 0 0 0 0 0 0 0 0 0 0 0 0 0 0 0 0 0 0 0 0 0 0 0 0 0 0 0 0
0 3 1 7 15 2 54 14 22 17 4 30 13 49 58 38 11 8 21 16 10 24 18 42 46 20 39 35 59 74 36 26 41 25 79 44 62 23 67 64 5 19 43 29 28 27 47 61 6 32 53 50 60 9 69 33 52 12 40 45 37 56 34 68 75 63 31 57 51 66 48 77 55 65 83 70 71 78 76 86 72 73 81 80 82 87 85 84 89 90 88 91 0 0 0 0 0 0 0 0 0 0 0 0 0 0 0 0 0 0 0 0 0 0 0 0 0 0 0 0 0 0 0 0 0 0 0 0 0 0 0 0 0 0 0 0 0 0 0 0 0 0 0 0 0 0 0 0 0 0 0 0 0 0 0 0 0 0 0 0 0 0 0 0 0 0 0 0 0 0 0 0 0 0 0 0 0 0 0 0 0 0 0 0
0 3 1 15 5 11 19 23 2 16 7 13 6 35 4 27 37 38 34 8 20 74 25 47 10 39 14 51 49 36 79 17 64 54 72 28 53 22 29 33 44 18 26 9 69 52 45 40 62 21 56 12 59 32 67 85 55 30 31 57 60 41 66 42 58 43 50 70 24 46 61 48 65 63 83 68 77 71 76 73 75 86 87 80 78 81 82 84 90 88 89 91 0 0 0 0 0 0 0 0 0 0 0 0 0 0 0 0 0 0 0 0 0 0 0 0 0 0 0 0 0 0 0 0 0 0 0 0 0 0 0 0 0 0 0 0 0 0 0 0 0 0 0 0 0 0 0 0 0 0 0 0 0 0 0 0 0 0 0 0 0 0 0 0 0 0 0 0 0 0 0 0 0 0 0 0 0 0 0 0 0 0 0 0
0 3 1 7 15 2 54 14 22 17 4 30 13 49 58 38 11 8 21 16 10 24 18 42 46 20 39 35 59 74 36 26 41 25 79 44 62 23 67 64 5 19 43 29 28 27 47 61 6 32 53 50 60 9 69 33 52 12 40 45 37 56 34 68 75 63 31 57 51 66 48 77 55 65 83 70 71 78 76 86 72 73 81 80 82 87 85 84 89 90 88 91 0 0 0 0 0 0 0 0 0 0 0 0 0 0 0 0 0 0 0 0 0 0 0 0 0 0 0 0 0 0 0 0 0 0 0 0 0 0 0 0 0 0 0 0 0 0 0 0 0 0 0 0 0 0 0 0 0 0 0 0 0 0 0 0 0 0 0 0 0 0 0 0 0 0 0 0 0 0 0 0 0 0 0 0 0 0 0 0 0 0 0 0
0 1 16 25 47 2 15 3 7 10 5 29 14 22 28 4 64 20 13 30 33 32 52 74 17 79 60 6 42 18 8 21 46 45 39 44 24 59 53 11 54 19 23 66 26 35 27 41 34 49 50 9 58 37 12 51 40 31 57 38 55 43 48 69 70 56 36 72 65 77 63 78 83 85 81 61 82 62 84 67 68 76 75 73 86 71 80 89 88 87 90 91 0 0 0 0 0 0 0 0 0 0 0 0 0 0 0 0 0 0 0 0 0 0 0 0 0 0 0 0 0 0 0 0 0 0 0 0 0 0 0 0 0 0 0 0 0 0 0 0 0 0 0 0 0 0 0 0 0 0 0 0 0 0 0 0 0 0 0 0 0 0 0 0 0 0 0 0 0 0 0 0 0 0 0 0 0 0 0 0 0 0 0 0
0 3 1 5 28 33 15 11 7 19 35 2 6 21 59 10 36 53 23 14 24 4 32 46 22 16 29 60 72 27 54 9 20 40 17 13 74 38 57 85 49 50 30 39 41 34 37 25 58 64 79 47 44 12 31 18 45 51 52 61 55 68 75 26 63 42 69 62 66 76 67 48 71 86 65 83 70 56 8 43 73 77 89 80 87 90 78 81 82 84 88 91 0 0 0 0 0 0 0 0 0 0 0 0 0 0 0 0 0 0 0 0 0 0 0 0 0 0 0 0 0 0 0 0 0 0 0 0 0 0 0 0 0 0 0 0 0 0 0 0 0 0 0 0 0 0 0 0 0 0 0 0 0 0 0 0 0 0 0 0 0 0 0 0 0 0 0 0 0 0 0 0 0 0 0 0 0 0 0 0 0 0 0 0
0 1 16 25 47 2 15 3 7 10 5 29 14 22 28 4 64 20 13 30 33 32 52 74 17 79 60 6 42 18 8 21 46 45 39 44 24 59 53 11 54 19 23 66 26 35 27 41 34 49 50 9 58 37 12 51 40 31 57 38 55 43 48 69 70 56 36 72 65 77 63 78 83 85 81 61 82 62 84 67 68 76 75 73 86 71 80 89 88 87 90 91 0 0 0 0 0 0 0 0 0 0 0 0 0 0 0 0 0 0 0 0 0 0 0 0 0 0 0 0 0 0 0 0 0 0 0 0 0 0 0 0 0 0 0 0 0 0 0 0 0 0 0 0 0 0 0 0 0 0 0 0 0 0 0 0 0 0 0 0 0 0 0 0 0 0 0 0 0 0 0 0 0 0 0 0 0 0 0 0 0 0 0 0
0 3 1 5 28 33 15 11 7 19 35 2 6 21 59 10 36 53 23 14 24 4 32 46 22 16 29 60 72 27 54 9 20 40 17 13 74 38 57 85 49 50 30 39 41 34 37 25 58 64 79 47 44 12 31 18 45 51 52 61 55 68 75 26 63 42 69 62 66 76 67 48 71 86 65 83 70 56 8 43 73 77 89 80 87 90 78 81 82 84 88 91 0 0 0 0 0 0 0 0 0 0 0 0 0 0 0 0 0 0 0 0 0 0 0 0 0 0 0 0 0 0 0 0 0 0 0 0 0 0 0 0 0 0 0 0 0 0 0 0 0 0 0 0 0 0 0 0 0 0 0 0 0 0 0 0 0 0 0 0 0 0 0 0 0 0 0 0 0 0 0 0 0 0 0 0 0 0 0 0 0 0 0 0
0 3 1 7 20 11 15 21 2 39 16 14 25 17 74 5 29 35 6 54 64 13 46 47 10 28 58 19 79 22 33 38 30 24 44 69 45 52 36 41 59 63 4 53 85 72 23 42 43 8 9 61 12 27 77 66 78 32 34 40 18 49 81 60 31 48 37 51 26 57 68 65 76 73 50 75 56 86 55 71 62 80 70 82 83 87 90 67 84 88 89 91 0 0 0 0 0 0 0 0 0 0 0 0 0 0 0 0 0 0 0 0 0 0 0 0 0 0 0 0 0 0 0 0 0 0 0 0 0 0 0 0 0 0 0 0 0 0 0 0 0 0 0 0 0 0 0 0 0 0 0 0 0 0 0 0 0 0 0 0 0 0 0 0 0 0 0 0 0 0 0 0 0 0 0 0 0 0 0 0 0 0 0 0
0 2 4 8 13 38 3 14 11 17 58 7 22 20 1 46 5 49 23 21 16 59 30 28 25 19 15 39 42 29 54 45 53 44 41 6 35 32 33 64 9 10 47 74 12 24 36 52 79 43 61 68 63 27 34 40 69 56 37 51 66 60 57 50 71 75 55 31 76 48 18 65 77 70 26 86 83 87 62 78 85 67 72 81 82 90 84 73 80 88 89 91 0 0 0 0 0 0 0 0 0 0 0 0 0 0 0 0 0 0 0 0 0 0 0 0 0 0 0 0 0 0 0 0 0 0 0 0 0 0 0 0 0 0 0 0 0 0 0 0 0 0 0 0 0 0 0 0 0 0 0 0 0 0 0 0 0 0 0 0 0 0 0 0 0 0 0 0 0 0 0 0 0 0 0 0 0 0 0 0 0 0 0 0
0 2 4 8 13 38 3 14 11 17 58 7 22 20 1 46 5 49 23 21 16 59 30 28 25 19 15 39 42 29 54 45 53 44 41 6 35 32 33 64 9 10 47 74 12 24 36 52 79 43 61 68 63 27 34 40 69 56 37 51 66 60 57 50 71 75 55 31 76 48 18 65 77 70 26 86 83 87 62 78 85 67 72 81 82 90 84 73 80 88 89 91 0 0 0 0 0 0 0 0 0 0 0 0 0 0 0 0 0 0 0 0 0 0 0 0 0 0 0 0 0 0 0 0 0 0 0 0 0 0 0 0 0 0 0 0 0 0 0 0 0 0 0 0 0 0 0 0 0 0 0 0 0 0 0 0 0 0 0 0 0 0 0 0 0 0 0 0 0 0 0 0 0 0 0 0 0 0 0 0 0 0 0 0
0 1 2 16 14 17 13 46 3 4 11 23 25 29 8 64 22 35 38 7 5 21 49 27 6 30 20 9 40 45 47 28 74 42 59 53 19 39 57 34 10 66 32 41 43 61 60 44 69 15 12 24 36 37 54 76 51 68 85 50 55 18 58 72 71 79 33 56 31 52 26 70 62 73 80 67 89 77 75 48 86 63 78 81 65 83 82 84 88 87 90 91 0 0 0 0 0 0 0 0 0 0 0 0 0 0 0 0 0 0 0 0 0 0 0 0 0 0 0 0 0 0 0 0 0 0 0 0 0 0 0 0 0 0 0 0 0 0 0 0 0 0 0 0 0 0 0 0 0 0 0 0 0 0 0 0 0 0 0 0 0 0 0 0 0 0 0 0 0 0 0 0 0 0 0 0 0 0 0 0 0 0 0 0
0 1 16 29 3 25 7 5 47 2 13 58 45 38 28 64 53 32 69 6 14 20 39 49 21 9 46 33 59 19 66 17 4 11 35 60 10 23 22 52 61 24 40 50 30 74 12 42 41 18 68 8 57 71 43 77 27 37 31 78 51 34 76 55 44 70 26 75 62 36 48 65 79 72 67 56 85 86 83 87 81 15 90 54 73 80 63 82 84 88 89 91 0 0 0 0 0 0 0 0 0 0 0 0 0 0 0 0 0 0 0 0 0 0 0 0 0 0 0 0 0 0 0 0 0 0 0 0 0 0 0 0 0 0 0 0 0 0 0 0 0 0 0 0 0 0 0 0 0 0 0 0 0 0 0 0 0 0 0 0 0 0 0 0 0 0 0 0 0 0 0 0 0 0 0 0 0 0 0 0 0 0 0 0
0 2 3 11 1 14 17 4 46 8 5 15 16 23 13 35 38 58 19 22 7 20 49 10 18 36 30 28 33 24 53 29 42 32 50 6 25 54 72 41 21 43 9 47 39 45 44 66 63 59 61 12 31 48 26 52 60 74 64 62 67 27 69 68 37 85 75 34 51 40 79 73 65 71 57 77 80 56 89 83 78 76 55 70 81 82 84 86 88 87 90 91 0 0 0 0 0 0 0 0 0 0 0 0 0 0 0 0 0 0 0 0 0 0 0 0 0 0 0 0 0 0 0 0 0 0 0 0 0 0 0 0 0 0 0 0 0 0 0 0 0 0 0 0 0 0 0 0 0 0 0 0 0 0 0 0 0 0 0 0 0 0 0 0 0 0 0 0 0 0 0 0 0 0 0 0 0 0 0 0 0 0 0 0
0 2 3 11 1 14 17 4 46 8 5 15 16 23 13 35 38 58 19 22 7 20 49 10 18 36 30 28 33 24 53 29 42 32 50 6 25 54 72 41 21 43 9 47 39 45 44 66 63 59 61 12 31 48 26 52 60 74 64 62 67 27 69 68 37 85 75 34 51 40 79 73 65 71 57 77 80 56 89 83 78 76 55 70 81 82 84 86 88 87 90 91 0 0 0 0 0 0 0 0 0 0 0 0 0 0 0 0 0 0 0 0 0 0 0 0 0 0 0 0 0 0 0 0 0 0 0 0 0 0 0 0 0 0 0 0 0 0 0 0 0 0 0 0 0 0 0 0 0 0 0 0 0 0 0 0 0 0 0 0 0 0 0 0 0 0 0 0 0 0 0 0 0 0 0 0 0 0 0 0 0 0 0 0
0 3 1 2 15 14 46 13 5 28 19 38 58 11 49 33 32 35 6 53 50 16 23 22 30 52 7 42 60 10 25 21 17 27 59 24 4 47 37 20 61 36 51 8 64 74 55 54 70 34 9 40 29 57 39 44 41 12 56 18 85 31 79 43 26 45 72 66 69 68 48 73 63 62 71 75 67 76 89 77 80 86 65 78 83 87 81 82 90 84 88 91 0 0 0 0 0 0 0 0 0 0 0 0 0 0 0 0 0 0 0 0 0 0 0 0 0 0 0 0 0 0 0 0 0 0 0 0 0 0 0 0 0 0 0 0 0 0 0 0 0 0 0 0 0 0 0 0 0 0 0 0 0 0 0 0 0 0 0 0 0 0 0 0 0 0 0 0 0 0 0 0 0 0 0 0 0 0 0 0 0 0 0 0
0 3 1 2 15 14 46 13 5 28 19 38 58 11 49 33 32 35 6 53 50 16 23 22 30 52 7 42 60 10 25 21 17 27 59 24 4 47 37 20 61 36 51 8 64 74 55 54 70 34 9 40 29 57 39 44 41 12 56 18 85 31 79 43 26 45 72 66 69 68 48 73 63 62 71 75 67 76 89 77 80 86 65 78 83 87 81 82 90 84 88 91 0 0 0 0 0 0 0 0 0 0 0 0 0 0 0 0 0 0 0 0 0 0 0 0 0 0 0 0 0 0 0 0 0 0 0 0 0 0 0 0 0 0 0 0 0 0 0 0 0 0 0 0 0 0 0 0 0 0 0 0 0 0 0 0 0 0 0 0 0 0 0 0 0 0 0 0 0 0 0 0 0 0 0 0 0 0 0 0 0 0 0 0
0 3 1 2 15 14 46 13 5 28 19 38 58 11 49 33 32 35 6 53 50 16 23 22 30 52 7 42 60 10 25 21 17 27 59 24 4 47 37 20 61 36 51 8 64 74 55 54 70 34 9 40 29 57 39 44 41 12 56 18 85 31 79 43 26 45 72 66 69 68 48 73 63 62 71 75 67 76 89 77 80 86 65 78 83 87 81 82 90 84 88 91 0 0 0 0 0 0 0 0 0 0 0 0 0 0 0 0 0 0 0 0 0 0 0 0 0 0 0 0 0 0 0 0 0 0 0 0 0 0 0 0 0 0 0 0 0 0 0 0 0 0 0 0 0 0 0 0 0 0 0 0 0 0 0 0 0 0 0 0 0 0 0 0 0 0 0 0 0 0 0 0 0 0 0 0 0 0 0 0 0 0 0 0
0 1 3 11 15 35 16 25 64 29 45 69 47 54 5 23 63 7 2 6 13 58 14 9 4 40 17 22 30 42 57 28 49 46 33 27 12 20 10 18 36 39 31 24 41 53 34 19 32 72 43 37 74 52 50 77 21 48 26 44 62 59 56 60 61 66 65 79 68 83 76 75 71 85 51 55 70 38 8 73 86 78 87 81 80 67 82 89 90 84 88 91 0 0 0 0 0 0 0 0 0 0 0 0 0 0 0 0 0 0 0 0 0 0 0 0 0 0 0 0 0 0 0 0 0 0 0 0 0 0 0 0 0 0 0 0 0 0 0 0 0 0 0 0 0 0 0 0 0 0 0 0 0 0 0 0 0 0 0 0 0 0 0 0 0 0 0 0 0 0 0 0 0 0 0 0 0 0 0 0 0 0 0 0
0 3 1 7 15 2 13 38 14 46 10 21 20 74 4 18 24 26 39 58 49 17 11 5 6 54 16 25 19 28 64 23 22 27 62 37 59 9 40 35 51 8 29 57 53 55 33 79 45 66 67 69 52 36 12 32 44 56 30 50 34 41 85 60 42 43 72 47 61 63 70 77 78 31 48 65 68 73 83 81 71 76 89 80 82 84 88 75 86 87 90 91 0 0 0 0 0 0 0 0 0 0 0 0 0 0 0 0 0 0 0 0 0 0 0 0 0 0 0 0 0 0 0 0 0 0 0 0 0 0 0 0 0 0 0 0 0 0 0 0 0 0 0 0 0 0 0 0 0 0 0 0 0 0 0 0 0 0 0 0 0 0 0 0 0 0 0 0 0 0 0 0 0 0 0 0 0 0 0 0 0 0 0 0
0 2 13 3 1 7 14 38 15 16 46 54 10 25 29 20 39 49 21 45 5 4 28 19 58 44 47 6 32 33 53 74 64 8 69 22 59 18 24 52 30 42 50 11 23 61 60 35 17 79 41 9 43 77 27 34 68 71 66 78 26 12 31 36 75 85 63 48 65 83 40 72 81 73 80 62 37 56 67 57 76 51 86 89 87 90 55 70 82 84 88 91 0 0 0 0 0 0 0 0 0 0 0 0 0 0 0 0 0 0 0 0 0 0 0 0 0 0 0 0 0 0 0 0 0 0 0 0 0 0 0 0 0 0 0 0 0 0 0 0 0 0 0 0 0 0 0 0 0 0 0 0 0 0 0 0 0 0 0 0 0 0 0 0 0 0 0 0 0 0 0 0 0 0 0 0 0 0 0 0 0 0 0 0
0 2 13 38 58 14 3 7 11 10 35 23 24 36 1 72 46 16 4 5 19 22 15 17 8 28 32 27 49 53 50 29 37 45 54 66 51 20 30 42 25 34 41 60 21 55 33 70 6 9 43 59 40 52 64 69 39 74 85 77 79 18 26 62 47 78 61 44 81 67 56 57 12 82 63 31 68 73 84 89 48 71 80 65 76 83 75 86 87 90 88 91 0 0 0 0 0 0 0 0 0 0 0 0 0 0 0 0 0 0 0 0 0 0 0 0 0 0 0 0 0 0 0 0 0 0 0 0 0 0 0 0 0 0 0 0 0 0 0 0 0 0 0 0 0 0 0 0 0 0 0 0 0 0 0 0 0 0 0 0 0 0 0 0 0 0 0 0 0 0 0 0 0 0 0 0 0 0 0 0 0 0 0 0
0 3 7 11 10 35 23 2 13 38 58 14 1 4 5 19 22 15 24 36 72 46 16 29 20 45 74 30 25 42 49 17 27 8 34 85 18 39 41 44 47 43 79 6 21 26 54 64 28 59 61 68 9 73 62 12 33 63 37 67 31 53 48 32 52 40 56 65 51 89 66 55 60 69 57 70 83 77 78 50 71 75 76 81 86 87 90 80 82 84 88 91 0 0 0 0 0 0 0 0 0 0 0 0 0 0 0 0 0 0 0 0 0 0 0 0 0 0 0 0 0 0 0 0 0 0 0 0 0 0 0 0 0 0 0 0 0 0 0 0 0 0 0 0 0 0 0 0 0 0 0 0 0 0 0 0 0 0 0 0 0 0 0 0 0 0 0 0 0 0 0 0 0 0 0 0 0 0 0 0 0 0 0 0
0 2 13 38 58 14 3 7 11 10 35 23 24 36 1 72 46 16 4 5 19 22 15 17 8 28 32 27 49 53 50 29 37 45 54 66 51 20 30 42 25 34 41 60 21 55 33 70 6 9 43 59 40 52 64 69 39 74 85 77 79 18 26 62 47 78 61 44 81 67 56 57 12 82 63 31 68 73 84 89 48 71 80 65 76 83 75 86 87 90 88 91 0 0 0 0 0 0 0 0 0 0 0 0 0 0 0 0 0 0 0 0 0 0 0 0 0 0 0 0 0 0 0 0 0 0 0 0 0 0 0 0 0 0 0 0 0 0 0 0 0 0 0 0 0 0 0 0 0 0 0 0 0 0 0 0 0 0 0 0 0 0 0 0 0 0 0 0 0 0 0 0 0 0 0 0 0 0 0 0 0 0 0 0
0 3 7 11 10 35 23 2 13 38 58 14 1 4 5 19 22 15 24 36 72 46 16 29 20 45 74 30 25 42 49 17 27 8 34 85 18 39 41 44 47 43 79 6 21 26 54 64 28 59 61 68 9 73 62 12 33 63 37 67 31 53 48 32 52 40 56 65 51 89 66 55 60 69 57 70 83 77 78 50 71 75 76 81 86 87 90 80 82 84 88 91 0 0 0 0 0 0 0 0 0 0 0 0 0 0 0 0 0 0 0 0 0 0 0 0 0 0 0 0 0 0 0 0 0 0 0 0 0 0 0 0 0 0 0 0 0 0 0 0 0 0 0 0 0 0 0 0 0 0 0 0 0 0 0 0 0 0 0 0 0 0 0 0 0 0 0 0 0 0 0 0 0 0 0 0 0 0 0 0 0 0 0 0
0 2 13 38 58 14 3 7 11 10 35 23 24 36 1 72 46 16 4 5 19 22 15 17 8 28 32 27 49 53 50 29 37 45 54 66 51 20 30 42 25 34 41 60 21 55 33 70 6 9 43 59 40 52 64 69 39 74 85 77 79 18 26 62 47 78 61 44 81 67 56 57 12 82 63 31 68 73 84 89 48 71 80 65 76 83 75 86 87 90 88 91 0 0 0 0 0 0 0 0 0 0 0 0 0 0 0 0 0 0 0 0 0 0 0 0 0 0 0 0 0 0 0 0 0 0 0 0 0 0 0 0 0 0 0 0 0 0 0 0 0 0 0 0 0 0 0 0 0 0 0 0 0 0 0 0 0 0 0 0 0 0 0 0 0 0 0 0 0 0 0 0 0 0 0 0 0 0 0 0 0 0 0 0
0 3 1 11 2 15 35 7 5 23 27 34 21 19 37 6 16 10 18 29 28 53 24 45 33 32 14 25 50 47 54 9 46 17 60 20 74 40 57 79 64 4 22 30 13 41 49 42 58 8 39 44 52 59 66 26 69 63 51 55 70 36 38 76 56 85 12 61 43 62 77 78 67 31 72 68 75 73 86 81 82 71 48 65 83 84 87 89 90 80 88 91 0 0 0 0 0 0 0 0 0 0 0 0 0 0 0 0 0 0 0 0 0 0 0 0 0 0 0 0 0 0 0 0 0 0 0 0 0 0 0 0 0 0 0 0 0 0 0 0 0 0 0 0 0 0 0 0 0 0 0 0 0 0 0 0 0 0 0 0 0 0 0 0 0 0 0 0 0 0 0 0 0 0 0 0 0 0 0 0 0 0 0 0
0 2 13 4 1 16 49 25 64 3 8 29 5 6 11 19 35 58 38 7 9 12 15 47 23 20 28 32 21 60 27 33 10 39 53 52 36 37 74 34 50 24 14 17 59 44 40 46 56 85 79 22 57 30 42 45 72 51 31 41 54 18 55 70 26 69 66 62 63 43 48 65 83 67 61 68 76 71 75 73 77 78 86 89 81 87 80 90 82 84 88 91 0 0 0 0 0 0 0 0 0 0 0 0 0 0 0 0 0 0 0 0 0 0 0 0 0 0 0 0 0 0 0 0 0 0 0 0 0 0 0 0 0 0 0 0 0 0 0 0 0 0 0 0 0 0 0 0 0 0 0 0 0 0 0 0 0 0 0 0 0 0 0 0 0 0 0 0 0 0 0 0 0 0 0 0 0 0 0 0 0 0 0 0
0 2 13 4 1 16 49 25 64 3 8 29 5 6 11 19 35 58 38 7 9 12 15 47 23 20 28 32 21 60 27 33 10 39 53 52 36 37 74 34 50 24 14 17 59 44 40 46 56 85 79 22 57 30 42 45 72 51 31 41 54 18 55 70 26 69 66 62 63 43 48 65 83 67 61 68 76 71 75 73 77 78 86 89 81 87 80 90 82 84 88 91 0 0 0 0 0 0 0 0 0 0 0 0 0 0 0 0 0 0 0 0 0 0 0 0 0 0 0 0 0 0 0 0 0 0 0 0 0 0 0 0 0 0 0 0 0 0 0 0 0 0 0 0 0 0 0 0 0 0 0 0 0 0 0 0 0 0 0 0 0 0 0 0 0 0 0 0 0 0 0 0 0 0 0 0 0 0 0 0 0 0 0 0
0 3 1 11 2 15 35 7 5 23 27 34 21 19 37 6 16 10 18 29 28 53 24 45 33 32 14 25 50 47 54 9 46 17 60 20 74 40 57 79 64 4 22 30 13 41 49 42 58 8 39 44 52 59 66 26 69 63 51 55 70 36 38 76 56 85 12 61 43 62 77 78 67 31 72 68 75 73 86 81 82 71 48 65 83 84 87 89 90 80 88 91 0 0 0 0 0 0 0 0 0 0 0 0 0 0 0 0 0 0 0 0 0 0 0 0 0 0 0 0 0 0 0 0 0 0 0 0 0 0 0 0 0 0 0 0 0 0 0 0 0 0 0 0 0 0 0 0 0 0 0 0 0 0 0 0 0 0 0 0 0 0 0 0 0 0 0 0 0 0 0 0 0 0 0 0 0 0 0 0 0 0 0 0
0 2 13 4 1 16 49 25 64 3 8 29 5 6 11 19 35 58 38 7 9 12 15 47 23 20 28 32 21 60 27 33 10 39 53 52 36 37 74 34 50 24 14 17 59 44 40 46 56 85 79 22 57 30 42 45 72 51 31 41 54 18 55 70 26 69 66 62 63 43 48 65 83 67 61 68 76 71 75 73 77 78 86 89 81 87 80 90 82 84 88 91 0 0 0 0 0 0 0 0 0 0 0 0 0 0 0 0 0 0 0 0 0 0 0 0 0 0 0 0 0 0 0 0 0 0 0 0 0 0 0 0 0 0 0 0 0 0 0 0 0 0 0 0 0 0 0 0 0 0 0 0 0 0 0 0 0 0 0 0 0 0 0 0 0 0 0 0 0 0 0 0 0 0 0 0 0 0 0 0 0 0 0 0
0 3 1 11 2 15 35 7 5 23 27 34 21 19 37 6 16 10 18 29 28 53 24 45 33 32 14 25 50 47 54 9 46 17 60 20 74 40 57 79 64 4 22 30 13 41 49 42 58 8 39 44 52 59 66 26 69 63 51 55 70 36 38 76 56 85 12 61 43 62 77 78 67 31 72 68 75 73 86 81 82 71 48 65 83 84 87 89 90 80 88 91 0 0 0 0 0 0 0 0 0 0 0 0 0 0 0 0 0 0 0 0 0 0 0 0 0 0 0 0 0 0 0 0 0 0 0 0 0 0 0 0 0 0 0 0 0 0 0 0 0 0 0 0 0 0 0 0 0 0 0 0 0 0 0 0 0 0 0 0 0 0 0 0 0 0 0 0 0 0 0 0 0 0 0 0 0 0 0 0 0 0 0 0
0 3 1 11 2 15 35 7 5 23 27 34 21 19 37 6 16 10 18 29 28 53 24 45 33 32 14 25 50 47 54 9 46 17 60 20 74 40 57 79 64 4 22 30 13 41 49 42 58 8 39 44 52 59 66 26 69 63 51 55 70 36 38 76 56 85 12 61 43 62 77 78 67 31 72 68 75 73 86 81 82 71 48 65 83 84 87 89 90 80 88 91 0 0 0 0 0 0 0 0 0 0 0 0 0 0 0 0 0 0 0 0 0 0 0 0 0 0 0 0 0 0 0 0 0 0 0 0 0 0 0 0 0 0 0 0 0 0 0 0 0 0 0 0 0 0 0 0 0 0 0 0 0 0 0 0 0 0 0 0 0 0 0 0 0 0 0 0 0 0 0 0 0 0 0 0 0 0 0 0 0 0 0 0
0 3 1 11 2 15 35 7 5 23 27 34 21 19 37 6 16 10 18 29 28 53 24 45 33 32 14 25 50 47 54 9 46 17 60 20 74 40 57 79 64 4 22 30 13 41 49 42 58 8 39 44 52 59 66 26 69 63 51 55 70 36 38 76 56 85 12 61 43 62 77 78 67 31 72 68 75 73 86 81 82 71 48 65 83 84 87 89 90 80 88 91 0 0 0 0 0 0 0 0 0 0 0 0 0 0 0 0 0 0 0 0 0 0 0 0 0 0 0 0 0 0 0 0 0 0 0 0 0 0 0 0 0 0 0 0 0 0 0 0 0 0 0 0 0 0 0 0 0 0 0 0 0 0 0 0 0 0 0 0 0 0 0 0 0 0 0 0 0 0 0 0 0 0 0 0 0 0 0 0 0 0 0 0
0 3 11 1 15 16 23 5 2 28 7 54 29 33 20 14 21 52 6 59 9 19 46 12 74 31 53 32 25 27 48 50 4 22 8 60 10 47 79 13 40 39 37 30 18 26 64 61 24 49 44 41 17 58 35 38 62 67 36 34 85 72 56 45 43 69 57 68 65 75 71 83 42 63 73 66 76 80 77 89 86 87 90 78 81 51 55 70 82 84 88 91 0 0 0 0 0 0 0 0 0 0 0 0 0 0 0 0 0 0 0 0 0 0 0 0 0 0 0 0 0 0 0 0 0 0 0 0 0 0 0 0 0 0 0 0 0 0 0 0 0 0 0 0 0 0 0 0 0 0 0 0 0 0 0 0 0 0 0 0 0 0 0 0 0 0 0 0 0 0 0 0 0 0 0 0 0 0 0 0 0 0 0 0
0 2 13 49 1 15 58 16 29 54 25 4 38 47 8 14 64 22 45 46 30 17 69 63 41 3 42 7 11 20 23 43 27 10 39 21 24 35 36 44 59 74 5 18 28 26 61 68 72 34 85 53 73 32 62 66 6 50 60 71 9 67 40 56 19 33 52 75 77 37 80 57 89 12 79 78 31 51 48 81 55 65 70 76 82 83 86 84 88 87 90 91 0 0 0 0 0 0 0 0 0 0 0 0 0 0 0 0 0 0 0 0 0 0 0 0 0 0 0 0 0 0 0 0 0 0 0 0 0 0 0 0 0 0 0 0 0 0 0 0 0 0 0 0 0 0 0 0 0 0 0 0 0 0 0 0 0 0 0 0 0 0 0 0 0 0 0 0 0 0 0 0 0 0 0 0 0 0 0 0 0 0 0 0
0 3 2 11 23 1 35 5 13 38 19 58 14 28 32 53 15 16 49 22 29 4 6 25 60 7 9 64 8 27 54 45 37 17 20 33 47 69 74 30 51 10 36 41 18 26 79 50 34 21 52 63 39 24 44 46 72 62 12 42 55 66 43 67 85 70 40 57 56 77 78 81 82 84 76 31 59 48 65 83 61 68 75 73 86 87 90 89 71 80 88 91 0 0 0 0 0 0 0 0 0 0 0 0 0 0 0 0 0 0 0 0 0 0 0 0 0 0 0 0 0 0 0 0 0 0 0 0 0 0 0 0 0 0 0 0 0 0 0 0 0 0 0 0 0 0 0 0 0 0 0 0 0 0 0 0 0 0 0 0 0 0 0 0 0 0 0 0 0 0 0 0 0 0 0 0 0 0 0 0 0 0 0 0
0 3 2 11 23 1 35 5 13 38 19 58 14 28 32 53 15 16 49 22 29 4 6 25 60 7 9 64 8 27 54 45 37 17 20 33 47 69 74 30 51 10 36 41 18 26 79 50 34 21 52 63 39 24 44 46 72 62 12 42 55 66 43 67 85 70 40 57 56 77 78 81 82 84 76 31 59 48 65 83 61 68 75 73 86 87 90 89 71 80 88 91 0 0 0 0 0 0 0 0 0 0 0 0 0 0 0 0 0 0 0 0 0 0 0 0 0 0 0 0 0 0 0 0 0 0 0 0 0 0 0 0 0 0 0 0 0 0 0 0 0 0 0 0 0 0 0 0 0 0 0 0 0 0 0 0 0 0 0 0 0 0 0 0 0 0 0 0 0 0 0 0 0 0 0 0 0 0 0 0 0 0 0 0
0 2 13 49 1 15 58 16 29 54 25 4 38 47 8 14 64 22 45 46 30 17 69 63 41 3 42 7 11 20 23 43 27 10 39 21 24 35 36 44 59 74 5 18 28 26 61 68 72 34 85 53 73 32 62 66 6 50 60 71 9 67 40 56 19 33 52 75 77 37 80 57 89 12 79 78 31 51 48 81 55 65 70 76 82 83 86 84 88 87 90 91 0 0 0 0 0 0 0 0 0 0 0 0 0 0 0 0 0 0 0 0 0 0 0 0 0 0 0 0 0 0 0 0 0 0 0 0 0 0 0 0 0 0 0 0 0 0 0 0 0 0 0 0 0 0 0 0 0 0 0 0 0 0 0 0 0 0 0 0 0 0 0 0 0 0 0 0 0 0 0 0 0 0 0 0 0 0 0 0 0 0 0 0
0 3 2 4 7 20 11 23 13 1 74 14 17 58 8 49 38 35 27 39 15 16 54 5 28 29 33 53 22 6 46 25 10 32 52 47 34 9 60 24 19 36 40 18 72 37 45 64 12 31 21 63 57 79 85 30 26 50 59 44 51 55 61 69 62 48 68 67 66 65 71 42 56 41 73 80 75 89 83 70 43 76 77 78 86 81 82 84 88 87 90 91 0 0 0 0 0 0 0 0 0 0 0 0 0 0 0 0 0 0 0 0 0 0 0 0 0 0 0 0 0 0 0 0 0 0 0 0 0 0 0 0 0 0 0 0 0 0 0 0 0 0 0 0 0 0 0 0 0 0 0 0 0 0 0 0 0 0 0 0 0 0 0 0 0 0 0 0 0 0 0 0 0 0 0 0 0 0 0 0 0 0 0 0
0 2 14 22 3 17 4 1 7 15 54 10 16 5 21 18 20 6 26 59 30 28 74 32 53 39 24 41 25 50 60 44 42 19 11 46 23 47 64 61 29 9 69 33 52 12 40 13 79 49 58 38 8 35 36 62 67 43 27 72 34 85 37 45 66 56 51 57 68 71 63 55 76 31 70 48 77 65 73 83 75 80 78 89 86 81 87 82 90 84 88 91 0 0 0 0 0 0 0 0 0 0 0 0 0 0 0 0 0 0 0 0 0 0 0 0 0 0 0 0 0 0 0 0 0 0 0 0 0 0 0 0 0 0 0 0 0 0 0 0 0 0 0 0 0 0 0 0 0 0 0 0 0 0 0 0 0 0 0 0 0 0 0 0 0 0 0 0 0 0 0 0 0 0 0 0 0 0 0 0 0 0 0 0
