0 2 1 14 4 3 13 49 46 16 29 58 8 25 5 45 15 6 19 11 22 7 64 10 35 23 27 28 30 21 33 47 18 38 54 41 20 36 74 39 26 42 43 85 59 72 32 62 44 67 69 61 9 12 50 52 63 40 34 56 53 79 60 68 73 75 31 71 89 80 17 24 37 77 51 55 78 81 66 48 57 65 83 76 70 82 86 87 84 88 90 91 0 0 0 0 0 0 0 0 1 0 0 0 0 0 0 0 0 0 0 0 0 0 0 0 0 0 1 0 0 0 0 0 0 1 1 0 0 0 0 0 0 0 1 1 1 0 0 0 0 0 0 0 0 1 0 0 0 1 0 0 1 0 0 0 0 0 0 0 0 0 0 0 0 0 0 0 0 0 0 0 0 0 0 0 0 0 0 0 0 0 0 0
0 1 2 14 16 29 13 3 22 5 49 11 23 7 38 4 25 15 45 27 35 54 10 17 30 58 21 59 8 36 18 26 62 24 67 6 34 19 64 47 20 63 46 42 28 32 72 69 9 53 33 37 52 41 40 50 60 43 77 51 12 39 74 44 78 61 31 55 66 79 81 48 68 71 57 76 70 82 73 80 75 84 86 89 65 83 85 56 87 90 88 91 0 0 0 0 0 0 0 0 1 0 0 0 0 0 0 0 0 0 0 0 0 0 0 0 0 0 0 0 0 0 0 0 0 0 0 0 1 0 0 0 0 0 1 0 0 0 0 0 0 0 0 0 0 0 0 0 0 0 0 0 1 0 0 0 0 0 0 0 0 0 0 0 0 0 0 0 0 0 0 0 0 0 0 0 0 1 0 0 0 1 0 0
0 2 4 14 3 5 22 46 1 11 23 28 7 27 10 33 35 21 36 20 13 6 49 19 74 37 85 32 58 18 50 24 39 9 40 44 8 51 17 55 30 26 57 12 34 42 31 15 56 48 59 72 70 62 38 16 65 53 25 60 67 29 83 41 52 47 54 61 43 45 63 64 66 79 68 76 69 73 71 89 75 80 77 86 78 81 87 82 84 90 88 91 0 0 0 0 0 0 0 0 0 0 0 0 0 0 0 1 0 0 0 0 0 0 0 0 0 0 0 0 0 0 0 0 0 0 0 0 0 0 0 0 0 1 0 0 0 0 0 0 0 0 0 0 0 0 0 0 1 0 0 0 0 0 0 1 0 0 0 0 0 0 0 0 0 0 0 0 0 0 1 0 0 0 0 1 0 0 1 0 0 0 0 0
0 1 3 15 16 7 21 2 5 25 28 64 19 11 20 10 32 33 24 74 6 39 35 50 29 18 59 47 60 9 12 45 79 36 31 53 44 23 26 62 40 72 54 52 69 27 13 4 66 14 63 57 46 61 37 17 68 8 71 76 22 49 58 34 85 38 30 41 43 42 51 75 56 48 73 55 65 83 70 67 77 86 87 78 80 90 81 82 89 84 88 91 0 0 0 0 0 0 0 0 1 0 0 0 0 0 0 0 1 0 0 0 0 0 0 0 0 0 0 0 0 0 0 0 0 0 1 0 0 0 0 0 0 0 0 0 0 0 0 0 0 0 0 0 0 0 0 0 0 0 0 0 0 0 0 0 0 0 0 0 0 0 0 0 0 0 0 0 1 0 0 0 0 0 0 0 0 0 0 0 0 1 1 0
0 2 4 14 3 5 22 46 1 11 23 28 7 27 10 33 35 21 36 20 13 6 49 19 74 37 85 32 58 18 50 24 39 9 40 44 8 51 17 55 30 26 57 12 34 42 31 15 56 48 59 72 70 62 38 16 65 53 25 60 67 29 83 41 52 47 54 61 43 45 63 64 66 79 68 76 69 73 71 89 75 80 77 86 78 81 87 82 84 90 88 91 0 0 0 0 0 0 0 0 0 0 0 0 0 0 0 1 0 0 0 0 0 0 0 0 0 0 0 0 0 0 0 0 0 0 0 0 0 0 0 0 0 1 0 0 0 0 0 0 0 0 0 0 0 0 0 0 1 0 0 0 0 0 0 1 0 0 0 0 0 0 0 0 0 0 0 0 0 0 1 0 0 0 0 1 0 0 1 0 0 0 0 0
0 2 4 14 3 5 22 46 1 11 23 28 7 27 10 33 35 21 36 20 13 6 49 19 74 37 85 32 58 18 50 24 39 9 40 44 8 51 17 55 30 26 57 12 34 42 31 15 56 48 59 72 70 62 38 16 65 53 25 60 67 29 83 41 52 47 54 61 43 45 63 64 66 79 68 76 69 73 71 89 75 80 77 86 78 81 87 82 84 90 88 91 0 0 0 0 0 0 0 0 0 0 0 0 0 0 0 1 0 0 0 0 0 0 0 0 0 0 0 0 0 0 0 0 0 0 0 0 0 0 0 0 0 1 0 0 0 0 0 0 0 0 0 0 0 0 0 0 1 0 0 0 0 0 0 1 0 0 0 0 0 0 0 0 0 0 0 0 0 0 1 0 0 0 0 1 0 0 1 0 0 0 0 0
0 2 1 14 4 3 13 49 46 16 29 58 8 25 5 45 15 6 19 11 22 7 64 10 35 23 27 28 30 21 33 47 18 38 54 41 20 36 74 39 26 42 43 85 59 72 32 62 44 67 69 61 9 12 50 52 63 40 34 56 53 79 60 68 73 75 31 71 89 80 17 24 37 77 51 55 78 81 66 48 57 65 83 76 70 82 86 87 84 88 90 91 0 0 0 0 0 0 0 0 1 0 0 0 0 0 0 0 0 0 0 0 0 0 0 0 0 0 1 0 0 0 0 0 0 1 1 0 0 0 0 0 0 0 1 1 1 0 0 0 0 0 0 0 0 1 0 0 0 1 0 0 1 0 0 0 0 0 0 0 0 0 0 0 0 0 0 0 0 0 0 0 0 0 0 0 0 0 0 0 0 0 0 0
0 1 2 14 16 29 13 3 22 5 49 11 23 7 38 4 25 15 45 27 35 54 10 17 30 58 21 59 8 36 18 26 62 24 67 6 34 19 64 47 20 63 46 42 28 32 72 69 9 53 33 37 52 41 40 50 60 43 77 51 12 39 74 44 78 61 31 55 66 79 81 48 68 71 57 76 70 82 73 80 75 84 86 89 65 83 85 56 87 90 88 91 0 0 0 0 0 0 0 0 1 0 0 0 0 0 0 0 0 0 0 0 0 0 0 0 0 0 0 0 0 0 0 0 0 0 0 0 1 0 0 0 0 0 1 0 0 0 0 0 0 0 0 0 0 0 0 0 0 0 0 0 1 0 0 0 0 0 0 0 0 0 0 0 0 0 0 0 0 0 0 0 0 0 0 0 0 1 0 0 0 1 0 0
0 1 3 15 16 7 21 2 5 25 28 64 19 11 20 10 32 33 24 74 6 39 35 50 29 18 59 47 60 9 12 45 79 36 31 53 44 23 26 62 40 72 54 52 69 27 13 4 66 14 63 57 46 61 37 17 68 8 71 76 22 49 58 34 85 38 30 41 43 42 51 75 56 48 73 55 65 83 70 67 77 86 87 78 80 90 81 82 89 84 88 91 0 0 0 0 0 0 0 0 1 0 0 0 0 0 0 0 1 0 0 0 0 0 0 0 0 0 0 0 0 0 0 0 0 0 1 0 0 0 0 0 0 0 0 0 0 0 0 0 0 0 0 0 0 0 0 0 0 0 0 0 0 0 0 0 0 0 0 0 0 0 0 0 0 0 0 0 1 0 0 0 0 0 0 0 0 0 0 0 0 1 1 0
0 1 2 14 16 29 13 3 22 5 49 11 23 7 38 4 25 15 45 27 35 54 10 17 30 58 21 59 8 36 18 26 62 24 67 6 34 19 64 47 20 63 46 42 28 32 72 69 9 53 33 37 52 41 40 50 60 43 77 51 12 39 74 44 78 61 31 55 66 79 81 48 68 71 57 76 70 82 73 80 75 84 86 89 65 83 85 56 87 90 88 91 0 0 0 0 0 0 0 0 1 0 0 0 0 0 0 0 0 0 0 0 0 0 0 0 0 0 0 0 0 0 0 0 0 0 0 0 1 0 0 0 0 0 1 0 0 0 0 0 0 0 0 0 0 0 0 0 0 0 0 0 1 0 0 0 0 0 0 0 0 0 0 0 0 0 0 0 0 0 0 0 0 0 0 0 0 1 0 0 0 1 0 0
0 2 4 14 3 5 22 46 1 11 23 28 7 27 10 33 35 21 36 20 13 6 49 19 74 37 85 32 58 18 50 24 39 9 40 44 8 51 17 55 30 26 57 12 34 42 31 15 56 48 59 72 70 62 38 16 65 53 25 60 67 29 83 41 52 47 54 61 43 45 63 64 66 79 68 76 69 73 71 89 75 80 77 86 78 81 87 82 84 90 88 91 0 0 0 0 0 0 0 0 0 0 0 0 0 0 0 1 0 0 0 0 0 0 0 0 0 0 0 0 0 0 0 0 0 0 0 0 0 0 0 0 0 1 0 0 0 0 0 0 0 0 0 0 0 0 0 0 1 0 0 0 0 0 0 1 0 0 0 0 0 0 0 0 0 0 0 0 0 0 1 0 0 0 0 1 0 0 1 0 0 0 0 0
0 1 3 15 16 7 21 2 5 25 28 64 19 11 20 10 32 33 24 74 6 39 35 50 29 18 59 47 60 9 12 45 79 36 31 53 44 23 26 62 40 72 54 52 69 27 13 4 66 14 63 57 46 61 37 17 68 8 71 76 22 49 58 34 85 38 30 41 43 42 51 75 56 48 73 55 65 83 70 67 77 86 87 78 80 90 81 82 89 84 88 91 0 0 0 0 0 0 0 0 1 0 0 0 0 0 0 0 1 0 0 0 0 0 0 0 0 0 0 0 0 0 0 0 0 0 1 0 0 0 0 0 0 0 0 0 0 0 0 0 0 0 0 0 0 0 0 0 0 0 0 0 0 0 0 0 0 0 0 0 0 0 0 0 0 0 0 0 1 0 0 0 0 0 0 0 0 0 0 0 0 1 1 0
0 3 7 10 20 1 11 15 2 35 4 5 28 19 16 25 6 8 18 32 26 9 29 23 14 74 64 39 45 12 47 13 31 62 27 44 33 17 38 46 21 79 60 37 59 54 36 49 69 22 61 24 40 48 50 53 66 57 30 58 72 67 63 41 43 52 77 68 76 56 51 71 85 42 34 75 65 83 55 86 87 73 90 80 78 81 70 82 89 84 88 91 0 0 0 0 0 0 0 0 0 0 0 0 0 0 0 0 0 0 0 0 0 0 0 0 0 0 0 0 0 0 0 0 0 0 0 0 0 0 0 0 0 0 0 0 0 0 0 0 0 0 0 0 0 0 0 1 1 0 0 0 0 0 0 0 0 0 0 0 0 0 0 0 0 0 0 1 0 0 0 0 0 0 0 1 0 0 0 0 0 0 0 0
0 1 3 11 15 54 16 35 7 25 64 69 2 29 14 20 5 23 13 45 21 39 19 6 22 28 38 59 74 79 53 4 27 9 37 49 47 17 33 58 32 40 52 10 12 34 36 30 18 50 46 51 8 55 24 41 31 57 43 85 66 48 72 65 60 44 42 83 56 61 26 76 77 78 68 70 62 81 63 82 84 67 71 75 73 86 87 90 80 89 88 91 0 0 0 0 0 0 0 0 0 0 0 0 0 0 0 0 0 0 0 0 0 0 0 0 0 0 0 0 0 0 0 0 0 0 0 0 0 0 0 0 0 0 0 0 0 0 0 0 0 0 0 0 0 0 0 1 1 0 1 0 0 1 0 1 0 0 0 0 0 0 0 0 0 0 0 0 0 0 0 0 0 0 0 0 0 0 0 0 0 0 0 0
0 3 1 7 15 2 5 11 16 19 20 35 74 23 6 4 10 24 27 79 21 37 39 13 14 8 22 46 38 25 29 28 9 58 40 47 30 32 33 12 41 50 43 18 45 64 42 59 31 52 69 51 26 55 36 61 53 48 72 34 57 66 77 78 44 54 68 60 49 63 62 67 56 17 76 85 75 73 86 65 70 71 81 83 82 80 89 87 90 84 88 91 0 0 0 0 0 0 0 0 0 0 0 0 0 0 0 0 0 0 0 0 0 0 0 0 0 0 1 0 0 0 0 0 0 0 0 0 0 0 0 0 0 0 0 0 0 0 0 0 1 1 1 0 0 0 0 0 0 0 1 0 0 0 0 0 0 0 0 0 0 0 0 0 0 0 0 0 0 0 0 0 0 0 0 0 0 0 0 0 0 1 0 0
0 1 3 11 15 54 16 35 7 25 64 69 2 29 14 20 5 23 13 45 21 39 19 6 22 28 38 59 74 79 53 4 27 9 37 49 47 17 33 58 32 40 52 10 12 34 36 30 18 50 46 51 8 55 24 41 31 57 43 85 66 48 72 65 60 44 42 83 56 61 26 76 77 78 68 70 62 81 63 82 84 67 71 75 73 86 87 90 80 89 88 91 0 0 0 0 0 0 0 0 0 0 0 0 0 0 0 0 0 0 0 0 0 0 0 0 0 0 0 0 0 0 0 0 0 0 0 0 0 0 0 0 0 0 0 0 0 0 0 0 0 0 0 0 0 0 0 1 1 0 1 0 0 1 0 1 0 0 0 0 0 0 0 0 0 0 0 0 0 0 0 0 0 0 0 0 0 0 0 0 0 0 0 0
0 3 7 10 20 1 11 15 2 35 4 5 28 19 16 25 6 8 18 32 26 9 29 23 14 74 64 39 45 12 47 13 31 62 27 44 33 17 38 46 21 79 60 37 59 54 36 49 69 22 61 24 40 48 50 53 66 57 30 58 72 67 63 41 43 52 77 68 76 56 51 71 85 42 34 75 65 83 55 86 87 73 90 80 78 81 70 82 89 84 88 91 0 0 0 0 0 0 0 0 0 0 0 0 0 0 0 0 0 0 0 0 0 0 0 0 0 0 0 0 0 0 0 0 0 0 0 0 0 0 0 0 0 0 0 0 0 0 0 0 0 0 0 0 0 0 0 1 1 0 0 0 0 0 0 0 0 0 0 0 0 0 0 0 0 0 0 1 0 0 0 0 0 0 0 1 0 0 0 0 0 0 0 0
0 3 7 10 20 1 11 15 2 35 4 5 28 19 16 25 6 8 18 32 26 9 29 23 14 74 64 39 45 12 47 13 31 62 27 44 33 17 38 46 21 79 60 37 59 54 36 49 69 22 61 24 40 48 50 53 66 57 30 58 72 67 63 41 43 52 77 68 76 56 51 71 85 42 34 75 65 83 55 86 87 73 90 80 78 81 70 82 89 84 88 91 0 0 0 0 0 0 0 0 0 0 0 0 0 0 0 0 0 0 0 0 0 0 0 0 0 0 0 0 0 0 0 0 0 0 0 0 0 0 0 0 0 0 0 0 0 0 0 0 0 0 0 0 0 0 0 1 1 0 0 0 0 0 0 0 0 0 0 0 0 0 0 0 0 0 0 1 0 0 0 0 0 0 0 1 0 0 0 0 0 0 0 0
0 1 3 11 15 54 16 35 7 25 64 69 2 29 14 20 5 23 13 45 21 39 19 6 22 28 38 59 74 79 53 4 27 9 37 49 47 17 33 58 32 40 52 10 12 34 36 30 18 50 46 51 8 55 24 41 31 57 43 85 66 48 72 65 60 44 42 83 56 61 26 76 77 78 68 70 62 81 63 82 84 67 71 75 73 86 87 90 80 89 88 91 0 0 0 0 0 0 0 0 0 0 0 0 0 0 0 0 0 0 0 0 0 0 0 0 0 0 0 0 0 0 0 0 0 0 0 0 0 0 0 0 0 0 0 0 0 0 0 0 0 0 0 0 0 0 0 1 1 0 1 0 0 1 0 1 0 0 0 0 0 0 0 0 0 0 0 0 0 0 0 0 0 0 0 0 0 0 0 0 0 0 0 0
0 3 1 7 15 2 5 11 16 19 20 35 74 23 6 4 10 24 27 79 21 37 39 13 14 8 22 46 38 25 29 28 9 58 40 47 30 32 33 12 41 50 43 18 45 64 42 59 31 52 69 51 26 55 36 61 53 48 72 34 57 66 77 78 44 54 68 60 49 63 62 67 56 17 76 85 75 73 86 65 70 71 81 83 82 80 89 87 90 84 88 91 0 0 0 0 0 0 0 0 0 0 0 0 0 0 0 0 0 0 0 0 0 0 0 0 0 0 1 0 0 0 0 0 0 0 0 0 0 0 0 0 0 0 0 0 0 0 0 0 1 1 1 0 0 0 0 0 0 0 1 0 0 0 0 0 0 0 0 0 0 0 0 0 0 0 0 0 0 0 0 0 0 0 0 0 0 0 0 0 0 1 0 0
0 3 1 7 15 2 5 11 16 19 20 35 74 23 6 4 10 24 27 79 21 37 39 13 14 8 22 46 38 25 29 28 9 58 40 47 30 32 33 12 41 50 43 18 45 64 42 59 31 52 69 51 26 55 36 61 53 48 72 34 57 66 77 78 44 54 68 60 49 63 62 67 56 17 76 85 75 73 86 65 70 71 81 83 82 80 89 87 90 84 88 91 0 0 0 0 0 0 0 0 0 0 0 0 0 0 0 0 0 0 0 0 0 0 0 0 0 0 1 0 0 0 0 0 0 0 0 0 0 0 0 0 0 0 0 0 0 0 0 0 1 1 1 0 0 0 0 0 0 0 1 0 0 0 0 0 0 0 0 0 0 0 0 0 0 0 0 0 0 0 0 0 0 0 0 0 0 0 0 0 0 1 0 0
0 1 15 3 7 5 6 19 2 28 16 20 14 11 13 54 4 35 49 29 46 33 32 25 52 9 22 30 17 53 64 45 38 58 10 24 21 66 59 8 42 12 41 31 60 47 48 63 40 23 27 57 69 43 76 74 34 18 77 39 26 37 44 50 62 78 65 56 67 79 36 85 72 51 55 70 83 61 68 75 86 73 81 87 90 71 80 89 82 84 88 91 0 0 0 0 0 0 0 0 0 0 0 0 0 0 0 0 0 0 0 0 1 0 0 0 0 0 0 0 0 0 0 0 0 0 0 0 0 0 0 0 0 0 0 0 1 0 0 0 1 0 0 0 0 0 0 0 0 0 0 0 0 0 0 0 0 0 0 0 0 0 0 0 0 0 0 0 0 0 0 0 0 0 0 0 0 0 0 0 0 1 0 0
0 1 16 2 4 25 13 47 15 49 38 3 5 11 23 29 6 64 54 35 69 19 9 12 40 27 45 57 8 63 31 28 7 14 17 21 59 34 58 33 20 52 46 22 32 10 30 39 60 37 18 24 74 48 44 79 56 26 42 65 50 61 51 68 36 62 41 72 53 71 85 75 66 83 73 55 80 70 76 86 67 43 77 87 89 78 81 90 82 84 88 91 0 0 0 0 0 0 0 0 1 0 0 0 0 0 0 0 0 0 0 0 0 0 0 0 0 0 0 0 0 0 0 0 0 0 0 0 0 0 0 0 0 0 0 0 1 0 0 0 0 0 0 0 0 1 0 0 0 0 0 0 0 0 0 0 0 0 0 0 0 0 0 0 0 0 1 0 0 0 0 1 1 0 0 0 0 1 0 0 0 0 0 0
0 3 1 7 15 54 2 16 21 5 13 25 64 59 6 11 4 8 14 58 46 69 9 49 23 19 20 29 22 30 28 41 10 38 33 74 53 42 52 35 27 18 32 50 26 45 47 39 43 36 79 66 61 72 44 37 77 34 62 40 51 63 78 85 60 57 24 55 67 12 17 76 81 56 31 48 70 82 65 83 84 68 73 71 75 89 80 86 88 87 90 91 0 0 0 0 0 0 0 0 0 0 0 0 0 0 0 0 0 0 0 0 0 0 0 0 0 0 0 0 0 0 0 0 0 0 0 0 0 0 0 0 0 0 0 0 0 0 0 0 0 0 0 0 0 0 0 0 0 0 0 0 0 0 0 0 0 0 0 0 0 0 0 0 0 0 0 0 0 0 0 0 0 0 0 1 0 0 0 0 0 0 1 0
0 1 15 3 7 5 6 19 2 28 16 20 14 11 13 54 4 35 49 29 46 33 32 25 52 9 22 30 17 53 64 45 38 58 10 24 21 66 59 8 42 12 41 31 60 47 48 63 40 23 27 57 69 43 76 74 34 18 77 39 26 37 44 50 62 78 65 56 67 79 36 85 72 51 55 70 83 61 68 75 86 73 81 87 90 71 80 89 82 84 88 91 0 0 0 0 0 0 0 0 0 0 0 0 0 0 0 0 0 0 0 0 1 0 0 0 0 0 0 0 0 0 0 0 0 0 0 0 0 0 0 0 0 0 0 0 1 0 0 0 1 0 0 0 0 0 0 0 0 0 0 0 0 0 0 0 0 0 0 0 0 0 0 0 0 0 0 0 0 0 0 0 0 0 0 0 0 0 0 0 0 1 0 0
0 1 15 3 7 5 6 19 2 28 16 20 14 11 13 54 4 35 49 29 46 33 32 25 52 9 22 30 17 53 64 45 38 58 10 24 21 66 59 8 42 12 41 31 60 47 48 63 40 23 27 57 69 43 76 74 34 18 77 39 26 37 44 50 62 78 65 56 67 79 36 85 72 51 55 70 83 61 68 75 86 73 81 87 90 71 80 89 82 84 88 91 0 0 0 0 0 0 0 0 0 0 0 0 0 0 0 0 0 0 0 0 1 0 0 0 0 0 0 0 0 0 0 0 0 0 0 0 0 0 0 0 0 0 0 0 1 0 0 0 1 0 0 0 0 0 0 0 0 0 0 0 0 0 0 0 0 0 0 0 0 0 0 0 0 0 0 0 0 0 0 0 0 0 0 0 0 0 0 0 0 1 0 0
0 1 15 3 7 5 6 19 2 28 16 20 14 11 13 54 4 35 49 29 46 33 32 25 52 9 22 30 17 53 64 45 38 58 10 24 21 66 59 8 42 12 41 31 60 47 48 63 40 23 27 57 69 43 76 74 34 18 77 39 26 37 44 50 62 78 65 56 67 79 36 85 72 51 55 70 83 61 68 75 86 73 81 87 90 71 80 89 82 84 88 91 0 0 0 0 0 0 0 0 0 0 0 0 0 0 0 0 0 0 0 0 1 0 0 0 0 0 0 0 0 0 0 0 0 0 0 0 0 0 0 0 0 0 0 0 1 0 0 0 1 0 0 0 0 0 0 0 0 0 0 0 0 0 0 0 0 0 0 0 0 0 0 0 0 0 0 0 0 0 0 0 0 0 0 0 0 0 0 0 0 1 0 0
0 3 1 7 15 54 2 16 21 5 13 25 64 59 6 11 4 8 14 58 46 69 9 49 23 19 20 29 22 30 28 41 10 38 33 74 53 42 52 35 27 18 32 50 26 45 47 39 43 36 79 66 61 72 44 37 77 34 62 40 51 63 78 85 60 57 24 55 67 12 17 76 81 56 31 48 70 82 65 83 84 68 73 71 75 89 80 86 88 87 90 91 0 0 0 0 0 0 0 0 0 0 0 0 0 0 0 0 0 0 0 0 0 0 0 0 0 0 0 0 0 0 0 0 0 0 0 0 0 0 0 0 0 0 0 0 0 0 0 0 0 0 0 0 0 0 0 0 0 0 0 0 0 0 0 0 0 0 0 0 0 0 0 0 0 0 0 0 0 0 0 0 0 0 0 1 0 0 0 0 0 0 1 0
0 1 16 2 4 25 13 47 15 49 38 3 5 11 23 29 6 64 54 35 69 19 9 12 40 27 45 57 8 63 31 28 7 14 17 21 59 34 58 33 20 52 46 22 32 10 30 39 60 37 18 24 74 48 44 79 56 26 42 65 50 61 51 68 36 62 41 72 53 71 85 75 66 83 73 55 80 70 76 86 67 43 77 87 89 78 81 90 82 84 88 91 0 0 0 0 0 0 0 0 1 0 0 0 0 0 0 0 0 0 0 0 0 0 0 0 0 0 0 0 0 0 0 0 0 0 0 0 0 0 0 0 0 0 0 0 1 0 0 0 0 0 0 0 0 1 0 0 0 0 0 0 0 0 0 0 0 0 0 0 0 0 0 0 0 0 1 0 0 0 0 1 1 0 0 0 0 1 0 0 0 0 0 0
0 3 1 7 15 54 2 16 21 5 13 25 64 59 6 11 4 8 14 58 46 69 9 49 23 19 20 29 22 30 28 41 10 38 33 74 53 42 52 35 27 18 32 50 26 45 47 39 43 36 79 66 61 72 44 37 77 34 62 40 51 63 78 85 60 57 24 55 67 12 17 76 81 56 31 48 70 82 65 83 84 68 73 71 75 89 80 86 88 87 90 91 0 0 0 0 0 0 0 0 0 0 0 0 0 0 0 0 0 0 0 0 0 0 0 0 0 0 0 0 0 0 0 0 0 0 0 0 0 0 0 0 0 0 0 0 0 0 0 0 0 0 0 0 0 0 0 0 0 0 0 0 0 0 0 0 0 0 0 0 0 0 0 0 0 0 0 0 0 0 0 0 0 0 0 1 0 0 0 0 0 0 1 0
0 3 2 5 14 17 6 28 19 1 11 33 23 4 13 16 7 21 10 27 20 37 49 18 39 74 29 32 22 24 15 51 79 35 45 9 50 30 26 59 54 36 62 53 41 38 40 44 8 46 67 12 72 60 57 25 56 58 64 85 55 47 43 69 31 34 42 63 52 66 48 65 83 61 76 68 73 70 77 71 78 80 81 75 86 89 87 82 90 84 88 91 0 0 0 0 0 0 0 0 0 0 0 1 0 0 0 0 0 0 0 0 0 0 0 0 1 0 1 0 0 0 0 0 0 0 0 0 0 0 0 0 0 1 1 1 0 0 0 0 1 0 0 0 0 0 0 0 0 0 1 0 0 0 0 0 0 0 0 0 0 0 1 0 0 1 0 0 0 0 1 0 1 0 1 0 0 0 0 0 0 0 0 0
0 3 2 5 14 17 6 28 19 1 11 33 23 4 13 16 7 21 10 27 20 37 49 18 39 74 29 32 22 24 15 51 79 35 45 9 50 30 26 59 54 36 62 53 41 38 40 44 8 46 67 12 72 60 57 25 56 58 64 85 55 47 43 69 31 34 42 63 52 66 48 65 83 61 76 68 73 70 77 71 78 80 81 75 86 89 87 82 90 84 88 91 0 0 0 0 0 0 0 0 0 0 0 1 0 0 0 0 0 0 0 0 0 0 0 0 1 0 1 0 0 0 0 0 0 0 0 0 0 0 0 0 0 1 1 1 0 0 0 0 1 0 0 0 0 0 0 0 0 0 1 0 0 0 0 0 0 0 0 0 0 0 1 0 0 1 0 0 0 0 1 0 1 0 1 0 0 0 0 0 0 0 0 0
0 3 2 5 14 17 6 28 19 1 11 33 23 4 13 16 7 21 10 27 20 37 49 18 39 74 29 32 22 24 15 51 79 35 45 9 50 30 26 59 54 36 62 53 41 38 40 44 8 46 67 12 72 60 57 25 56 58 64 85 55 47 43 69 31 34 42 63 52 66 48 65 83 61 76 68 73 70 77 71 78 80 81 75 86 89 87 82 90 84 88 91 0 0 0 0 0 0 0 0 0 0 0 1 0 0 0 0 0 0 0 0 0 0 0 0 1 0 1 0 0 0 0 0 0 0 0 0 0 0 0 0 0 1 1 1 0 0 0 0 1 0 0 0 0 0 0 0 0 0 1 0 0 0 0 0 0 0 0 0 0 0 1 0 0 1 0 0 0 0 1 0 1 0 1 0 0 0 0 0 0 0 0 0
0 2 14 13 58 3 1 7 20 74 16 5 11 39 17 22 4 25 44 10 64 30 28 6 9 19 40 57 42 15 23 8 53 29 21 18 32 60 35 33 54 38 27 26 50 37 49 41 79 36 45 34 24 59 85 52 12 69 62 66 43 31 72 51 46 55 56 67 47 63 61 48 68 75 65 71 70 76 86 73 89 80 77 78 83 87 90 81 82 84 88 91 0 0 0 0 0 0 0 0 1 0 0 0 0 0 0 0 0 0 0 0 0 0 0 0 0 0 0 0 0 0 0 0 0 0 0 0 0 0 0 0 0 0 0 0 0 0 0 0 0 0 0 0 0 0 0 0 0 0 0 0 0 0 0 0 0 0 0 0 0 0 0 0 0 0 0 0 1 0 0 0 0 0 1 0 0 0 1 0 0 1 0 0
0 2 14 13 58 3 1 7 20 74 16 5 11 39 17 22 4 25 44 10 64 30 28 6 9 19 40 57 42 15 23 8 53 29 21 18 32 60 35 33 54 38 27 26 50 37 49 41 79 36 45 34 24 59 85 52 12 69 62 66 43 31 72 51 46 55 56 67 47 63 61 48 68 75 65 71 70 76 86 73 89 80 77 78 83 87 90 81 82 84 88 91 0 0 0 0 0 0 0 0 1 0 0 0 0 0 0 0 0 0 0 0 0 0 0 0 0 0 0 0 0 0 0 0 0 0 0 0 0 0 0 0 0 0 0 0 0 0 0 0 0 0 0 0 0 0 0 0 0 0 0 0 0 0 0 0 0 0 0 0 0 0 0 0 0 0 0 0 1 0 0 0 0 0 1 0 0 0 1 0 0 1 0 0
0 3 1 15 7 5 28 32 21 33 19 59 52 6 60 16 11 20 10 2 74 39 35 44 4 13 58 25 23 36 49 64 85 14 22 72 53 29 46 30 17 27 50 45 54 69 37 18 9 51 24 47 38 12 79 40 8 26 41 43 66 34 57 61 42 56 55 63 76 68 75 73 71 80 77 70 62 78 86 31 81 48 65 82 83 84 87 90 67 89 88 91 0 0 0 0 1 0 0 0 0 0 0 0 0 0 0 0 0 0 0 0 0 0 0 0 0 0 0 0 0 0 0 0 0 0 0 0 0 0 0 0 0 0 0 0 0 0 0 0 0 0 0 0 0 0 0 0 1 0 0 0 0 0 0 0 0 0 0 0 0 0 0 0 0 0 0 0 0 0 0 0 0 0 0 0 0 0 0 0 0 1 0 0
0 3 1 15 7 5 28 32 21 33 19 59 52 6 60 16 11 20 10 2 74 39 35 44 4 13 58 25 23 36 49 64 85 14 22 72 53 29 46 30 17 27 50 45 54 69 37 18 9 51 24 47 38 12 79 40 8 26 41 43 66 34 57 61 42 56 55 63 76 68 75 73 71 80 77 70 62 78 86 31 81 48 65 82 83 84 87 90 67 89 88 91 0 0 0 0 1 0 0 0 0 0 0 0 0 0 0 0 0 0 0 0 0 0 0 0 0 0 0 0 0 0 0 0 0 0 0 0 0 0 0 0 0 0 0 0 0 0 0 0 0 0 0 0 0 0 0 0 1 0 0 0 0 0 0 0 0 0 0 0 0 0 0 0 0 0 0 0 0 0 0 0 0 0 0 0 0 0 0 0 0 1 0 0
0 2 4 1 8 16 15 54 3 14 22 29 7 25 17 13 11 58 20 5 30 41 74 45 64 69 23 35 10 28 43 6 38 36 19 49 47 9 39 72 33 21 53 66 18 32 44 26 63 42 46 85 50 62 67 27 34 59 12 31 48 60 79 52 24 40 61 57 68 75 73 71 89 80 77 56 78 37 76 65 51 55 81 70 82 84 83 88 86 87 90 91 0 0 0 0 0 1 0 0 1 0 0 0 0 0 0 0 0 0 0 0 0 0 0 0 0 0 0 0 0 0 0 0 0 0 0 0 0 0 0 0 0 0 0 1 0 0 0 0 0 0 0 0 0 1 0 0 0 0 0 0 0 0 0 0 0 0 0 0 0 0 0 0 0 0 0 0 0 0 0 0 1 0 0 0 0 0 0 0 0 0 0 0
0 2 4 1 8 16 15 54 3 14 22 29 7 25 17 13 11 58 20 5 30 41 74 45 64 69 23 35 10 28 43 6 38 36 19 49 47 9 39 72 33 21 53 66 18 32 44 26 63 42 46 85 50 62 67 27 34 59 12 31 48 60 79 52 24 40 61 57 68 75 73 71 89 80 77 56 78 37 76 65 51 55 81 70 82 84 83 88 86 87 90 91 0 0 0 0 0 1 0 0 1 0 0 0 0 0 0 0 0 0 0 0 0 0 0 0 0 0 0 0 0 0 0 0 0 0 0 0 0 0 0 0 0 0 0 1 0 0 0 0 0 0 0 0 0 1 0 0 0 0 0 0 0 0 0 0 0 0 0 0 0 0 0 0 0 0 0 0 0 0 0 0 1 0 0 0 0 0 0 0 0 0 0 0
0 2 4 1 8 16 15 54 3 14 22 29 7 25 17 13 11 58 20 5 30 41 74 45 64 69 23 35 10 28 43 6 38 36 19 49 47 9 39 72 33 21 53 66 18 32 44 26 63 42 46 85 50 62 67 27 34 59 12 31 48 60 79 52 24 40 61 57 68 75 73 71 89 80 77 56 78 37 76 65 51 55 81 70 82 84 83 88 86 87 90 91 0 0 0 0 0 1 0 0 1 0 0 0 0 0 0 0 0 0 0 0 0 0 0 0 0 0 0 0 0 0 0 0 0 0 0 0 0 0 0 0 0 0 0 1 0 0 0 0 0 0 0 0 0 1 0 0 0 0 0 0 0 0 0 0 0 0 0 0 0 0 0 0 0 0 0 0 0 0 0 0 1 0 0 0 0 0 0 0 0 0 0 0
0 3 2 1 5 19 13 15 11 49 16 6 14 22 4 7 9 12 17 8 46 28 29 23 58 20 33 21 32 45 25 40 64 38 31 54 53 59 10 18 52 27 26 57 39 74 30 60 47 62 67 48 79 37 51 50 69 61 24 68 65 55 35 75 71 34 41 42 43 36 63 70 83 44 56 66 72 76 77 78 85 81 86 87 73 90 82 89 80 84 88 91 0 0 0 0 0 0 0 0 1 0 1 0 0 0 0 0 0 0 0 0 0 0 0 0 0 0 0 0 0 0 0 0 0 0 0 0 0 0 0 0 0 0 1 0 0 0 0 0 0 0 0 0 0 1 0 0 0 0 0 0 0 0 0 0 0 0 0 0 0 0 0 0 0 0 0 0 0 0 0 0 0 0 0 0 0 0 0 0 0 0 0 0
0 3 2 1 5 19 13 15 11 49 16 6 14 22 4 7 9 12 17 8 46 28 29 23 58 20 33 21 32 45 25 40 64 38 31 54 53 59 10 18 52 27 26 57 39 74 30 60 47 62 67 48 79 37 51 50 69 61 24 68 65 55 35 75 71 34 41 42 43 36 63 70 83 44 56 66 72 76 77 78 85 81 86 87 73 90 82 89 80 84 88 91 0 0 0 0 0 0 0 0 1 0 1 0 0 0 0 0 0 0 0 0 0 0 0 0 0 0 0 0 0 0 0 0 0 0 0 0 0 0 0 0 0 0 1 0 0 0 0 0 0 0 0 0 0 1 0 0 0 0 0 0 0 0 0 0 0 0 0 0 0 0 0 0 0 0 0 0 0 0 0 0 0 0 0 0 0 0 0 0 0 0 0 0
0 3 11 5 28 6 53 1 16 29 19 32 9 7 12 2 14 17 4 46 35 23 15 54 13 27 38 37 49 22 58 31 30 41 45 48 25 42 21 20 10 50 60 33 64 8 52 69 59 65 47 74 36 24 40 43 18 61 85 83 51 34 66 57 77 72 26 79 39 44 68 75 55 78 62 67 76 86 71 73 89 80 56 87 90 63 70 81 82 84 88 91 0 0 0 0 0 0 0 0 0 0 0 0 0 0 0 0 0 0 0 0 0 0 0 0 0 0 0 0 0 0 0 0 0 0 0 0 0 0 0 0 0 0 0 0 0 0 0 0 0 0 0 0 0 0 0 0 0 0 0 0 0 0 0 0 0 0 0 0 0 0 0 0 0 0 0 0 0 0 0 0 1 0 0 0 0 0 0 0 0 0 0 0
0 3 11 5 28 6 53 1 16 29 19 32 9 7 12 2 14 17 4 46 35 23 15 54 13 27 38 37 49 22 58 31 30 41 45 48 25 42 21 20 10 50 60 33 64 8 52 69 59 65 47 74 36 24 40 43 18 61 85 83 51 34 66 57 77 72 26 79 39 44 68 75 55 78 62 67 76 86 71 73 89 80 56 87 90 63 70 81 82 84 88 91 0 0 0 0 0 0 0 0 0 0 0 0 0 0 0 0 0 0 0 0 0 0 0 0 0 0 0 0 0 0 0 0 0 0 0 0 0 0 0 0 0 0 0 0 0 0 0 0 0 0 0 0 0 0 0 0 0 0 0 0 0 0 0 0 0 0 0 0 0 0 0 0 0 0 0 0 0 0 0 0 1 0 0 0 0 0 0 0 0 0 0 0
0 2 4 8 1 15 14 16 17 46 3 7 13 10 58 11 22 5 21 19 54 18 25 20 64 47 59 30 49 29 28 32 6 9 40 39 69 12 57 33 23 31 35 24 44 74 79 27 60 45 41 42 50 26 37 34 43 38 36 72 85 56 61 62 67 48 65 53 68 51 55 70 52 83 77 75 63 66 78 81 82 84 73 89 71 80 88 76 86 87 90 91 0 0 0 0 0 0 0 0 0 0 0 0 0 0 0 0 0 0 0 0 0 0 0 0 0 0 0 0 0 0 0 0 0 0 0 0 0 0 0 0 0 0 0 0 0 0 0 0 0 0 0 0 0 0 0 0 0 0 0 0 0 1 0 0 0 0 0 0 0 0 0 0 0 0 0 0 1 0 0 0 0 0 0 1 0 0 0 0 0 0 0 0
0 2 4 8 1 15 14 16 17 46 3 7 13 10 58 11 22 5 21 19 54 18 25 20 64 47 59 30 49 29 28 32 6 9 40 39 69 12 57 33 23 31 35 24 44 74 79 27 60 45 41 42 50 26 37 34 43 38 36 72 85 56 61 62 67 48 65 53 68 51 55 70 52 83 77 75 63 66 78 81 82 84 73 89 71 80 88 76 86 87 90 91 0 0 0 0 0 0 0 0 0 0 0 0 0 0 0 0 0 0 0 0 0 0 0 0 0 0 0 0 0 0 0 0 0 0 0 0 0 0 0 0 0 0 0 0 0 0 0 0 0 0 0 0 0 0 0 0 0 0 0 0 0 1 0 0 0 0 0 0 0 0 0 0 0 0 0 0 1 0 0 0 0 0 0 1 0 0 0 0 0 0 0 0
0 1 3 5 28 15 19 16 25 6 7 10 20 11 2 35 36 13 4 39 74 49 14 17 23 27 38 9 29 22 32 53 12 46 45 60 21 47 33 31 64 48 54 66 24 18 30 85 34 8 42 26 59 69 62 65 72 50 61 68 73 71 79 52 40 58 37 57 51 63 44 55 41 70 43 67 77 89 80 75 78 81 56 76 83 86 87 90 82 84 88 91 0 0 0 0 0 0 0 0 0 0 0 0 0 0 0 0 0 1 0 0 0 0 0 0 0 0 1 0 0 0 0 1 0 0 0 0 0 0 0 0 0 0 0 0 0 0 0 0 0 0 0 1 0 0 1 0 0 0 0 0 1 0 0 0 0 0 0 0 0 0 0 0 0 0 0 0 0 0 0 0 0 0 0 0 0 0 0 0 0 0 0 0
0 1 3 5 28 15 19 16 25 6 7 10 20 11 2 35 36 13 4 39 74 49 14 17 23 27 38 9 29 22 32 53 12 46 45 60 21 47 33 31 64 48 54 66 24 18 30 85 34 8 42 26 59 69 62 65 72 50 61 68 73 71 79 52 40 58 37 57 51 63 44 55 41 70 43 67 77 89 80 75 78 81 56 76 83 86 87 90 82 84 88 91 0 0 0 0 0 0 0 0 0 0 0 0 0 0 0 0 0 1 0 0 0 0 0 0 0 0 1 0 0 0 0 1 0 0 0 0 0 0 0 0 0 0 0 0 0 0 0 0 0 0 0 1 0 0 1 0 0 0 0 0 1 0 0 0 0 0 0 0 0 0 0 0 0 0 0 0 0 0 0 0 0 0 0 0 0 0 0 0 0 0 0 0
0 1 3 5 28 15 19 16 25 6 7 10 20 11 2 35 36 13 4 39 74 49 14 17 23 27 38 9 29 22 32 53 12 46 45 60 21 47 33 31 64 48 54 66 24 18 30 85 34 8 42 26 59 69 62 65 72 50 61 68 73 71 79 52 40 58 37 57 51 63 44 55 41 70 43 67 77 89 80 75 78 81 56 76 83 86 87 90 82 84 88 91 0 0 0 0 0 0 0 0 0 0 0 0 0 0 0 0 0 1 0 0 0 0 0 0 0 0 1 0 0 0 0 1 0 0 0 0 0 0 0 0 0 0 0 0 0 0 0 0 0 0 0 1 0 0 1 0 0 0 0 0 1 0 0 0 0 0 0 0 0 0 0 0 0 0 0 0 0 0 0 0 0 0 0 0 0 0 0 0 0 0 0 0
0 1 16 29 15 3 5 28 53 11 25 54 2 13 6 14 17 23 32 50 9 7 33 52 27 64 40 57 47 45 63 4 66 35 8 46 10 22 19 12 38 58 30 21 24 41 34 43 31 48 42 18 69 20 39 74 79 59 44 60 37 51 61 68 55 75 49 77 71 78 65 26 62 36 76 86 70 56 83 87 67 85 90 72 81 73 82 84 80 88 89 91 0 0 0 0 0 0 0 0 0 0 0 0 0 0 0 0 0 0 0 0 0 0 0 0 0 0 0 0 0 0 0 0 0 0 0 0 0 0 0 0 0 0 0 0 0 0 0 0 0 0 0 0 0 0 0 0 1 0 0 0 0 0 0 0 0 0 0 0 0 1 0 0 0 0 0 0 0 0 0 0 0 0 0 0 0 0 0 0 0 0 0 0
0 1 16 29 15 3 5 28 53 11 25 54 2 13 6 14 17 23 32 50 9 7 33 52 27 64 40 57 47 45 63 4 66 35 8 46 10 22 19 12 38 58 30 21 24 41 34 43 31 48 42 18 69 20 39 74 79 59 44 60 37 51 61 68 55 75 49 77 71 78 65 26 62 36 76 86 70 56 83 87 67 85 90 72 81 73 82 84 80 88 89 91 0 0 0 0 0 0 0 0 0 0 0 0 0 0 0 0 0 0 0 0 0 0 0 0 0 0 0 0 0 0 0 0 0 0 0 0 0 0 0 0 0 0 0 0 0 0 0 0 0 0 0 0 0 0 0 0 1 0 0 0 0 0 0 0 0 0 0 0 0 1 0 0 0 0 0 0 0 0 0 0 0 0 0 0 0 0 0 0 0 0 0 0
0 1 2 3 4 13 14 8 5 7 15 16 6 19 22 17 9 25 29 21 28 40 11 20 35 74 23 39 10 24 27 44 37 36 85 59 51 34 64 12 58 31 54 18 47 32 50 69 46 49 45 60 48 33 57 65 26 79 52 53 62 72 66 76 61 38 56 68 75 63 67 55 73 89 71 80 30 41 86 43 83 77 87 42 78 70 81 82 84 90 88 91 0 0 0 0 0 0 0 0 1 0 0 0 0 0 0 0 0 0 0 0 0 0 0 0 0 0 1 0 0 0 1 0 0 0 0 0 0 0 0 0 0 0 0 0 0 0 0 0 0 0 0 0 0 0 0 0 0 0 0 0 0 1 0 0 0 0 0 0 0 0 0 0 0 0 0 0 0 0 0 0 0 0 0 0 0 0 0 0 0 0 0 0
0 1 2 15 13 3 5 58 6 9 7 14 21 19 40 20 57 46 22 11 28 59 74 39 4 16 8 10 38 25 35 24 29 36 23 79 18 54 26 85 44 30 33 47 27 37 34 45 52 32 60 64 53 12 51 42 69 50 49 41 55 72 56 31 66 76 43 48 65 83 62 67 63 61 68 71 73 89 75 86 77 87 90 17 80 70 78 81 82 84 88 91 0 0 0 0 0 0 0 0 0 0 0 0 0 0 0 0 0 0 0 0 0 0 0 0 0 1 0 0 0 0 0 0 0 1 0 0 0 0 0 0 0 0 0 0 0 0 0 0 0 0 0 0 0 0 0 0 0 0 0 0 0 0 0 1 0 0 0 0 0 0 0 0 0 0 0 0 1 0 0 0 0 0 0 0 0 0 0 0 0 0 0 0
0 1 2 3 4 13 14 8 5 7 15 16 6 19 22 17 9 25 29 21 28 40 11 20 35 74 23 39 10 24 27 44 37 36 85 59 51 34 64 12 58 31 54 18 47 32 50 69 46 49 45 60 48 33 57 65 26 79 52 53 62 72 66 76 61 38 56 68 75 63 67 55 73 89 71 80 30 41 86 43 83 77 87 42 78 70 81 82 84 90 88 91 0 0 0 0 0 0 0 0 1 0 0 0 0 0 0 0 0 0 0 0 0 0 0 0 0 0 1 0 0 0 1 0 0 0 0 0 0 0 0 0 0 0 0 0 0 0 0 0 0 0 0 0 0 0 0 0 0 0 0 0 0 1 0 0 0 0 0 0 0 0 0 0 0 0 0 0 0 0 0 0 0 0 0 0 0 0 0 0 0 0 0 0
0 1 2 15 13 3 5 58 6 9 7 14 21 19 40 20 57 46 22 11 28 59 74 39 4 16 8 10 38 25 35 24 29 36 23 79 18 54 26 85 44 30 33 47 27 37 34 45 52 32 60 64 53 12 51 42 69 50 49 41 55 72 56 31 66 76 43 48 65 83 62 67 63 61 68 71 73 89 75 86 77 87 90 17 80 70 78 81 82 84 88 91 0 0 0 0 0 0 0 0 0 0 0 0 0 0 0 0 0 0 0 0 0 0 0 0 0 1 0 0 0 0 0 0 0 1 0 0 0 0 0 0 0 0 0 0 0 0 0 0 0 0 0 0 0 0 0 0 0 0 0 0 0 0 0 1 0 0 0 0 0 0 0 0 0 0 0 0 1 0 0 0 0 0 0 0 0 0 0 0 0 0 0 0
0 1 2 4 13 16 29 45 38 14 8 17 22 15 46 49 30 3 42 11 7 54 23 27 25 35 41 47 5 58 21 34 6 64 20 10 59 74 19 24 28 9 33 61 39 37 43 12 63 52 68 51 53 36 79 44 18 55 40 56 66 32 50 26 57 62 60 72 85 67 71 73 89 75 31 48 65 69 70 83 80 77 76 78 81 82 84 86 88 87 90 91 0 0 0 0 0 0 0 0 0 0 0 0 0 0 0 0 0 0 0 0 0 0 0 0 0 0 0 0 0 0 0 0 0 0 0 0 0 0 0 0 0 0 0 0 0 0 0 0 0 0 0 0 0 0 0 0 1 0 0 0 0 0 0 0 0 0 0 0 0 0 0 0 0 0 0 0 0 0 0 0 0 0 0 0 0 0 0 0 0 0 0 0
0 3 11 1 16 29 5 23 28 7 27 20 6 35 25 34 15 74 2 79 13 58 45 21 4 54 64 69 14 39 19 59 8 22 44 10 47 33 9 63 32 24 30 41 12 17 49 50 38 40 46 60 37 51 53 52 18 55 36 66 61 85 43 31 42 57 48 68 72 65 83 77 76 26 62 67 78 70 56 71 75 86 73 87 89 90 80 81 82 84 88 91 0 0 0 0 0 0 0 0 0 0 0 0 0 0 0 0 0 0 0 0 0 0 0 0 0 0 0 0 0 0 0 0 0 0 0 1 0 0 0 0 0 1 0 0 0 0 0 0 0 0 0 0 0 0 0 0 1 0 0 0 0 0 0 0 0 0 0 0 0 0 0 0 0 0 0 0 0 0 0 0 0 0 0 0 0 0 0 0 0 0 1 0
0 3 11 1 16 29 5 23 28 7 27 20 6 35 25 34 15 74 2 79 13 58 45 21 4 54 64 69 14 39 19 59 8 22 44 10 47 33 9 63 32 24 30 41 12 17 49 50 38 40 46 60 37 51 53 52 18 55 36 66 61 85 43 31 42 57 48 68 72 65 83 77 76 26 62 67 78 70 56 71 75 86 73 87 89 90 80 81 82 84 88 91 0 0 0 0 0 0 0 0 0 0 0 0 0 0 0 0 0 0 0 0 0 0 0 0 0 0 0 0 0 0 0 0 0 0 0 1 0 0 0 0 0 1 0 0 0 0 0 0 0 0 0 0 0 0 0 0 1 0 0 0 0 0 0 0 0 0 0 0 0 0 0 0 0 0 0 0 0 0 0 0 0 0 0 0 0 0 0 0 0 0 1 0
0 1 2 4 13 16 29 45 38 14 8 17 22 15 46 49 30 3 42 11 7 54 23 27 25 35 41 47 5 58 21 34 6 64 20 10 59 74 19 24 28 9 33 61 39 37 43 12 63 52 68 51 53 36 79 44 18 55 40 56 66 32 50 26 57 62 60 72 85 67 71 73 89 75 31 48 65 69 70 83 80 77 76 78 81 82 84 86 88 87 90 91 0 0 0 0 0 0 0 0 0 0 0 0 0 0 0 0 0 0 0 0 0 0 0 0 0 0 0 0 0 0 0 0 0 0 0 0 0 0 0 0 0 0 0 0 0 0 0 0 0 0 0 0 0 0 0 0 1 0 0 0 0 0 0 0 0 0 0 0 0 0 0 0 0 0 0 0 0 0 0 0 0 0 0 0 0 0 0 0 0 0 0 0
0 3 11 1 16 29 5 23 28 7 27 20 6 35 25 34 15 74 2 79 13 58 45 21 4 54 64 69 14 39 19 59 8 22 44 10 47 33 9 63 32 24 30 41 12 17 49 50 38 40 46 60 37 51 53 52 18 55 36 66 61 85 43 31 42 57 48 68 72 65 83 77 76 26 62 67 78 70 56 71 75 86 73 87 89 90 80 81 82 84 88 91 0 0 0 0 0 0 0 0 0 0 0 0 0 0 0 0 0 0 0 0 0 0 0 0 0 0 0 0 0 0 0 0 0 0 0 1 0 0 0 0 0 1 0 0 0 0 0 0 0 0 0 0 0 0 0 0 1 0 0 0 0 0 0 0 0 0 0 0 0 0 0 0 0 0 0 0 0 0 0 0 0 0 0 0 0 0 0 0 0 0 1 0
0 1 15 3 2 5 13 16 28 11 14 35 46 58 6 22 23 7 10 20 24 49 21 30 19 25 18 74 59 54 79 26 38 36 27 33 52 32 47 61 85 29 41 42 9 12 50 64 4 8 69 40 62 31 48 17 57 39 72 67 45 60 68 63 43 53 75 71 66 76 77 78 65 81 73 44 34 89 83 86 80 37 51 56 55 70 82 84 88 87 90 91 0 0 0 0 0 0 0 0 1 0 0 0 0 0 0 0 0 0 0 0 0 0 0 0 0 0 0 0 0 0 0 0 0 0 0 0 0 0 0 0 0 0 0 0 0 0 0 0 0 0 0 0 0 1 0 0 0 0 0 0 0 0 0 0 0 0 0 0 0 0 0 0 0 0 0 0 0 0 0 0 0 0 0 0 0 0 0 1 0 0 0 0
0 1 15 54 2 16 4 3 8 14 5 19 22 7 20 13 6 11 21 49 30 9 28 12 10 23 58 59 41 39 38 35 17 31 42 18 44 32 74 25 29 36 26 64 45 47 27 40 56 33 46 69 34 24 43 37 61 52 77 79 57 60 51 72 50 68 62 48 75 78 63 53 67 81 66 76 65 83 85 71 73 86 89 87 90 80 55 70 82 84 88 91 0 0 0 0 0 0 0 0 1 0 0 0 0 0 0 0 0 0 0 0 0 0 0 0 0 0 0 0 0 0 0 1 0 0 0 0 0 0 0 0 0 0 0 0 0 0 0 0 1 0 0 0 0 0 0 0 0 0 0 0 0 0 0 0 0 0 0 0 0 0 0 0 0 0 0 0 0 0 0 0 0 0 0 0 0 1 0 0 0 1 0 0
0 1 15 3 2 5 13 16 28 11 14 35 46 58 6 22 23 7 10 20 24 49 21 30 19 25 18 74 59 54 79 26 38 36 27 33 52 32 47 61 85 29 41 42 9 12 50 64 4 8 69 40 62 31 48 17 57 39 72 67 45 60 68 63 43 53 75 71 66 76 77 78 65 81 73 44 34 89 83 86 80 37 51 56 55 70 82 84 88 87 90 91 0 0 0 0 0 0 0 0 1 0 0 0 0 0 0 0 0 0 0 0 0 0 0 0 0 0 0 0 0 0 0 0 0 0 0 0 0 0 0 0 0 0 0 0 0 0 0 0 0 0 0 0 0 1 0 0 0 0 0 0 0 0 0 0 0 0 0 0 0 0 0 0 0 0 0 0 0 0 0 0 0 0 0 0 0 0 0 1 0 0 0 0
0 1 15 54 2 16 4 3 8 14 5 19 22 7 20 13 6 11 21 49 30 9 28 12 10 23 58 59 41 39 38 35 17 31 42 18 44 32 74 25 29 36 26 64 45 47 27 40 56 33 46 69 34 24 43 37 61 52 77 79 57 60 51 72 50 68 62 48 75 78 63 53 67 81 66 76 65 83 85 71 73 86 89 87 90 80 55 70 82 84 88 91 0 0 0 0 0 0 0 0 1 0 0 0 0 0 0 0 0 0 0 0 0 0 0 0 0 0 0 0 0 0 0 1 0 0 0 0 0 0 0 0 0 0 0 0 0 0 0 0 1 0 0 0 0 0 0 0 0 0 0 0 0 0 0 0 0 0 0 0 0 0 0 0 0 0 0 0 0 0 0 0 0 0 0 0 0 1 0 0 0 1 0 0
0 3 2 1 7 13 14 17 20 16 49 5 11 46 28 15 4 19 25 54 6 33 29 35 39 9 23 27 32 47 45 63 53 38 40 12 66 52 10 31 64 44 22 74 18 36 34 26 56 60 85 79 72 58 37 21 48 69 59 51 50 30 62 42 41 67 8 65 55 70 24 57 43 61 68 71 76 73 75 89 77 83 86 80 78 87 81 90 82 84 88 91 0 0 0 0 0 0 0 0 1 0 0 0 1 1 0 0 0 0 0 0 0 0 0 0 0 0 1 0 0 0 1 0 0 0 0 0 1 0 0 0 0 0 1 0 0 0 0 0 0 0 1 0 0 0 0 0 0 0 1 0 0 0 0 0 0 0 0 0 0 0 0 0 0 0 0 0 0 0 0 0 0 0 0 0 0 0 0 0 0 0 0 0
0 3 2 1 16 13 49 5 11 14 7 17 4 20 22 46 35 10 74 36 38 23 25 18 58 64 27 21 34 59 15 28 79 19 72 8 30 33 39 44 41 29 43 47 32 24 6 85 9 45 69 42 40 60 50 37 52 53 54 63 12 26 61 62 31 66 57 68 71 76 51 48 56 67 65 55 70 77 78 83 75 86 73 81 82 80 84 87 88 90 89 91 0 0 0 0 0 0 0 0 1 0 0 0 1 0 0 0 0 0 0 0 0 0 0 0 0 0 0 0 0 0 0 0 0 0 0 0 0 0 0 1 1 0 0 1 1 0 0 0 0 0 0 0 0 0 0 0 0 1 1 0 0 1 0 0 0 0 0 0 0 1 0 0 1 0 0 0 0 0 0 1 0 1 0 1 0 1 1 0 0 0 1 0
0 2 14 3 1 17 15 22 11 5 28 7 16 32 21 19 33 6 20 74 39 10 60 52 54 50 53 24 18 30 44 25 64 69 59 9 4 40 29 56 57 79 35 46 23 26 47 12 41 8 45 66 42 76 61 43 27 13 68 62 38 36 58 77 49 34 72 67 31 63 85 37 73 51 48 65 75 86 71 80 89 55 83 87 70 90 78 81 82 84 88 91 0 0 0 0 0 0 0 0 1 0 0 0 0 0 0 0 0 0 0 0 0 0 0 0 0 0 0 0 0 0 0 0 0 0 0 0 0 0 1 0 0 0 0 0 0 0 0 0 0 0 0 0 0 0 0 0 0 0 0 0 0 0 0 0 0 0 0 0 0 0 0 0 0 0 0 0 0 0 0 0 0 0 0 0 0 1 0 0 0 0 0 0
0 3 2 1 16 13 49 5 11 14 7 17 4 20 22 46 35 10 74 36 38 23 25 18 58 64 27 21 34 59 15 28 79 19 72 8 30 33 39 44 41 29 43 47 32 24 6 85 9 45 69 42 40 60 50 37 52 53 54 63 12 26 61 62 31 66 57 68 71 76 51 48 56 67 65 55 70 77 78 83 75 86 73 81 82 80 84 87 88 90 89 91 0 0 0 0 0 0 0 0 1 0 0 0 1 0 0 0 0 0 0 0 0 0 0 0 0 0 0 0 0 0 0 0 0 0 0 0 0 0 0 1 1 0 0 1 1 0 0 0 0 0 0 0 0 0 0 0 0 1 1 0 0 1 0 0 0 0 0 0 0 1 0 0 1 0 0 0 0 0 0 1 0 1 0 1 0 1 1 0 0 0 1 0
0 2 14 3 1 17 15 22 11 5 28 7 16 32 21 19 33 6 20 74 39 10 60 52 54 50 53 24 18 30 44 25 64 69 59 9 4 40 29 56 57 79 35 46 23 26 47 12 41 8 45 66 42 76 61 43 27 13 68 62 38 36 58 77 49 34 72 67 31 63 85 37 73 51 48 65 75 86 71 80 89 55 83 87 70 90 78 81 82 84 88 91 0 0 0 0 0 0 0 0 1 0 0 0 0 0 0 0 0 0 0 0 0 0 0 0 0 0 0 0 0 0 0 0 0 0 0 0 0 0 1 0 0 0 0 0 0 0 0 0 0 0 0 0 0 0 0 0 0 0 0 0 0 0 0 0 0 0 0 0 0 0 0 0 0 0 0 0 0 0 0 0 0 0 0 0 0 1 0 0 0 0 0 0
0 3 2 1 16 13 49 5 11 14 7 17 4 20 22 46 35 10 74 36 38 23 25 18 58 64 27 21 34 59 15 28 79 19 72 8 30 33 39 44 41 29 43 47 32 24 6 85 9 45 69 42 40 60 50 37 52 53 54 63 12 26 61 62 31 66 57 68 71 76 51 48 56 67 65 55 70 77 78 83 75 86 73 81 82 80 84 87 88 90 89 91 0 0 0 0 0 0 0 0 1 0 0 0 1 0 0 0 0 0 0 0 0 0 0 0 0 0 0 0 0 0 0 0 0 0 0 0 0 0 0 1 1 0 0 1 1 0 0 0 0 0 0 0 0 0 0 0 0 1 1 0 0 1 0 0 0 0 0 0 0 1 0 0 1 0 0 0 0 0 0 1 0 1 0 1 0 1 1 0 0 0 1 0
0 3 2 1 16 13 49 5 11 14 7 17 4 20 22 46 35 10 74 36 38 23 25 18 58 64 27 21 34 59 15 28 79 19 72 8 30 33 39 44 41 29 43 47 32 24 6 85 9 45 69 42 40 60 50 37 52 53 54 63 12 26 61 62 31 66 57 68 71 76 51 48 56 67 65 55 70 77 78 83 75 86 73 81 82 80 84 87 88 90 89 91 0 0 0 0 0 0 0 0 1 0 0 0 1 0 0 0 0 0 0 0 0 0 0 0 0 0 0 0 0 0 0 0 0 0 0 0 0 0 0 1 1 0 0 1 1 0 0 0 0 0 0 0 0 0 0 0 0 1 1 0 0 1 0 0 0 0 0 0 0 1 0 0 1 0 0 0 0 0 0 1 0 1 0 1 0 1 1 0 0 0 1 0
0 3 2 1 7 13 14 17 20 16 49 5 11 46 28 15 4 19 25 54 6 33 29 35 39 9 23 27 32 47 45 63 53 38 40 12 66 52 10 31 64 44 22 74 18 36 34 26 56 60 85 79 72 58 37 21 48 69 59 51 50 30 62 42 41 67 8 65 55 70 24 57 43 61 68 71 76 73 75 89 77 83 86 80 78 87 81 90 82 84 88 91 0 0 0 0 0 0 0 0 1 0 0 0 1 1 0 0 0 0 0 0 0 0 0 0 0 0 1 0 0 0 1 0 0 0 0 0 1 0 0 0 0 0 1 0 0 0 0 0 0 0 1 0 0 0 0 0 0 0 1 0 0 0 0 0 0 0 0 0 0 0 0 0 0 0 0 0 0 0 0 0 0 0 0 0 0 0 0 0 0 0 0 0
0 3 2 1 7 13 14 17 20 16 49 5 11 46 28 15 4 19 25 54 6 33 29 35 39 9 23 27 32 47 45 63 53 38 40 12 66 52 10 31 64 44 22 74 18 36 34 26 56 60 85 79 72 58 37 21 48 69 59 51 50 30 62 42 41 67 8 65 55 70 24 57 43 61 68 71 76 73 75 89 77 83 86 80 78 87 81 90 82 84 88 91 0 0 0 0 0 0 0 0 1 0 0 0 1 1 0 0 0 0 0 0 0 0 0 0 0 0 1 0 0 0 1 0 0 0 0 0 1 0 0 0 0 0 1 0 0 0 0 0 0 0 1 0 0 0 0 0 0 0 1 0 0 0 0 0 0 0 0 0 0 0 0 0 0 0 0 0 0 0 0 0 0 0 0 0 0 0 0 0 0 0 0 0
0 3 2 1 16 13 49 5 11 14 7 17 4 20 22 46 35 10 74 36 38 23 25 18 58 64 27 21 34 59 15 28 79 19 72 8 30 33 39 44 41 29 43 47 32 24 6 85 9 45 69 42 40 60 50 37 52 53 54 63 12 26 61 62 31 66 57 68 71 76 51 48 56 67 65 55 70 77 78 83 75 86 73 81 82 80 84 87 88 90 89 91 0 0 0 0 0 0 0 0 1 0 0 0 1 0 0 0 0 0 0 0 0 0 0 0 0 0 0 0 0 0 0 0 0 0 0 0 0 0 0 1 1 0 0 1 1 0 0 0 0 0 0 0 0 0 0 0 0 1 1 0 0 1 0 0 0 0 0 0 0 1 0 0 1 0 0 0 0 0 0 1 0 1 0 1 0 1 1 0 0 0 1 0
0 1 3 11 5 23 16 6 28 33 25 7 19 64 2 53 69 47 35 15 13 52 58 14 22 46 20 21 38 30 4 9 8 41 40 54 74 57 49 42 27 79 39 10 36 32 85 24 29 45 59 72 18 26 43 50 66 63 60 37 61 44 17 68 56 73 77 71 51 76 62 55 75 70 67 78 89 81 82 34 12 80 31 48 86 84 65 83 87 88 90 91 0 0 0 0 0 0 0 0 0 0 0 0 0 0 0 0 0 0 0 0 0 0 0 0 0 0 0 0 0 0 0 0 0 0 0 0 0 0 0 0 0 0 0 0 0 0 0 0 0 0 0 0 0 0 0 0 0 0 0 0 0 0 0 0 0 0 0 0 0 0 0 0 0 0 0 0 0 0 0 0 0 0 0 0 0 0 0 0 0 0 0 0
0 3 11 2 14 13 7 23 10 21 17 59 46 20 4 8 49 18 26 27 62 58 22 30 35 36 41 72 5 1 38 74 19 37 85 16 6 9 29 79 25 24 28 32 43 51 50 42 40 64 47 55 33 52 69 12 15 61 53 31 48 60 39 77 65 83 78 81 70 44 57 56 67 82 45 66 68 76 34 75 86 73 89 87 90 71 80 54 63 84 88 91 0 0 0 0 0 0 0 0 0 0 0 0 0 0 0 0 0 0 0 0 0 0 0 0 0 0 0 0 0 0 0 0 0 0 0 0 0 0 0 0 0 0 0 0 0 0 0 0 0 0 0 0 0 0 0 0 0 0 0 0 0 0 0 0 0 0 1 0 0 0 0 0 0 0 0 0 0 0 0 0 0 0 0 0 0 0 0 0 0 0 0 0
0 3 11 2 14 13 7 23 10 21 17 59 46 20 4 8 49 18 26 27 62 58 22 30 35 36 41 72 5 1 38 74 19 37 85 16 6 9 29 79 25 24 28 32 43 51 50 42 40 64 47 55 33 52 69 12 15 61 53 31 48 60 39 77 65 83 78 81 70 44 57 56 67 82 45 66 68 76 34 75 86 73 89 87 90 71 80 54 63 84 88 91 0 0 0 0 0 0 0 0 0 0 0 0 0 0 0 0 0 0 0 0 0 0 0 0 0 0 0 0 0 0 0 0 0 0 0 0 0 0 0 0 0 0 0 0 0 0 0 0 0 0 0 0 0 0 0 0 0 0 0 0 0 0 0 0 0 0 1 0 0 0 0 0 0 0 0 0 0 0 0 0 0 0 0 0 0 0 0 0 0 0 0 0
0 2 13 38 14 46 17 1 3 15 58 5 49 7 10 18 24 21 20 28 39 16 25 74 6 19 11 59 64 79 69 9 22 44 26 30 23 62 4 54 27 41 33 29 35 42 40 8 52 37 67 53 45 12 66 51 31 47 61 55 63 32 50 36 70 57 43 34 60 77 72 76 85 56 78 81 48 68 71 75 73 80 82 89 86 84 88 65 83 87 90 91 0 0 0 0 0 0 0 0 0 0 0 0 0 0 0 0 0 0 0 0 0 0 0 0 0 0 0 0 0 0 0 0 0 0 0 0 0 0 0 0 0 0 0 0 0 0 0 0 1 0 0 0 0 0 0 0 0 0 0 0 0 0 0 0 0 0 0 0 0 0 0 0 0 0 0 0 0 0 0 0 0 0 0 0 0 0 0 0 0 0 0 0
0 3 11 2 7 23 10 4 21 59 18 24 26 14 46 27 20 39 17 8 34 1 15 13 35 5 28 62 74 32 19 50 37 44 36 38 72 22 85 33 16 25 47 54 58 64 29 45 30 41 69 43 42 63 6 9 12 31 53 61 48 60 49 79 51 40 55 52 77 56 57 68 71 73 67 78 89 80 75 81 66 76 70 82 84 88 65 83 86 87 90 91 0 1 0 0 0 0 0 0 0 0 0 0 0 0 0 0 0 0 0 0 0 0 0 0 0 0 0 0 0 0 0 0 0 0 0 0 0 0 0 0 0 0 0 0 0 0 0 0 0 0 0 0 0 0 1 0 0 0 0 0 0 0 0 0 0 0 0 0 0 0 0 0 0 0 0 0 0 0 0 1 0 0 0 0 0 0 0 0 0 0 0 0
0 3 7 11 23 5 21 27 34 2 28 32 53 33 10 50 18 6 19 60 1 4 9 12 40 31 37 57 35 20 16 39 74 13 15 51 14 22 46 29 58 30 44 45 25 64 49 54 55 59 66 69 47 61 48 65 52 76 38 17 36 42 79 56 41 43 85 72 26 8 77 68 24 70 83 78 62 67 75 71 63 81 82 84 86 87 73 90 89 80 88 91 0 0 0 0 1 0 0 0 0 0 0 0 0 0 0 0 0 0 0 0 0 0 0 0 0 0 0 0 0 0 0 0 0 0 0 0 0 0 0 0 0 0 0 0 1 0 0 0 0 0 0 0 0 0 0 0 0 0 0 0 0 0 0 0 0 0 0 0 0 0 0 0 0 0 0 0 0 0 0 0 0 0 0 0 0 0 0 0 0 0 0 0
0 3 11 2 7 23 10 4 21 59 18 24 26 14 46 27 20 39 17 8 34 1 15 13 35 5 28 62 74 32 19 50 37 44 36 38 72 22 85 33 16 25 47 54 58 64 29 45 30 41 69 43 42 63 6 9 12 31 53 61 48 60 49 79 51 40 55 52 77 56 57 68 71 73 67 78 89 80 75 81 66 76 70 82 84 88 65 83 86 87 90 91 0 1 0 0 0 0 0 0 0 0 0 0 0 0 0 0 0 0 0 0 0 0 0 0 0 0 0 0 0 0 0 0 0 0 0 0 0 0 0 0 0 0 0 0 0 0 0 0 0 0 0 0 0 0 1 0 0 0 0 0 0 0 0 0 0 0 0 0 0 0 0 0 0 0 0 0 0 0 0 1 0 0 0 0 0 0 0 0 0 0 0 0
0 3 7 11 23 5 21 27 34 2 28 32 53 33 10 50 18 6 19 60 1 4 9 12 40 31 37 57 35 20 16 39 74 13 15 51 14 22 46 29 58 30 44 45 25 64 49 54 55 59 66 69 47 61 48 65 52 76 38 17 36 42 79 56 41 43 85 72 26 8 77 68 24 70 83 78 62 67 75 71 63 81 82 84 86 87 73 90 89 80 88 91 0 0 0 0 1 0 0 0 0 0 0 0 0 0 0 0 0 0 0 0 0 0 0 0 0 0 0 0 0 0 0 0 0 0 0 0 0 0 0 0 0 0 0 0 1 0 0 0 0 0 0 0 0 0 0 0 0 0 0 0 0 0 0 0 0 0 0 0 0 0 0 0 0 0 0 0 0 0 0 0 0 0 0 0 0 0 0 0 0 0 0 0
0 2 13 38 14 46 17 1 3 15 58 5 49 7 10 18 24 21 20 28 39 16 25 74 6 19 11 59 64 79 69 9 22 44 26 30 23 62 4 54 27 41 33 29 35 42 40 8 52 37 67 53 45 12 66 51 31 47 61 55 63 32 50 36 70 57 43 34 60 77 72 76 85 56 78 81 48 68 71 75 73 80 82 89 86 84 88 65 83 87 90 91 0 0 0 0 0 0 0 0 0 0 0 0 0 0 0 0 0 0 0 0 0 0 0 0 0 0 0 0 0 0 0 0 0 0 0 0 0 0 0 0 0 0 0 0 0 0 0 0 1 0 0 0 0 0 0 0 0 0 0 0 0 0 0 0 0 0 0 0 0 0 0 0 0 0 0 0 0 0 0 0 0 0 0 0 0 0 0 0 0 0 0 0
0 3 1 16 15 54 29 7 11 2 35 10 14 13 49 46 38 4 21 20 58 5 19 25 64 22 23 18 27 28 33 6 30 36 34 9 8 42 32 26 59 53 12 60 45 17 47 31 48 41 74 39 72 69 61 43 66 85 44 63 50 68 79 24 65 37 40 62 51 57 67 71 55 70 56 83 73 52 77 80 78 75 81 89 82 76 84 88 86 87 90 91 0 0 0 0 1 0 0 0 1 0 0 0 0 0 0 0 0 0 1 0 0 0 0 0 0 0 0 0 0 0 0 0 0 0 0 0 0 0 0 0 0 0 0 0 0 0 0 0 0 0 0 0 0 0 0 0 1 0 0 0 0 0 0 0 0 0 0 1 0 0 0 0 0 0 0 1 0 0 0 0 0 0 0 0 0 0 0 0 0 0 0 0
0 3 7 5 28 19 33 1 6 20 74 16 10 53 52 2 14 17 9 22 11 21 32 50 29 59 15 18 35 40 4 26 36 57 46 45 66 24 12 79 23 27 34 30 25 47 8 72 31 60 48 39 41 61 37 43 13 54 44 62 58 76 85 49 64 68 42 63 38 69 77 67 51 73 78 75 71 55 56 80 89 86 81 70 65 83 82 87 90 84 88 91 0 0 0 0 1 0 0 0 0 0 0 0 0 0 0 0 0 0 0 0 0 0 0 0 0 1 0 0 0 0 0 0 0 0 0 0 0 0 0 0 0 0 0 0 0 0 0 0 0 0 0 0 0 0 0 0 0 0 0 0 0 0 0 0 0 0 0 1 0 0 0 0 0 1 0 0 0 0 0 0 0 0 0 0 0 1 0 0 0 1 0 0
0 3 7 5 28 19 33 1 6 20 74 16 10 53 52 2 14 17 9 22 11 21 32 50 29 59 15 18 35 40 4 26 36 57 46 45 66 24 12 79 23 27 34 30 25 47 8 72 31 60 48 39 41 61 37 43 13 54 44 62 58 76 85 49 64 68 42 63 38 69 77 67 51 73 78 75 71 55 56 80 89 86 81 70 65 83 82 87 90 84 88 91 0 0 0 0 1 0 0 0 0 0 0 0 0 0 0 0 0 0 0 0 0 0 0 0 0 1 0 0 0 0 0 0 0 0 0 0 0 0 0 0 0 0 0 0 0 0 0 0 0 0 0 0 0 0 0 0 0 0 0 0 0 0 0 0 0 0 0 1 0 0 0 0 0 1 0 0 0 0 0 0 0 0 0 0 0 1 0 0 0 1 0 0
0 3 1 16 15 54 29 7 11 2 35 10 14 13 49 46 38 4 21 20 58 5 19 25 64 22 23 18 27 28 33 6 30 36 34 9 8 42 32 26 59 53 12 60 45 17 47 31 48 41 74 39 72 69 61 43 66 85 44 63 50 68 79 24 65 37 40 62 51 57 67 71 55 70 56 83 73 52 77 80 78 75 81 89 82 76 84 88 86 87 90 91 0 0 0 0 1 0 0 0 1 0 0 0 0 0 0 0 0 0 1 0 0 0 0 0 0 0 0 0 0 0 0 0 0 0 0 0 0 0 0 0 0 0 0 0 0 0 0 0 0 0 0 0 0 0 0 0 1 0 0 0 0 0 0 0 0 0 0 1 0 0 0 0 0 0 0 1 0 0 0 0 0 0 0 0 0 0 0 0 0 0 0 0
0 3 1 16 15 54 29 7 11 2 35 10 14 13 49 46 38 4 21 20 58 5 19 25 64 22 23 18 27 28 33 6 30 36 34 9 8 42 32 26 59 53 12 60 45 17 47 31 48 41 74 39 72 69 61 43 66 85 44 63 50 68 79 24 65 37 40 62 51 57 67 71 55 70 56 83 73 52 77 80 78 75 81 89 82 76 84 88 86 87 90 91 0 0 0 0 1 0 0 0 1 0 0 0 0 0 0 0 0 0 1 0 0 0 0 0 0 0 0 0 0 0 0 0 0 0 0 0 0 0 0 0 0 0 0 0 0 0 0 0 0 0 0 0 0 0 0 0 1 0 0 0 0 0 0 0 0 0 0 1 0 0 0 0 0 0 0 1 0 0 0 0 0 0 0 0 0 0 0 0 0 0 0 0
0 3 1 16 15 54 29 7 11 2 35 10 14 13 49 46 38 4 21 20 58 5 19 25 64 22 23 18 27 28 33 6 30 36 34 9 8 42 32 26 59 53 12 60 45 17 47 31 48 41 74 39 72 69 61 43 66 85 44 63 50 68 79 24 65 37 40 62 51 57 67 71 55 70 56 83 73 52 77 80 78 75 81 89 82 76 84 88 86 87 90 91 0 0 0 0 1 0 0 0 1 0 0 0 0 0 0 0 0 0 1 0 0 0 0 0 0 0 0 0 0 0 0 0 0 0 0 0 0 0 0 0 0 0 0 0 0 0 0 0 0 0 0 0 0 0 0 0 1 0 0 0 0 0 0 0 0 0 0 1 0 0 0 0 0 0 0 1 0 0 0 0 0 0 0 0 0 0 0 0 0 0 0 0
0 1 3 2 14 7 11 4 46 35 23 15 21 13 27 49 5 28 6 9 16 29 19 25 10 20 39 59 38 74 24 54 53 44 36 22 47 85 79 64 12 18 45 58 66 32 34 33 40 72 52 26 60 56 50 57 17 76 8 31 62 67 37 61 68 48 30 69 42 41 43 77 51 55 70 63 65 78 83 81 75 71 73 89 80 82 84 86 88 87 90 91 0 0 0 0 0 0 0 0 1 0 0 0 0 0 0 0 0 0 0 0 0 0 0 0 0 0 0 0 0 0 0 0 0 0 0 0 0 0 0 0 0 0 0 0 0 0 0 0 0 0 0 0 0 0 0 0 0 0 0 0 0 0 0 0 1 0 0 1 0 0 0 0 0 0 0 0 0 0 0 0 0 0 0 0 0 1 0 0 0 0 0 0
0 1 3 2 14 7 11 4 46 35 23 15 21 13 27 49 5 28 6 9 16 29 19 25 10 20 39 59 38 74 24 54 53 44 36 22 47 85 79 64 12 18 45 58 66 32 34 33 40 72 52 26 60 56 50 57 17 76 8 31 62 67 37 61 68 48 30 69 42 41 43 77 51 55 70 63 65 78 83 81 75 71 73 89 80 82 84 86 88 87 90 91 0 0 0 0 0 0 0 0 1 0 0 0 0 0 0 0 0 0 0 0 0 0 0 0 0 0 0 0 0 0 0 0 0 0 0 0 0 0 0 0 0 0 0 0 0 0 0 0 0 0 0 0 0 0 0 0 0 0 0 0 0 0 0 0 1 0 0 1 0 0 0 0 0 0 0 0 0 0 0 0 0 0 0 0 0 1 0 0 0 0 0 0
0 3 5 6 11 35 28 19 1 2 15 16 4 9 33 23 13 40 29 38 52 45 32 8 25 47 12 53 50 66 64 57 60 49 31 7 76 69 21 54 10 24 14 22 30 17 58 36 46 59 20 48 65 72 18 41 63 43 77 42 61 26 68 73 83 71 75 78 74 80 79 62 86 27 34 81 39 44 37 85 51 56 55 70 82 84 87 67 90 89 88 91 0 0 0 0 0 0 0 0 0 0 0 0 0 0 0 0 0 0 0 0 0 0 0 0 0 0 0 0 0 0 0 0 0 0 0 0 0 0 0 0 0 0 0 0 0 0 0 0 0 0 0 0 0 0 0 0 0 0 0 0 0 0 0 0 0 0 0 0 0 0 0 0 0 0 0 0 0 0 0 0 0 0 0 0 0 0 0 0 0 0 0 0
0 1 15 54 16 3 2 4 8 25 5 6 14 64 46 69 28 53 17 13 49 9 7 11 29 32 21 10 22 18 50 23 27 38 20 24 60 12 47 35 30 42 31 19 33 58 74 26 37 48 45 59 40 79 61 41 62 36 52 39 65 34 83 66 72 44 68 67 85 56 71 51 73 55 63 57 75 43 89 77 80 78 76 81 86 70 82 87 84 90 88 91 0 0 0 0 0 0 0 0 1 0 0 0 0 0 0 0 0 0 0 0 0 0 0 0 0 0 0 0 0 0 0 0 0 0 0 0 0 0 0 0 0 0 0 0 0 0 0 0 0 0 0 0 0 0 0 0 0 0 0 0 0 0 0 0 0 0 0 0 0 0 1 0 0 0 0 0 0 0 0 0 0 0 0 0 0 1 0 0 0 0 0 0
0 1 3 16 5 19 7 6 25 28 15 9 29 64 33 69 52 20 12 47 32 21 40 53 74 50 39 31 45 44 56 11 59 2 79 35 60 13 54 14 23 22 10 27 66 37 34 57 30 51 38 4 55 8 41 49 46 43 17 61 68 75 71 77 48 36 78 65 42 18 24 26 76 70 63 85 86 58 83 62 72 67 87 73 89 90 81 82 84 80 88 91 0 0 0 0 0 0 0 0 0 0 0 0 0 0 0 0 0 0 0 0 0 0 0 0 0 0 0 0 0 0 0 0 0 0 0 0 0 0 0 0 0 0 0 0 0 0 0 0 0 0 0 0 0 0 0 0 0 0 0 0 0 0 0 0 0 0 0 0 0 0 0 0 0 0 0 0 0 0 0 0 0 0 0 0 0 0 0 0 0 0 1 0
0 1 15 54 16 3 2 4 8 25 5 6 14 64 46 69 28 53 17 13 49 9 7 11 29 32 21 10 22 18 50 23 27 38 20 24 60 12 47 35 30 42 31 19 33 58 74 26 37 48 45 59 40 79 61 41 62 36 52 39 65 34 83 66 72 44 68 67 85 56 71 51 73 55 63 57 75 43 89 77 80 78 76 81 86 70 82 87 84 90 88 91 0 0 0 0 0 0 0 0 1 0 0 0 0 0 0 0 0 0 0 0 0 0 0 0 0 0 0 0 0 0 0 0 0 0 0 0 0 0 0 0 0 0 0 0 0 0 0 0 0 0 0 0 0 0 0 0 0 0 0 0 0 0 0 0 0 0 0 0 0 0 1 0 0 0 0 0 0 0 0 0 0 0 0 0 0 1 0 0 0 0 0 0
0 1 2 4 16 8 14 22 29 3 11 25 45 13 23 27 7 15 58 30 49 17 38 35 42 54 21 10 20 46 74 79 18 5 39 28 26 53 66 32 33 50 19 34 47 41 64 60 52 69 6 43 62 37 59 77 44 36 51 24 61 9 12 63 68 55 40 56 57 70 71 85 67 31 48 72 73 78 89 65 76 80 75 83 86 81 87 82 90 84 88 91 0 0 0 0 1 0 0 0 1 0 0 0 0 0 0 0 0 0 0 0 0 0 0 0 0 0 0 0 0 0 0 0 1 0 0 0 1 0 0 0 0 0 0 0 0 0 0 0 0 0 0 0 0 0 0 0 0 0 0 0 0 0 0 0 0 0 0 0 0 0 0 0 0 0 0 0 0 0 0 0 0 0 0 0 0 0 0 0 0 0 0 0
0 1 2 4 16 8 14 22 29 3 11 25 45 13 23 27 7 15 58 30 49 17 38 35 42 54 21 10 20 46 74 79 18 5 39 28 26 53 66 32 33 50 19 34 47 41 64 60 52 69 6 43 62 37 59 77 44 36 51 24 61 9 12 63 68 55 40 56 57 70 71 85 67 31 48 72 73 78 89 65 76 80 75 83 86 81 87 82 90 84 88 91 0 0 0 0 1 0 0 0 1 0 0 0 0 0 0 0 0 0 0 0 0 0 0 0 0 0 0 0 0 0 0 0 1 0 0 0 1 0 0 0 0 0 0 0 0 0 0 0 0 0 0 0 0 0 0 0 0 0 0 0 0 0 0 0 0 0 0 0 0 0 0 0 0 0 0 0 0 0 0 0 0 0 0 0 0 0 0 0 0 0 0 0
0 1 3 16 5 19 7 6 25 28 15 9 29 64 33 69 52 20 12 47 32 21 40 53 74 50 39 31 45 44 56 11 59 2 79 35 60 13 54 14 23 22 10 27 66 37 34 57 30 51 38 4 55 8 41 49 46 43 17 61 68 75 71 77 48 36 78 65 42 18 24 26 76 70 63 85 86 58 83 62 72 67 87 73 89 90 81 82 84 80 88 91 0 0 0 0 0 0 0 0 0 0 0 0 0 0 0 0 0 0 0 0 0 0 0 0 0 0 0 0 0 0 0 0 0 0 0 0 0 0 0 0 0 0 0 0 0 0 0 0 0 0 0 0 0 0 0 0 0 0 0 0 0 0 0 0 0 0 0 0 0 0 0 0 0 0 0 0 0 0 0 0 0 0 0 0 0 0 0 0 0 0 1 0
0 1 2 4 16 8 14 22 29 3 11 25 45 13 23 27 7 15 58 30 49 17 38 35 42 54 21 10 20 46 74 79 18 5 39 28 26 53 66 32 33 50 19 34 47 41 64 60 52 69 6 43 62 37 59 77 44 36 51 24 61 9 12 63 68 55 40 56 57 70 71 85 67 31 48 72 73 78 89 65 76 80 75 83 86 81 87 82 90 84 88 91 0 0 0 0 1 0 0 0 1 0 0 0 0 0 0 0 0 0 0 0 0 0 0 0 0 0 0 0 0 0 0 0 1 0 0 0 1 0 0 0 0 0 0 0 0 0 0 0 0 0 0 0 0 0 0 0 0 0 0 0 0 0 0 0 0 0 0 0 0 0 0 0 0 0 0 0 0 0 0 0 0 0 0 0 0 0 0 0 0 0 0 0
0 1 3 2 14 7 11 4 46 35 23 15 21 13 27 49 5 28 6 9 16 29 19 25 10 20 39 59 38 74 24 54 53 44 36 22 47 85 79 64 12 18 45 58 66 32 34 33 40 72 52 26 60 56 50 57 17 76 8 31 62 67 37 61 68 48 30 69 42 41 43 77 51 55 70 63 65 78 83 81 75 71 73 89 80 82 84 86 88 87 90 91 0 0 0 0 0 0 0 0 1 0 0 0 0 0 0 0 0 0 0 0 0 0 0 0 0 0 0 0 0 0 0 0 0 0 0 0 0 0 0 0 0 0 0 0 0 0 0 0 0 0 0 0 0 0 0 0 0 0 0 0 0 0 0 0 1 0 0 1 0 0 0 0 0 0 0 0 0 0 0 0 0 0 0 0 0 1 0 0 0 0 0 0
