0 1 14 2 3 10 25 4 8 5 12 6 7 9 17 18 15 11 19 28 13 16 21 20 26 27 24 30 22 23 29 31 0 0 0 0 0 0 0 0 0 0 0 0 0 0 0 0 0 1 0 0 0 0 0 0 0 0 0 0 0 0 0 0
0 3 1 2 10 14 7 11 8 25 4 5 12 6 9 17 18 15 19 28 13 16 24 20 26 27 21 22 30 23 29 31 0 0 0 0 0 0 0 1 0 0 0 0 0 0 0 0 0 0 0 0 0 0 0 0 0 0 1 0 0 0 0 0
0 1 10 3 2 14 7 11 8 25 4 12 5 6 17 9 15 18 28 19 13 26 16 21 20 24 27 30 22 23 29 31 0 0 0 0 0 0 0 1 0 0 0 0 0 0 0 0 0 0 0 0 0 0 0 0 0 0 0 0 0 0 0 0
0 1 14 5 2 3 10 25 12 8 6 7 9 4 17 18 15 11 19 28 13 20 16 26 27 21 24 30 22 23 29 31 0 0 0 0 0 0 0 0 0 0 0 0 0 0 0 0 0 1 0 0 0 0 0 0 0 1 0 0 0 0 0 0
0 1 10 2 3 14 7 25 12 8 11 9 4 18 5 17 6 28 15 13 16 19 20 26 27 21 24 22 23 30 29 31 0 0 0 0 0 0 0 0 0 0 0 0 0 0 0 0 0 0 0 0 0 0 0 0 0 1 0 0 0 0 1 0
0 1 10 2 3 14 7 25 12 8 11 9 4 18 5 17 6 28 15 13 16 19 20 26 27 21 24 22 23 30 29 31 0 0 0 0 0 0 0 0 0 0 0 0 0 0 0 0 0 0 0 0 0 0 0 0 0 1 0 0 0 0 1 0
0 3 1 2 10 25 4 14 7 8 5 12 9 15 11 17 18 6 19 28 13 16 24 20 26 27 21 22 30 23 29 31 0 0 0 0 0 0 0 0 0 0 0 0 0 0 0 0 0 0 0 0 0 0 0 0 0 0 1 0 0 0 0 0
0 3 1 2 10 25 4 14 7 8 5 12 9 15 11 17 18 6 19 28 13 16 24 20 26 27 21 22 30 23 29 31 0 0 0 0 0 0 0 0 0 0 0 0 0 0 0 0 0 0 0 0 0 0 0 0 0 0 1 0 0 0 0 0
0 3 1 10 2 14 25 4 7 5 12 8 6 9 15 11 17 18 13 19 26 28 16 20 27 21 24 22 30 23 29 31 0 0 0 0 0 0 0 0 0 0 0 0 0 0 0 0 0 0 0 0 0 0 0 0 0 1 0 0 0 0 0 0
0 1 2 10 3 14 7 11 8 25 5 4 12 9 15 6 17 18 19 28 13 20 16 26 24 21 27 30 22 23 29 31 0 0 0 0 0 0 0 1 0 0 0 0 0 0 0 0 0 0 0 0 0 0 0 0 0 0 0 0 0 0 0 0
0 1 10 3 2 14 7 11 8 25 4 12 5 9 6 15 17 18 28 13 20 16 19 26 27 21 24 30 22 23 29 31 0 0 0 0 0 0 0 1 0 0 0 0 0 0 0 0 0 0 0 0 0 0 0 0 0 1 0 0 0 0 0 0
0 3 1 10 25 4 2 14 7 5 12 9 15 8 11 6 17 18 28 19 13 16 20 26 27 21 24 22 30 23 29 31 0 0 0 0 0 0 0 0 0 0 0 0 0 0 0 0 0 0 0 0 0 0 0 0 0 1 0 0 0 0 0 0
0 1 14 2 3 10 25 4 8 5 12 6 7 9 17 18 15 11 19 28 13 16 21 20 26 27 24 30 22 23 29 31 0 0 0 0 0 0 0 0 0 0 0 0 0 0 0 0 0 1 0 0 0 0 0 0 0 0 0 0 0 0 0 0
0 1 14 10 2 3 5 9 25 4 12 8 6 7 17 18 15 11 19 28 13 20 16 26 27 21 24 30 22 23 29 31 0 0 0 0 0 0 0 0 0 0 0 0 0 0 0 0 0 1 0 0 0 0 0 0 0 1 0 0 0 0 0 0
0 1 10 2 3 14 7 25 11 8 4 12 9 5 6 15 18 17 13 28 20 16 26 19 27 21 24 30 22 23 29 31 0 0 0 0 0 0 0 0 1 0 0 0 0 0 0 0 0 0 0 0 0 0 0 0 0 1 0 0 0 0 0 0
0 1 10 2 3 14 7 25 11 8 12 5 4 9 6 15 18 17 13 28 20 16 26 19 27 21 24 30 22 23 29 31 0 0 0 0 0 0 0 0 1 0 0 0 0 0 0 0 0 0 0 0 0 0 0 0 0 1 0 0 0 0 0 0
0 1 10 2 3 14 7 25 11 8 4 12 9 5 6 15 18 17 13 28 20 16 26 19 27 21 24 30 22 23 29 31 0 0 0 0 0 0 0 0 1 0 0 0 0 0 0 0 0 0 0 0 0 0 0 0 0 1 0 0 0 0 0 0
0 1 3 2 14 10 7 25 11 8 12 5 4 9 6 15 17 18 28 19 13 20 26 27 16 21 30 24 22 23 29 31 0 0 0 0 0 0 0 0 1 0 0 0 0 0 0 0 0 0 0 0 0 0 0 0 0 1 0 0 0 0 0 0
0 1 10 3 2 14 7 11 8 25 12 5 6 4 9 17 15 18 13 19 26 28 16 21 20 24 27 30 22 23 29 31 0 0 0 0 0 0 0 1 0 0 0 0 0 0 0 0 0 0 0 0 0 0 0 0 0 0 0 0 0 0 0 0
0 1 10 2 3 14 7 11 25 8 4 12 9 5 6 15 18 17 13 28 20 16 26 19 27 21 24 30 22 23 29 31 0 0 0 0 0 0 0 1 0 0 0 0 0 0 0 0 0 0 0 0 0 0 0 0 0 1 0 0 0 0 0 0
0 3 1 2 14 7 10 11 25 4 8 12 9 5 6 17 15 18 19 28 13 20 16 26 27 21 24 30 22 23 29 31 0 0 0 0 0 0 0 1 0 0 0 0 0 0 1 0 0 0 0 0 0 0 0 0 0 1 0 0 0 0 1 0
0 3 1 10 2 14 25 4 7 5 12 8 6 9 15 11 17 18 13 19 26 28 16 20 27 21 24 22 30 23 29 31 0 0 0 0 0 0 0 0 0 0 0 0 0 0 0 0 0 0 0 0 0 0 0 0 0 1 0 0 0 0 0 0
0 1 10 2 3 14 7 11 25 8 4 12 9 5 6 15 18 17 13 28 20 16 26 19 27 21 24 30 22 23 29 31 0 0 0 0 0 0 0 1 0 0 0 0 0 0 0 0 0 0 0 0 0 0 0 0 0 1 0 0 0 0 0 0
0 1 10 3 2 14 7 11 8 25 12 5 6 4 9 17 15 18 13 19 26 28 16 21 20 24 27 30 22 23 29 31 0 0 0 0 0 0 0 1 0 0 0 0 0 0 0 0 0 0 0 0 0 0 0 0 0 0 0 0 0 0 0 0
0 1 2 10 3 14 7 11 8 25 5 4 12 9 15 6 17 18 19 28 13 20 16 26 24 21 27 30 22 23 29 31 0 0 0 0 0 0 0 1 0 0 0 0 0 0 0 0 0 0 0 0 0 0 0 0 0 0 0 0 0 0 0 0
0 1 3 2 14 10 7 25 11 8 12 5 4 9 6 15 17 18 28 19 13 20 26 27 16 21 30 24 22 23 29 31 0 0 0 0 0 0 0 0 1 0 0 0 0 0 0 0 0 0 0 0 0 0 0 0 0 1 0 0 0 0 0 0
0 1 10 3 2 14 7 11 8 25 12 5 6 4 9 17 15 18 13 19 26 28 16 21 20 24 27 30 22 23 29 31 0 0 0 0 0 0 0 1 0 0 0 0 0 0 0 0 0 0 0 0 0 0 0 0 0 0 0 0 0 0 0 0
0 1 10 2 3 14 7 25 11 8 12 5 4 9 6 15 18 17 13 28 20 16 26 19 27 21 24 30 22 23 29 31 0 0 0 0 0 0 0 0 1 0 0 0 0 0 0 0 0 0 0 0 0 0 0 0 0 1 0 0 0 0 0 0
0 3 1 10 2 14 25 4 7 5 12 8 6 9 15 11 17 18 13 19 26 28 16 20 27 21 24 22 30 23 29 31 0 0 0 0 0 0 0 0 0 0 0 0 0 0 0 0 0 0 0 0 0 0 0 0 0 1 0 0 0 0 0 0
0 1 2 10 3 14 7 11 8 25 5 4 12 9 15 6 17 18 19 28 13 20 16 26 24 21 27 30 22 23 29 31 0 0 0 0 0 0 0 1 0 0 0 0 0 0 0 0 0 0 0 0 0 0 0 0 0 0 0 0 0 0 0 0
0 3 1 2 14 7 10 11 25 4 8 12 9 5 6 17 15 18 19 28 13 20 16 26 27 21 24 30 22 23 29 31 0 0 0 0 0 0 0 1 0 0 0 0 0 0 1 0 0 0 0 0 0 0 0 0 0 1 0 0 0 0 1 0
0 1 3 2 14 7 10 11 8 25 4 5 6 12 17 9 18 28 15 13 20 16 19 26 27 21 30 24 22 23 29 31 0 0 0 0 0 0 0 1 0 0 0 0 0 0 0 0 0 0 0 0 0 0 0 0 0 1 0 0 0 0 0 0
0 1 3 2 14 7 10 11 8 25 4 5 6 12 17 9 18 28 15 13 20 16 19 26 27 21 30 24 22 23 29 31 0 0 0 0 0 0 0 1 0 0 0 0 0 0 0 0 0 0 0 0 0 0 0 0 0 1 0 0 0 0 0 0
0 1 14 2 3 10 25 4 8 5 12 6 7 9 17 18 15 11 28 13 20 16 19 21 26 27 24 30 22 23 29 31 0 0 0 0 0 0 0 0 0 0 0 0 0 0 0 0 0 1 0 0 0 0 0 0 0 0 0 0 0 0 0 0
0 1 10 3 2 14 25 7 11 8 4 5 12 6 17 9 15 19 18 28 13 20 16 26 27 21 24 30 22 23 29 31 0 0 0 0 0 0 0 0 1 0 0 0 0 0 0 0 0 0 0 0 0 0 0 0 0 1 0 0 0 0 0 0
0 1 10 3 2 14 25 7 11 8 4 5 12 6 17 9 15 19 18 28 13 20 16 26 27 21 24 30 22 23 29 31 0 0 0 0 0 0 0 0 1 0 0 0 0 0 0 0 0 0 0 0 0 0 0 0 0 1 0 0 0 0 0 0
0 1 10 3 2 14 25 7 11 8 4 5 12 6 17 9 15 19 18 28 13 20 16 26 27 21 24 30 22 23 29 31 0 0 0 0 0 0 0 0 1 0 0 0 0 0 0 0 0 0 0 0 0 0 0 0 0 1 0 0 0 0 0 0
0 1 10 3 25 4 2 5 14 6 12 17 7 8 9 18 15 11 28 19 13 16 24 20 26 21 27 30 22 23 29 31 0 0 0 0 0 0 0 0 0 0 0 0 0 0 0 0 0 0 0 0 0 0 0 0 0 0 0 0 0 0 0 0
0 1 2 3 14 7 10 25 11 8 5 4 12 9 15 6 17 19 13 18 28 20 16 26 24 27 21 30 22 23 29 31 0 0 0 0 0 0 0 0 1 0 0 0 0 0 0 0 0 0 0 0 0 0 0 0 0 0 0 0 0 0 0 0
0 1 2 3 14 7 10 25 11 8 5 4 12 9 15 6 17 19 13 18 28 20 16 26 24 27 21 30 22 23 29 31 0 0 0 0 0 0 0 0 1 0 0 0 0 0 0 0 0 0 0 0 0 0 0 0 0 0 0 0 0 0 0 0
0 1 2 3 14 7 10 25 11 8 5 4 12 9 15 6 17 19 13 18 28 20 16 26 24 27 21 30 22 23 29 31 0 0 0 0 0 0 0 0 1 0 0 0 0 0 0 0 0 0 0 0 0 0 0 0 0 0 0 0 0 0 0 0
0 1 2 3 14 7 11 8 10 25 4 5 6 12 9 17 15 18 28 19 13 20 26 27 16 21 24 30 22 23 29 31 0 0 0 0 0 0 1 0 0 0 0 0 0 0 0 0 0 0 0 0 0 0 0 0 0 1 0 0 0 0 0 0
0 1 10 3 2 14 7 25 11 8 4 12 9 5 6 15 18 17 13 28 20 16 26 19 27 21 24 30 22 23 29 31 0 0 0 0 0 0 0 0 1 0 0 0 0 0 1 0 0 0 0 0 0 0 0 0 0 1 0 0 0 0 0 0
0 1 10 3 2 14 7 25 11 8 4 12 9 5 6 15 18 17 13 28 20 16 26 19 27 21 24 30 22 23 29 31 0 0 0 0 0 0 0 0 1 0 0 0 0 0 1 0 0 0 0 0 0 0 0 0 0 1 0 0 0 0 0 0
0 1 3 10 2 14 7 5 25 12 8 6 9 4 15 11 17 18 13 19 26 28 16 21 20 27 24 22 23 30 29 31 0 0 0 0 0 0 0 0 0 0 0 0 0 0 0 0 0 0 0 0 0 0 0 0 0 0 0 0 0 0 1 0
0 1 3 10 2 14 7 5 25 12 8 6 9 4 15 11 17 18 13 19 26 28 16 21 20 27 24 22 23 30 29 31 0 0 0 0 0 0 0 0 0 0 0 0 0 0 0 0 0 0 0 0 0 0 0 0 0 0 0 0 0 0 1 0
0 1 2 10 3 14 7 11 8 25 5 4 12 9 6 17 15 18 28 19 13 16 20 26 24 27 21 30 22 23 29 31 0 0 0 0 0 0 0 1 0 0 0 0 0 0 1 0 0 0 0 0 0 0 0 0 0 0 0 0 0 0 0 0
0 1 2 10 3 14 7 11 8 25 5 4 12 9 6 17 15 18 28 19 13 16 20 26 24 27 21 30 22 23 29 31 0 0 0 0 0 0 0 1 0 0 0 0 0 0 1 0 0 0 0 0 0 0 0 0 0 0 0 0 0 0 0 0
0 1 2 10 3 14 7 11 8 25 5 4 12 9 6 17 15 18 28 19 13 16 20 26 24 27 21 30 22 23 29 31 0 0 0 0 0 0 0 1 0 0 0 0 0 0 1 0 0 0 0 0 0 0 0 0 0 0 0 0 0 0 0 0
0 1 2 10 3 14 7 11 8 25 5 4 12 9 6 17 15 18 28 19 13 16 20 26 24 27 21 30 22 23 29 31 0 0 0 0 0 0 0 1 0 0 0 0 0 0 1 0 0 0 0 0 0 0 0 0 0 0 0 0 0 0 0 0
0 1 10 3 2 14 7 11 8 5 25 4 12 6 9 17 15 18 28 19 13 20 16 26 21 27 30 24 22 23 29 31 0 0 0 0 0 0 0 1 0 0 0 0 0 0 0 0 0 0 0 0 0 0 0 0 0 0 0 0 0 0 0 0
0 1 10 3 2 14 7 11 8 5 25 4 12 6 9 17 15 18 28 19 13 20 16 26 21 27 30 24 22 23 29 31 0 0 0 0 0 0 0 1 0 0 0 0 0 0 0 0 0 0 0 0 0 0 0 0 0 0 0 0 0 0 0 0
0 1 3 2 14 10 7 11 8 25 4 5 12 6 9 17 18 15 19 28 13 16 24 20 26 27 21 22 30 23 29 31 0 0 0 0 0 0 0 1 0 0 0 0 0 0 0 0 0 0 0 0 0 0 0 0 0 0 1 0 0 0 0 0
0 1 3 2 14 10 25 4 8 5 12 9 7 11 6 17 15 18 13 19 28 20 16 26 27 21 24 30 22 23 29 31 0 0 0 0 0 0 0 0 0 0 0 0 0 1 1 0 0 0 0 0 0 0 0 0 0 1 0 0 0 0 1 0
0 1 3 2 14 10 25 4 8 5 12 9 7 11 6 17 15 18 13 19 28 20 16 26 27 21 24 30 22 23 29 31 0 0 0 0 0 0 0 0 0 0 0 0 0 1 1 0 0 0 0 0 0 0 0 0 0 1 0 0 0 0 1 0
0 1 3 2 14 10 7 11 8 25 4 5 12 6 9 17 18 15 19 28 13 16 24 20 26 27 21 22 30 23 29 31 0 0 0 0 0 0 0 1 0 0 0 0 0 0 0 0 0 0 0 0 0 0 0 0 0 0 1 0 0 0 0 0
0 3 1 10 5 2 14 7 11 8 25 12 4 9 6 17 19 15 18 28 13 20 26 16 27 30 24 21 22 23 29 31 0 0 0 0 0 0 0 0 1 0 0 0 0 0 1 0 0 0 0 0 0 0 0 0 0 0 0 0 0 0 0 0
0 1 2 3 14 7 10 25 11 8 5 4 12 9 6 17 15 19 18 28 13 16 21 20 26 27 24 30 22 23 29 31 0 0 0 0 0 0 0 0 1 0 0 0 0 0 1 0 0 0 0 0 0 0 0 0 0 0 0 0 0 0 0 0
0 3 1 10 5 2 14 7 11 8 25 12 4 9 6 17 19 15 18 28 13 20 26 16 27 30 24 21 22 23 29 31 0 0 0 0 0 0 0 0 1 0 0 0 0 0 1 0 0 0 0 0 0 0 0 0 0 0 0 0 0 0 0 0
0 1 10 3 2 14 7 5 11 25 8 12 6 4 9 17 15 18 19 28 13 20 16 26 24 27 21 30 22 23 29 31 0 0 0 0 0 0 0 0 1 0 0 0 0 0 0 0 0 0 0 0 0 0 0 0 0 0 1 0 0 0 0 0
0 1 10 3 2 14 7 5 11 25 8 12 6 4 9 17 15 18 19 28 13 20 16 26 24 27 21 30 22 23 29 31 0 0 0 0 0 0 0 0 1 0 0 0 0 0 0 0 0 0 0 0 0 0 0 0 0 0 1 0 0 0 0 0
0 1 10 3 2 14 7 5 11 25 8 12 6 4 9 17 15 18 19 28 13 20 16 26 24 27 21 30 22 23 29 31 0 0 0 0 0 0 0 0 1 0 0 0 0 0 0 0 0 0 0 0 0 0 0 0 0 0 1 0 0 0 0 0
0 1 10 3 2 14 7 5 11 25 8 12 6 4 9 17 15 18 19 28 13 20 16 26 24 27 21 30 22 23 29 31 0 0 0 0 0 0 0 0 1 0 0 0 0 0 0 0 0 0 0 0 0 0 0 0 0 0 1 0 0 0 0 0
0 3 1 10 5 2 14 7 11 8 25 12 4 9 6 18 28 17 15 13 20 16 19 26 27 21 30 24 22 23 29 31 0 0 0 0 0 0 0 0 1 0 0 0 0 0 1 0 0 0 0 0 0 0 0 0 0 1 0 0 0 0 0 0
0 3 1 10 5 2 14 7 11 8 25 12 4 9 6 18 28 17 15 13 20 16 19 26 27 21 30 24 22 23 29 31 0 0 0 0 0 0 0 0 1 0 0 0 0 0 1 0 0 0 0 0 0 0 0 0 0 1 0 0 0 0 0 0
0 1 3 2 14 10 7 25 11 8 12 5 4 9 6 15 17 18 28 19 13 20 26 27 16 21 30 24 22 23 29 31 0 0 0 0 0 0 0 0 1 0 0 0 0 0 0 0 0 0 0 0 0 0 0 0 0 1 0 0 0 0 0 0
0 1 3 2 14 10 7 25 11 8 12 5 4 9 6 15 17 18 28 19 13 20 26 27 16 21 30 24 22 23 29 31 0 0 0 0 0 0 0 0 1 0 0 0 0 0 0 0 0 0 0 0 0 0 0 0 0 1 0 0 0 0 0 0
0 1 10 3 2 14 7 25 11 8 4 12 9 5 6 17 15 18 13 19 28 20 16 26 27 21 30 24 22 23 29 31 0 0 0 0 0 0 0 0 1 0 0 0 0 0 1 0 0 0 0 0 0 0 0 0 0 1 0 0 0 0 0 0
0 1 10 3 2 14 7 25 11 8 12 5 4 9 6 17 15 18 13 19 28 20 16 26 27 21 30 24 22 23 29 31 0 0 0 0 0 0 0 0 1 0 0 0 0 0 1 0 0 0 0 0 0 0 0 0 0 1 0 0 0 0 0 0
0 1 10 3 2 14 7 25 11 8 4 12 9 5 6 17 15 18 13 19 28 20 16 26 27 21 30 24 22 23 29 31 0 0 0 0 0 0 0 0 1 0 0 0 0 0 1 0 0 0 0 0 0 0 0 0 0 1 0 0 0 0 0 0
0 1 5 2 3 9 10 25 8 7 11 14 4 12 6 17 18 26 15 13 19 28 16 24 20 27 30 21 22 23 29 31 0 0 0 0 0 0 0 0 0 0 0 0 0 0 0 0 0 0 0 0 0 0 0 0 0 0 0 0 0 0 0 0
0 1 5 2 3 9 10 25 8 7 11 14 12 4 6 17 18 26 15 13 19 28 16 24 20 27 30 21 22 23 29 31 0 0 0 0 0 0 0 0 0 0 0 0 0 0 0 0 0 0 0 0 0 0 0 0 0 0 0 0 0 0 0 0
0 1 10 2 3 14 5 9 25 4 12 15 7 8 11 17 18 6 13 19 26 28 16 21 20 24 27 30 22 23 29 31 0 0 0 0 0 0 0 0 0 0 0 0 0 0 0 0 0 0 0 0 0 0 0 0 0 0 0 0 0 0 0 0
0 1 10 3 2 5 25 4 12 14 9 15 7 8 11 17 18 6 13 19 26 28 16 20 24 21 27 30 22 23 29 31 0 0 0 0 0 0 0 0 0 0 0 0 0 0 0 0 0 0 0 0 0 0 0 0 0 0 0 0 0 0 0 0
0 1 5 2 3 9 10 25 8 7 11 14 4 12 6 17 18 26 15 13 19 28 16 24 20 27 30 21 22 23 29 31 0 0 0 0 0 0 0 0 0 0 0 0 0 0 0 0 0 0 0 0 0 0 0 0 0 0 0 0 0 0 0 0
0 3 1 2 10 14 7 11 8 25 12 4 5 6 9 18 28 17 15 19 26 13 20 16 21 24 27 30 22 23 29 31 0 0 0 0 0 0 0 1 0 0 0 0 0 0 0 0 0 0 0 0 0 0 0 0 0 0 0 0 1 0 0 0
0 3 1 2 10 14 7 11 8 25 12 4 5 6 9 18 28 17 15 19 26 13 20 16 21 24 27 30 22 23 29 31 0 0 0 0 0 0 0 1 0 0 0 0 0 0 0 0 0 0 0 0 0 0 0 0 0 0 0 0 1 0 0 0
0 1 3 2 10 14 7 11 8 25 4 5 12 6 9 17 18 15 13 19 26 28 16 21 20 24 27 30 22 23 29 31 0 0 0 0 0 0 1 1 0 0 0 0 0 0 0 0 0 0 0 0 0 0 0 0 0 0 0 0 0 0 1 0
0 1 3 2 10 14 7 11 8 25 4 5 12 6 9 17 18 15 13 19 26 28 16 21 20 24 27 30 22 23 29 31 0 0 0 0 0 0 1 1 0 0 0 0 0 0 0 0 0 0 0 0 0 0 0 0 0 0 0 0 0 0 1 0
0 1 2 3 10 14 7 11 8 25 4 5 12 6 9 17 18 15 13 19 26 28 16 21 20 27 24 30 22 23 29 31 0 0 0 0 0 0 1 1 0 0 0 0 0 0 0 0 0 0 0 0 0 0 0 0 0 0 0 0 0 0 0 0
0 1 3 2 14 10 7 11 8 25 4 12 5 6 17 9 15 13 18 19 28 16 20 26 24 21 27 30 22 23 29 31 0 0 0 0 0 0 0 1 0 0 0 0 0 0 0 0 0 0 0 0 0 0 0 0 0 0 0 0 0 0 1 0
0 1 5 2 3 10 25 8 7 11 12 14 4 6 9 18 28 17 15 19 20 26 24 13 16 27 21 30 22 23 29 31 0 0 0 0 0 0 0 0 0 0 0 0 0 0 0 0 0 0 0 0 0 0 0 0 0 0 1 0 0 0 0 0
0 1 3 2 14 7 10 25 11 8 5 4 12 9 15 17 6 19 18 28 13 16 21 20 26 24 27 30 22 23 29 31 0 0 0 0 0 0 0 0 1 0 0 0 0 0 0 0 0 0 0 0 0 0 0 0 0 0 0 0 0 0 0 0
0 1 3 2 14 7 10 25 11 8 5 4 12 9 15 17 6 19 18 28 13 16 21 20 26 24 27 30 22 23 29 31 0 0 0 0 0 0 0 0 1 0 0 0 0 0 0 0 0 0 0 0 0 0 0 0 0 0 0 0 0 0 0 0
0 1 10 2 3 25 4 5 12 14 9 15 7 8 11 17 18 6 28 19 13 20 26 27 16 30 24 21 22 23 29 31 0 0 0 0 0 0 0 0 0 0 0 0 0 0 0 0 0 0 0 0 0 0 0 0 0 0 0 1 0 0 0 0
0 1 10 2 3 25 4 5 12 14 9 15 7 8 11 17 18 6 28 19 13 20 26 27 16 30 24 21 22 23 29 31 0 0 0 0 0 0 0 0 0 0 0 0 0 0 0 0 0 0 0 0 0 0 0 0 0 0 0 1 0 0 0 0
0 1 10 2 3 25 4 5 12 14 9 15 7 8 11 17 18 6 28 19 13 20 26 27 16 30 24 21 22 23 29 31 0 0 0 0 0 0 0 0 0 0 0 0 0 0 0 0 0 0 0 0 0 0 0 0 0 0 0 1 0 0 0 0
0 1 3 2 14 7 10 25 11 8 5 4 12 9 6 15 17 18 28 13 20 16 19 26 27 21 24 30 22 23 29 31 0 0 0 0 0 0 0 0 1 0 0 0 0 0 0 0 0 0 0 0 0 0 0 0 0 1 0 0 0 0 0 0
0 1 3 2 14 7 10 25 11 8 5 4 12 9 6 15 17 18 28 13 20 16 19 26 27 21 24 30 22 23 29 31 0 0 0 0 0 0 0 0 1 0 0 0 0 0 0 0 0 0 0 0 0 0 0 0 0 1 0 0 0 0 0 0
0 1 3 2 14 7 10 25 11 8 5 4 12 9 6 15 17 18 28 13 20 16 19 26 27 21 24 30 22 23 29 31 0 0 0 0 0 0 0 0 1 0 0 0 0 0 0 0 0 0 0 0 0 0 0 0 0 1 0 0 0 0 0 0
0 1 3 2 14 7 10 25 11 8 5 4 12 9 15 17 18 6 28 19 13 20 16 21 26 27 24 30 22 23 29 31 0 0 0 0 0 0 0 0 1 0 0 0 0 0 0 0 0 0 0 0 0 0 0 0 0 0 0 0 0 0 0 0
0 1 3 2 14 7 10 25 11 8 5 4 12 9 15 17 18 6 28 19 13 20 16 21 26 27 24 30 22 23 29 31 0 0 0 0 0 0 0 0 1 0 0 0 0 0 0 0 0 0 0 0 0 0 0 0 0 0 0 0 0 0 0 0
0 1 10 2 3 14 7 25 11 8 12 5 6 4 9 15 17 18 13 28 20 19 16 26 27 21 24 30 22 23 29 31 0 0 0 0 0 0 0 0 1 0 0 0 0 0 0 0 0 0 0 0 0 0 0 0 0 0 0 0 0 0 0 0
0 1 10 3 2 14 7 25 11 8 12 5 4 9 6 17 15 18 13 19 28 20 16 26 27 21 24 30 22 23 29 31 0 0 0 0 0 0 0 0 1 0 0 0 0 0 1 0 0 0 0 0 0 0 0 0 0 0 0 0 0 0 0 0
0 1 10 3 2 14 7 11 8 25 12 5 6 4 9 17 15 18 19 28 13 20 16 26 24 27 21 30 22 23 29 31 0 0 0 0 0 0 0 1 0 0 0 0 0 0 0 0 0 0 0 0 0 0 0 0 0 0 0 0 0 0 0 0
0 1 10 3 2 14 7 25 11 8 12 5 4 9 6 17 15 18 13 19 28 20 16 26 27 21 24 30 22 23 29 31 0 0 0 0 0 0 0 0 1 0 0 0 0 0 1 0 0 0 0 0 0 0 0 0 0 0 0 0 0 0 0 0
0 3 1 2 14 7 10 11 25 4 8 12 9 5 15 6 17 18 19 28 13 20 16 26 24 21 27 30 22 23 29 31 0 0 0 0 0 0 0 1 0 0 0 0 0 0 0 0 0 0 0 0 0 0 0 0 0 0 0 0 0 0 1 0
0 1 10 3 2 14 7 25 11 8 12 5 4 6 17 9 15 18 28 19 13 16 20 26 21 24 27 30 22 23 29 31 0 0 0 0 0 0 0 0 1 0 0 0 0 0 0 0 0 0 0 0 0 0 0 0 0 0 0 0 0 0 0 0
0 1 14 10 2 3 5 9 25 7 11 8 4 12 6 17 18 15 19 28 13 20 16 26 27 21 24 30 22 23 29 31 0 0 0 0 0 0 0 0 0 0 1 0 0 0 0 0 0 0 0 0 0 0 0 0 0 1 0 0 0 0 0 0
0 1 14 10 3 2 5 25 7 11 8 4 12 6 17 19 26 9 18 28 15 13 20 16 21 24 27 30 22 23 29 31 0 0 0 0 0 0 0 0 0 1 0 0 0 0 0 0 0 0 0 0 0 0 0 0 0 0 0 0 1 0 0 0
