0 3 8 2 4 7 11 18 12 13 6 9 1 16 17 15 26 10 25 20 27 28 5 19 30 21 22 23 14 24 29 31 0 0 0 0 0 0 0 0 0 0 0 0 0 0 0 0 0 0 0 0 0 0 0 0 1 1 0 0 0 0 1 0
0 1 10 5 2 3 4 9 12 15 20 7 11 18 6 17 26 8 13 14 27 16 19 28 21 25 30 24 22 23 29 31 0 0 0 1 1 0 0 0 1 0 0 1 0 0 0 0 0 0 0 0 1 0 0 0 0 1 0 0 0 0 0 0
0 1 14 3 4 9 8 15 2 20 10 25 12 5 7 11 18 6 17 26 13 16 19 27 21 28 22 24 30 23 29 31 0 0 0 1 1 1 0 0 0 0 1 0 1 0 0 0 0 1 1 0 1 0 0 0 0 1 0 0 0 0 0 0
0 1 3 4 10 2 7 5 8 11 14 9 25 15 12 18 6 20 17 28 19 26 13 16 24 21 27 22 30 23 29 31 0 0 0 1 1 0 1 0 1 0 0 1 1 0 1 1 1 1 1 1 0 0 0 1 0 1 1 1 1 0 0 0
0 1 3 9 4 2 7 10 6 25 26 14 11 12 5 17 19 15 8 20 18 27 28 13 24 16 21 30 22 23 29 31 0 0 1 0 1 1 1 0 1 1 0 1 0 0 1 1 1 1 1 1 1 0 1 0 0 1 1 0 1 0 1 0
0 1 3 9 4 2 7 6 10 25 15 20 11 12 5 17 19 26 14 8 18 27 28 13 24 16 21 30 22 23 29 31 0 0 1 0 1 1 1 0 1 1 0 1 0 0 1 1 1 1 1 1 1 0 1 0 0 1 1 0 1 0 1 0
0 1 14 2 3 10 9 15 6 4 7 5 25 12 8 26 11 18 17 19 20 24 13 27 28 16 21 30 22 23 29 31 0 1 1 0 1 1 1 0 1 0 0 1 1 1 1 1 1 1 1 1 1 0 0 0 1 1 1 0 1 0 1 1
0 2 3 1 7 5 10 12 4 9 6 15 8 26 20 18 14 25 17 11 19 28 24 27 13 16 21 30 22 23 29 31 0 1 0 1 0 1 0 1 0 0 1 1 1 1 0 1 0 1 1 1 1 1 0 0 0 1 1 0 1 0 1 0
0 1 3 14 2 10 4 9 5 6 12 15 7 8 25 18 11 17 20 13 28 26 16 19 21 27 22 24 30 23 29 31 0 1 0 1 1 1 1 0 1 1 1 1 0 1 1 1 1 1 1 0 1 0 1 0 1 0 1 0 1 0 0 0
0 1 3 5 2 7 9 4 10 6 25 15 14 11 12 17 19 8 20 13 26 18 16 21 22 27 24 30 28 23 29 31 0 0 0 1 1 1 1 1 0 1 1 0 1 0 0 1 1 1 1 1 1 0 1 0 0 1 1 0 1 0 1 0
0 1 3 5 2 7 9 4 10 6 15 20 12 25 14 11 8 17 19 13 26 18 16 21 22 27 24 30 28 23 29 31 0 0 0 1 1 1 1 1 0 1 1 1 1 0 1 0 0 1 1 1 1 0 1 0 0 1 1 0 1 0 1 0
0 1 2 3 4 12 6 10 7 25 9 5 17 19 15 26 20 8 18 11 28 14 27 13 24 16 30 21 22 23 29 31 0 0 0 1 1 1 1 1 1 1 1 1 1 1 1 1 0 1 1 1 1 0 0 1 1 1 1 0 1 0 1 0
0 1 3 10 2 9 6 4 5 14 8 15 12 20 7 18 25 11 13 17 26 16 28 19 21 27 24 30 22 23 29 31 0 1 1 1 1 1 0 1 0 1 0 1 0 0 1 1 1 1 1 1 1 1 1 0 1 1 1 0 1 0 1 0
0 1 3 5 2 7 9 4 10 6 15 20 12 25 14 11 8 17 19 13 26 18 16 21 22 27 24 30 28 23 29 31 0 0 0 1 1 1 1 1 0 1 1 1 1 0 1 0 0 1 1 1 1 0 1 0 0 1 1 0 1 0 1 0
0 1 2 3 4 12 6 10 7 25 9 5 17 19 15 26 20 8 18 11 28 14 27 13 24 16 30 21 22 23 29 31 0 0 0 1 1 1 1 1 1 1 1 1 1 1 1 1 0 1 1 1 1 0 0 1 1 1 1 0 1 0 1 0
0 2 12 7 3 9 1 14 15 6 17 18 4 11 8 10 13 16 26 20 28 27 5 25 19 24 30 21 22 23 29 31 0 0 0 0 1 0 0 0 0 0 0 0 0 0 1 0 0 0 0 0 0 0 0 0 0 0 0 0 0 0 1 0
0 1 14 3 2 5 7 12 8 9 17 4 15 6 10 11 18 25 28 26 19 13 16 20 24 27 30 21 22 23 29 31 0 0 0 1 1 1 1 1 1 1 1 1 0 1 1 1 1 1 1 1 1 0 1 0 1 1 1 0 1 1 1 0
0 1 3 2 7 9 14 12 5 10 15 11 4 8 20 25 18 17 6 26 28 27 13 19 16 21 22 24 30 23 29 31 0 0 0 1 0 1 0 1 0 1 1 1 1 1 0 0 0 1 0 1 1 0 0 0 0 1 1 0 1 0 0 0
0 1 2 10 3 4 9 5 8 15 6 14 20 25 7 26 11 12 27 18 13 30 28 17 19 16 21 24 22 23 29 31 0 0 0 1 1 0 0 0 0 0 0 0 0 0 0 1 1 0 0 0 0 0 0 0 0 0 0 0 0 0 1 0
0 1 3 5 2 9 6 10 4 25 8 7 12 18 14 15 17 20 28 11 26 19 27 13 24 16 21 30 22 23 29 31 0 1 1 1 1 1 0 0 1 1 1 0 0 1 0 1 1 1 1 1 1 1 1 1 0 1 1 0 1 0 1 0
0 2 1 3 12 9 15 5 10 4 7 14 25 20 8 17 6 18 11 28 19 26 13 16 27 24 30 21 22 23 29 31 0 0 0 1 0 1 1 1 1 0 1 0 0 0 0 1 1 1 1 1 1 0 0 0 0 1 1 0 1 0 0 0
0 1 3 14 2 10 4 9 5 6 12 15 7 8 25 18 11 17 20 13 28 26 16 19 21 27 22 24 30 23 29 31 0 1 0 1 1 1 1 0 1 1 1 1 0 1 1 1 1 1 1 0 1 0 1 0 1 0 1 0 1 0 0 0
0 1 3 4 10 2 7 5 8 11 14 9 25 15 12 18 6 20 17 28 19 26 13 16 24 21 27 22 30 23 29 31 0 0 0 1 1 0 1 0 1 0 0 1 1 0 1 1 1 1 1 1 0 0 0 1 0 1 1 1 1 0 0 0
0 2 1 3 12 9 15 5 10 4 7 14 25 20 8 17 6 18 11 28 19 26 13 16 27 24 30 21 22 23 29 31 0 0 0 1 0 1 1 1 1 0 1 0 0 0 0 1 1 1 1 1 1 0 0 0 0 1 1 0 1 0 0 0
0 2 1 3 12 9 15 5 10 4 7 14 25 20 8 17 6 18 11 28 19 26 13 16 27 24 30 21 22 23 29 31 0 0 0 1 0 1 1 1 1 0 1 0 0 0 0 1 1 1 1 1 1 0 0 0 0 1 1 0 1 0 0 0
0 1 3 5 2 9 6 10 4 25 8 7 12 18 14 15 17 20 28 11 26 19 27 13 24 16 21 30 22 23 29 31 0 1 1 1 1 1 0 0 1 1 1 0 0 1 0 1 1 1 1 1 1 1 1 1 0 1 1 0 1 0 1 0
0 3 8 2 4 7 11 18 12 13 6 9 1 16 17 15 26 10 25 20 27 28 5 19 30 21 22 23 14 24 29 31 0 0 0 0 0 0 0 0 0 0 0 0 0 0 0 0 0 0 0 0 0 0 0 0 1 1 0 0 0 0 1 0
0 2 3 1 7 5 10 12 4 9 6 15 8 26 20 18 14 25 17 11 19 28 24 27 13 16 21 30 22 23 29 31 0 1 0 1 0 1 0 1 0 0 1 1 1 1 0 1 0 1 1 1 1 1 0 0 0 1 1 0 1 0 1 0
0 2 3 1 7 5 10 12 4 9 6 15 8 26 20 18 14 25 17 11 19 28 24 27 13 16 21 30 22 23 29 31 0 1 0 1 0 1 0 1 0 0 1 1 1 1 0 1 0 1 1 1 1 1 0 0 0 1 1 0 1 0 1 0
0 1 3 9 4 2 7 10 6 25 26 14 11 12 5 17 19 15 8 20 18 27 28 13 24 16 21 30 22 23 29 31 0 0 1 0 1 1 1 0 1 1 0 1 0 0 1 1 1 1 1 1 1 0 1 0 0 1 1 0 1 0 1 0
0 1 3 5 2 9 6 10 4 25 8 7 12 18 14 15 17 20 28 11 26 19 27 13 24 16 21 30 22 23 29 31 0 1 1 1 1 1 0 0 1 1 1 0 0 1 0 1 1 1 1 1 1 1 1 1 0 1 1 0 1 0 1 0
0 2 6 7 18 1 11 12 3 14 10 17 25 9 8 4 19 5 28 26 13 15 24 16 21 20 22 23 27 30 29 31 0 0 0 0 0 1 0 0 0 0 1 0 0 0 1 0 0 0 0 0 1 0 0 0 1 1 1 0 0 0 0 0
0 1 3 5 2 9 6 7 8 4 12 10 18 14 17 28 25 15 20 19 11 26 13 16 27 21 24 30 22 23 29 31 0 1 1 1 1 1 0 1 0 1 0 1 1 0 1 1 0 1 1 1 1 1 0 1 1 1 1 0 1 0 1 0
0 1 3 5 2 9 6 7 8 4 12 10 18 14 17 28 25 15 20 19 11 26 13 16 27 21 24 30 22 23 29 31 0 1 1 1 1 1 0 1 0 1 0 1 1 0 1 1 0 1 1 1 1 1 0 1 1 1 1 0 1 0 1 0
0 1 3 5 2 9 6 7 8 4 12 10 18 14 17 28 25 15 20 19 11 26 13 16 27 21 24 30 22 23 29 31 0 1 1 1 1 1 0 1 0 1 0 1 1 0 1 1 0 1 1 1 1 1 0 1 1 1 1 0 1 0 1 0
0 1 3 5 2 9 6 7 8 4 12 10 18 14 17 28 25 15 20 19 11 26 13 16 27 21 24 30 22 23 29 31 0 1 1 1 1 1 0 1 0 1 0 1 1 0 1 1 0 1 1 1 1 1 0 1 1 1 1 0 1 0 1 0
0 3 1 10 5 2 4 25 12 8 14 6 9 7 18 26 28 15 11 17 13 20 19 27 16 24 21 30 22 23 29 31 0 0 0 0 0 1 1 1 1 0 1 0 0 0 1 1 0 1 1 0 1 1 0 0 0 1 1 0 0 0 0 0
0 3 1 9 5 15 2 14 8 4 10 12 7 6 17 11 25 18 26 19 28 13 16 24 20 27 30 21 22 23 29 31 0 0 1 1 1 1 0 1 1 1 0 1 0 1 1 1 1 0 0 1 1 0 1 0 1 1 1 1 0 0 1 0
0 2 3 1 7 12 10 25 17 5 9 18 4 14 15 20 6 26 8 11 28 13 27 19 16 21 22 24 30 23 29 31 0 1 0 1 0 1 1 1 1 1 1 1 1 0 0 1 1 1 1 1 1 0 0 0 0 1 1 0 0 0 1 0
0 2 3 1 7 12 10 25 17 5 9 18 4 14 15 20 6 26 8 11 28 13 27 19 16 21 22 24 30 23 29 31 0 1 0 1 0 1 1 1 1 1 1 1 1 0 0 1 1 1 1 1 1 0 0 0 0 1 1 0 0 0 1 0
0 3 1 9 15 10 25 2 8 5 4 12 7 6 18 14 17 19 26 20 11 28 24 27 13 16 21 30 22 23 29 31 0 0 0 1 1 1 0 1 1 1 1 1 0 1 1 1 0 1 1 1 0 1 0 0 0 1 1 0 1 0 1 0
0 3 1 9 15 10 25 2 8 5 4 12 7 6 18 14 17 19 26 20 11 28 24 27 13 16 21 30 22 23 29 31 0 0 0 1 1 1 0 1 1 1 1 1 0 1 1 1 0 1 1 1 0 1 0 0 0 1 1 0 1 0 1 0
0 1 3 9 5 4 2 6 7 14 12 10 17 15 18 8 26 25 20 11 13 16 19 27 28 21 24 22 23 30 29 31 0 1 1 1 1 1 1 1 1 1 1 0 1 0 0 1 1 1 0 1 1 0 0 1 0 0 1 0 1 1 1 0
0 1 3 2 10 9 15 12 8 7 14 20 25 5 4 6 18 28 11 13 17 26 19 16 27 24 21 30 22 23 29 31 0 0 0 1 0 1 1 1 1 0 1 1 0 0 1 1 1 0 1 0 1 1 1 1 0 1 1 0 0 0 1 0
0 1 3 2 10 9 15 12 8 7 14 20 25 5 4 6 18 28 11 13 17 26 19 16 27 24 21 30 22 23 29 31 0 0 0 1 0 1 1 1 1 0 1 1 0 0 1 1 1 0 1 0 1 1 1 1 0 1 1 0 0 0 1 0
0 1 3 2 10 9 15 12 8 7 14 20 25 5 4 6 18 28 11 13 17 26 19 16 27 24 21 30 22 23 29 31 0 0 0 1 0 1 1 1 1 0 1 1 0 0 1 1 1 0 1 0 1 1 1 1 0 1 1 0 0 0 1 0
0 1 3 2 10 9 15 12 8 7 14 20 25 5 4 6 18 28 11 13 17 26 19 16 27 24 21 30 22 23 29 31 0 0 0 1 0 1 1 1 1 0 1 1 0 0 1 1 1 0 1 0 1 1 1 1 0 1 1 0 0 0 1 0
0 1 3 9 4 2 7 14 5 8 6 10 25 15 11 12 17 19 26 20 18 27 28 13 24 16 21 30 22 23 29 31 0 0 1 0 1 1 1 0 1 1 0 1 1 0 1 0 1 1 1 1 1 0 1 0 0 1 1 0 1 0 1 0
0 1 3 14 2 12 6 8 7 4 9 10 25 15 5 11 18 13 20 28 17 26 19 24 16 27 21 30 22 23 29 31 0 1 0 1 1 1 0 1 0 1 0 0 1 0 1 1 1 1 1 0 1 0 1 0 1 1 1 1 0 0 0 0
0 1 3 9 4 2 7 14 5 8 6 10 25 15 11 12 17 19 26 20 18 27 28 13 24 16 21 30 22 23 29 31 0 0 1 0 1 1 1 0 1 1 0 1 1 0 1 0 1 1 1 1 1 0 1 0 0 1 1 0 1 0 1 0
0 1 3 14 2 12 6 8 7 4 9 10 25 15 5 11 18 13 20 28 17 26 19 24 16 27 21 30 22 23 29 31 0 1 0 1 1 1 0 1 0 1 0 0 1 0 1 1 1 1 1 0 1 0 1 0 1 1 1 1 0 0 0 0
0 1 3 9 2 5 6 15 10 25 7 4 18 14 12 20 17 8 11 26 19 28 24 27 13 16 21 22 30 23 29 31 0 1 1 1 1 1 1 1 1 1 1 1 1 0 0 0 1 1 1 1 1 1 0 0 0 1 1 1 1 0 1 0
0 1 3 9 2 5 6 15 10 25 7 4 18 14 12 20 17 8 11 26 19 28 24 27 13 16 21 22 30 23 29 31 0 1 1 1 1 1 1 1 1 1 1 1 1 0 0 0 1 1 1 1 1 1 0 0 0 1 1 1 1 0 1 0
0 1 3 9 2 5 6 15 10 25 7 4 18 14 12 20 17 8 11 26 19 28 24 27 13 16 21 22 30 23 29 31 0 1 1 1 1 1 1 1 1 1 1 1 1 0 0 0 1 1 1 1 1 1 0 0 0 1 1 1 1 0 1 0
0 1 3 9 2 5 6 15 10 25 7 4 18 14 12 20 17 8 11 26 19 28 24 27 13 16 21 22 30 23 29 31 0 1 1 1 1 1 1 1 1 1 1 1 1 0 0 0 1 1 1 1 1 1 0 0 0 1 1 1 1 0 1 0
0 1 3 9 2 5 6 15 10 25 7 4 18 14 12 20 17 8 11 26 19 28 24 27 13 16 21 22 30 23 29 31 0 1 1 1 1 1 1 1 1 1 1 1 1 0 0 0 1 1 1 1 1 1 0 0 0 1 1 1 1 0 1 0
0 1 14 3 4 9 8 15 10 5 2 12 7 18 25 28 11 17 6 20 19 26 27 13 16 21 22 24 30 23 29 31 0 0 0 1 0 1 1 0 0 1 1 0 1 1 1 1 0 1 0 1 1 1 0 0 0 1 1 0 1 0 0 0
0 2 7 1 14 3 10 9 15 6 4 5 25 12 11 17 8 19 26 13 18 20 16 21 22 27 24 30 23 28 29 31 0 1 0 1 1 1 1 1 0 1 0 1 1 1 0 1 1 1 1 1 1 0 1 0 0 1 1 0 1 1 1 0
0 1 3 10 9 14 5 15 2 6 8 7 4 26 20 25 12 11 13 18 27 28 17 19 16 21 22 23 30 24 29 31 0 0 1 0 1 1 1 0 1 1 1 1 1 1 1 0 1 1 1 1 1 0 0 0 0 1 1 0 1 0 1 0
0 1 3 10 9 14 5 15 2 6 8 7 4 26 20 25 12 11 13 18 27 28 17 19 16 21 22 23 30 24 29 31 0 0 1 0 1 1 1 0 1 1 1 1 1 1 1 0 1 1 1 1 1 0 0 0 0 1 1 0 1 0 1 0
0 2 7 1 14 3 10 9 15 6 4 5 25 12 11 17 8 19 26 13 18 20 16 21 22 27 24 30 23 28 29 31 0 1 0 1 1 1 1 1 0 1 0 1 1 1 0 1 1 1 1 1 1 0 1 0 0 1 1 0 1 1 1 0
0 2 7 1 14 3 10 9 15 6 4 5 25 12 11 17 8 19 26 13 18 20 16 21 22 27 24 30 23 28 29 31 0 1 0 1 1 1 1 1 0 1 0 1 1 1 0 1 1 1 1 1 1 0 1 0 0 1 1 0 1 1 1 0
0 1 3 9 2 14 8 5 7 12 17 4 6 11 10 25 15 20 18 28 19 13 24 26 27 16 21 22 23 30 29 31 0 0 1 1 0 1 1 1 0 1 1 1 0 1 1 0 1 1 1 1 1 1 1 1 0 1 1 1 0 0 1 0
0 3 1 9 8 14 5 15 2 10 4 25 12 6 7 11 17 20 18 13 19 26 24 27 16 21 28 22 30 23 29 31 0 0 0 1 1 1 0 1 1 1 1 1 1 1 1 1 0 1 1 1 0 0 1 0 1 0 1 0 0 0 1 0
0 1 3 2 10 5 14 4 9 12 7 6 17 11 18 15 25 8 26 20 28 19 27 13 24 16 21 30 22 23 29 31 0 0 1 1 1 1 0 1 1 1 1 0 1 0 0 0 1 1 1 0 1 0 0 1 1 1 1 0 1 0 1 0
0 1 3 2 10 5 14 4 9 12 7 6 17 11 18 15 25 8 26 20 28 19 27 13 24 16 21 30 22 23 29 31 0 0 1 1 1 1 0 1 1 1 1 0 1 0 0 0 1 1 1 0 1 0 0 1 1 1 1 0 1 0 1 0
0 2 3 1 6 5 9 7 8 10 4 14 15 12 20 25 11 17 19 18 26 13 28 16 27 21 24 30 22 23 29 31 0 1 0 0 1 0 1 1 1 1 1 1 0 1 0 1 0 1 1 1 1 1 0 0 0 1 0 0 1 0 1 0
0 1 10 2 3 14 9 15 6 4 7 5 25 18 12 8 20 11 17 28 19 26 13 16 27 21 24 30 22 23 29 31 0 1 1 0 1 1 1 0 1 0 0 1 1 1 1 1 1 1 0 0 1 1 1 0 1 1 0 0 1 0 1 1
0 2 3 1 6 5 9 7 8 10 4 14 15 12 20 25 11 17 19 18 26 13 28 16 27 21 24 30 22 23 29 31 0 1 0 0 1 0 1 1 1 1 1 1 0 1 0 1 0 1 1 1 1 1 0 0 0 1 0 0 1 0 1 0
0 2 3 1 6 5 9 7 8 10 4 14 15 12 20 25 11 17 19 18 26 13 28 16 27 21 24 30 22 23 29 31 0 1 0 0 1 0 1 1 1 1 1 1 0 1 0 1 0 1 1 1 1 1 0 0 0 1 0 0 1 0 1 0
0 1 10 2 3 14 9 15 6 4 7 5 25 18 12 8 20 11 17 28 19 26 13 16 27 21 24 30 22 23 29 31 0 1 1 0 1 1 1 0 1 0 0 1 1 1 1 1 1 1 0 0 1 1 1 0 1 1 0 0 1 0 1 1
0 1 3 9 4 2 8 5 7 12 6 10 17 18 14 11 25 26 28 19 15 20 13 24 27 16 21 22 30 23 29 31 0 0 1 1 0 1 1 1 0 1 1 1 0 1 1 1 1 1 1 1 1 1 1 1 0 1 1 1 0 0 1 0
0 1 3 9 4 2 8 5 7 12 6 10 17 18 14 11 25 26 28 19 15 20 13 24 27 16 21 22 30 23 29 31 0 0 1 1 0 1 1 1 0 1 1 1 0 1 1 1 1 1 1 1 1 1 1 1 0 1 1 1 0 0 1 0
0 3 1 10 5 2 4 25 12 8 14 6 9 7 18 15 17 20 11 28 13 26 19 16 27 24 21 30 22 23 29 31 0 0 0 0 0 1 1 1 1 0 1 0 0 0 1 1 0 1 1 1 1 1 0 0 0 1 1 0 0 0 0 0
0 2 3 1 7 12 10 4 25 5 9 18 6 17 15 20 14 26 11 8 19 28 13 27 24 16 21 22 30 23 29 31 0 1 0 1 0 1 1 1 1 1 1 1 1 0 0 1 1 1 1 1 1 1 0 1 0 1 1 0 0 0 1 0
0 2 3 1 7 12 10 4 25 5 9 18 6 17 15 20 14 26 11 8 19 28 13 27 24 16 21 22 30 23 29 31 0 1 0 1 0 1 1 1 1 1 1 1 1 0 0 1 1 1 1 1 1 1 0 1 0 1 1 0 0 0 1 0
0 2 3 1 7 12 10 4 25 5 9 18 6 17 15 20 14 26 11 8 19 28 13 27 24 16 21 22 30 23 29 31 0 1 0 1 0 1 1 1 1 1 1 1 1 0 0 1 1 1 1 1 1 1 0 1 0 1 1 0 0 0 1 0
0 2 3 1 7 12 10 4 25 5 9 18 6 17 15 20 14 26 11 8 19 28 13 27 24 16 21 22 30 23 29 31 0 1 0 1 0 1 1 1 1 1 1 1 1 0 0 1 1 1 1 1 1 1 0 1 0 1 1 0 0 0 1 0
0 1 3 5 2 9 6 15 10 25 8 4 7 12 14 18 17 11 20 26 28 13 19 16 27 21 24 30 22 23 29 31 0 1 1 1 1 1 0 1 1 1 1 0 0 1 1 1 1 1 1 1 1 0 1 1 1 1 1 0 1 0 1 0
0 1 3 5 2 9 6 15 10 25 8 4 7 12 14 18 17 11 20 26 28 13 19 16 27 21 24 30 22 23 29 31 0 1 1 1 1 1 0 1 1 1 1 0 0 1 1 1 1 1 1 1 1 0 1 1 1 1 1 0 1 0 1 0
0 1 3 4 10 5 14 2 9 25 7 8 6 12 18 15 26 20 17 11 28 19 13 24 16 27 21 22 30 23 29 31 0 0 1 1 1 1 0 1 1 1 1 1 1 1 0 0 1 1 0 1 1 1 0 0 0 1 1 1 0 0 1 0
0 1 3 4 10 5 14 2 9 25 7 8 6 12 18 15 26 20 17 11 28 19 13 24 16 27 21 22 30 23 29 31 0 0 1 1 1 1 0 1 1 1 1 1 1 1 0 0 1 1 0 1 1 1 0 0 0 1 1 1 0 0 1 0
0 1 3 4 2 10 6 8 12 9 5 15 14 17 7 25 18 26 11 19 28 13 16 24 20 27 21 30 22 23 29 31 0 1 1 1 1 1 1 1 1 1 1 1 1 1 0 0 0 0 1 0 1 0 1 0 1 1 1 0 1 0 1 0
0 1 5 2 3 8 9 12 10 25 6 7 14 11 15 26 18 4 17 20 19 28 13 24 16 21 27 30 22 23 29 31 0 0 0 1 0 1 1 1 1 1 1 1 1 0 0 1 1 1 1 1 1 1 0 0 1 1 0 1 0 0 0 0
0 1 5 2 3 8 9 12 10 25 6 7 14 11 15 26 18 4 17 20 19 28 13 24 16 21 27 30 22 23 29 31 0 0 0 1 0 1 1 1 1 1 1 1 1 0 0 1 1 1 1 1 1 1 0 0 1 1 0 1 0 0 0 0
0 1 3 14 2 10 4 6 8 25 7 5 9 11 18 12 15 17 28 19 26 13 20 16 21 24 27 30 22 23 29 31 0 1 1 1 1 1 1 0 0 0 1 1 0 0 0 0 1 1 1 1 1 0 1 1 1 1 1 0 1 0 1 0
0 1 3 5 2 8 9 12 10 25 6 14 7 15 18 11 26 4 17 20 19 13 24 27 28 16 21 30 22 23 29 31 0 0 0 1 1 1 1 1 1 1 1 0 1 0 0 0 1 1 1 1 1 1 0 0 0 1 1 0 1 0 1 0
0 1 3 14 2 10 4 6 8 25 7 5 9 11 18 12 15 17 28 19 26 13 20 16 21 24 27 30 22 23 29 31 0 1 1 1 1 1 1 0 0 0 1 1 0 0 0 0 1 1 1 1 1 0 1 1 1 1 1 0 1 0 1 0
0 1 3 4 10 5 25 2 8 9 15 7 12 14 18 11 6 17 20 26 28 13 16 19 21 27 22 24 30 23 29 31 0 0 1 1 1 1 1 1 1 0 0 0 1 1 1 1 1 1 1 0 1 0 1 0 1 0 1 1 1 0 1 0
0 1 3 9 5 14 2 6 10 12 8 15 20 7 4 11 26 17 18 25 13 28 19 27 16 21 24 22 23 30 29 31 0 0 1 1 0 1 1 1 1 1 0 0 1 0 0 0 1 1 1 1 1 1 0 1 0 1 1 0 1 0 1 0
0 1 3 5 2 7 10 12 4 9 6 15 8 26 20 18 14 25 11 28 17 19 13 27 16 21 24 22 30 23 29 31 0 0 1 1 0 1 0 1 0 0 1 1 1 1 0 1 0 1 0 1 1 0 0 0 1 1 0 1 0 0 1 0
0 3 1 9 5 14 10 15 2 7 12 6 11 8 26 20 18 25 17 4 28 19 13 27 24 16 21 22 30 23 29 31 0 0 1 1 1 0 0 1 0 1 1 0 1 1 1 1 1 0 1 0 1 1 0 0 0 1 1 1 1 0 1 0
0 1 14 3 4 9 5 2 7 6 8 11 10 12 15 25 18 17 20 26 19 28 13 16 24 27 21 30 22 23 29 31 0 0 0 1 0 1 1 1 1 1 1 1 1 0 1 0 1 1 1 1 1 1 0 1 0 0 1 0 1 0 0 0
0 1 3 4 10 5 25 2 8 9 15 7 12 18 6 14 20 17 11 28 19 26 13 16 24 21 27 22 30 23 29 31 0 0 1 1 1 1 1 1 1 0 0 0 1 1 1 1 1 1 1 1 0 0 0 1 0 1 1 1 1 1 1 0
0 3 1 9 5 14 10 15 2 7 12 6 11 8 26 20 18 25 17 4 28 19 13 27 24 16 21 22 30 23 29 31 0 0 1 1 1 0 0 1 0 1 1 0 1 1 1 1 1 0 1 0 1 1 0 0 0 1 1 1 1 0 1 0
0 1 3 4 10 5 25 8 2 9 15 7 12 14 11 17 6 18 28 19 13 20 24 16 26 27 21 30 22 23 29 31 0 0 1 1 1 1 1 1 1 0 0 0 0 1 0 1 0 0 1 0 0 0 1 0 0 1 1 1 1 0 1 0
0 1 14 2 7 3 12 10 5 9 4 6 25 15 8 26 11 18 17 19 20 24 13 27 28 16 21 30 22 23 29 31 0 1 1 0 0 0 1 1 1 1 1 1 1 0 1 1 1 1 1 1 1 0 0 0 1 1 1 0 1 0 1 1
0 1 3 4 10 5 25 8 2 9 15 7 12 14 11 17 6 18 28 19 13 20 24 16 26 27 21 30 22 23 29 31 0 0 1 1 1 1 1 1 1 0 0 0 0 1 0 1 0 0 1 0 0 0 1 0 0 1 1 1 1 0 1 0
0 1 14 3 4 9 5 2 7 6 8 11 10 12 15 25 18 17 20 26 19 28 13 16 24 27 21 30 22 23 29 31 0 0 0 1 0 1 1 1 1 1 1 1 1 0 1 0 1 1 1 1 1 1 0 1 0 0 1 0 1 0 0 0
0 1 3 5 2 7 10 12 4 9 6 15 8 26 20 18 14 25 11 28 17 19 13 27 16 21 24 22 30 23 29 31 0 0 1 1 0 1 0 1 0 0 1 1 1 1 0 1 0 1 0 1 1 0 0 0 1 1 0 1 0 0 1 0
