0 3 8 2 1 5 20 45 68 6 4 7 25 15 10 64 56 27 9 59 11 12 17 19 60 52 13 22 65 31 67 103 34 32 63 92 40 47 26 14 16 37 44 38 72 28 35 39 42 70 69 48 71 21 49 80 30 96 46 18 57 105 50 94 108 51 76 77 23 85 43 62 53 82 73 24 55 33 90 54 87 58 97 75 29 86 83 109 113 91 79 88 61 41 95 98 84 100 107 66 89 110 102 104 114 93 36 74 111 99 117 119 118 78 81 101 106 112 115 116 120 121 0 0 0 0 0 0 0 0 0 0 0 0 0 0 0 0 0 0 0 0 0 0 0 0 0 0 0 0 0 0 0 0 0 0 0 0 0 0 0 0 0 0 0 0 0 0 0 0 0 0 0 0 0 0 0 0 0 0 0 0 0 0 0 0 0 0 0 0 0 0 0 0 0 0 0 0 0 0 0 0 0 0 0 0 0 0 0 0 0 0 0 0 0 0 0 0 0 0 0 0 0 0 0 0 0 0 0 0 0 0 0 0 0 0 0 0 0 0 0 0 0 0
0 1 64 2 3 11 16 8 7 59 50 22 5 23 15 20 13 4 6 26 10 65 27 25 24 100 37 14 21 46 31 45 33 38 71 83 55 17 72 29 54 93 34 28 105 58 36 41 12 60 43 32 74 44 9 40 47 19 69 68 70 30 84 103 56 96 67 63 61 108 52 94 57 107 66 95 77 110 92 18 53 35 42 98 48 51 62 78 39 81 80 82 73 97 75 87 89 117 111 90 101 86 99 79 113 102 76 118 88 104 49 109 112 114 106 115 85 119 91 116 120 121 0 0 0 0 0 0 0 0 0 0 0 0 0 0 0 0 0 0 0 0 0 0 0 0 0 0 0 0 0 0 0 0 0 0 0 0 0 0 0 0 0 0 0 0 0 0 0 0 0 0 0 0 0 0 0 0 0 0 0 0 0 0 0 0 0 0 0 0 0 0 0 0 0 0 0 0 0 0 0 0 0 0 0 0 0 0 0 0 0 0 0 0 0 0 0 0 0 0 0 0 0 0 0 0 0 0 0 0 0 0 0 0 0 0 0 0 0 0 0 0 0 0
0 3 8 2 1 5 20 45 68 6 4 7 25 15 10 64 56 27 9 59 11 12 17 19 60 52 13 22 65 31 67 103 34 32 63 92 40 47 26 14 16 37 44 38 72 28 35 39 42 70 69 48 71 21 49 80 30 96 46 18 57 105 50 94 108 51 76 77 23 85 43 62 53 82 73 24 55 33 90 54 87 58 97 75 29 86 83 109 113 91 79 88 61 41 95 98 84 100 107 66 89 110 102 104 114 93 36 74 111 99 117 119 118 78 81 101 106 112 115 116 120 121 0 0 0 0 0 0 0 0 0 0 0 0 0 0 0 0 0 0 0 0 0 0 0 0 0 0 0 0 0 0 0 0 0 0 0 0 0 0 0 0 0 0 0 0 0 0 0 0 0 0 0 0 0 0 0 0 0 0 0 0 0 0 0 0 0 0 0 0 0 0 0 0 0 0 0 0 0 0 0 0 0 0 0 0 0 0 0 0 0 0 0 0 0 0 0 0 0 0 0 0 0 0 0 0 0 0 0 0 0 0 0 0 0 0 0 0 0 0 0 0 0 0
0 3 1 11 16 8 12 50 19 15 75 64 13 2 23 65 9 5 18 6 43 27 82 33 7 59 14 21 55 22 29 28 96 30 41 36 26 31 52 54 4 74 61 10 24 38 39 95 53 100 84 34 98 87 107 17 20 45 69 32 56 89 44 35 40 68 66 105 37 25 63 71 47 70 108 94 103 60 110 72 58 78 81 93 117 67 80 79 88 92 102 77 46 42 83 57 48 111 99 118 49 76 109 51 85 112 91 62 73 97 86 113 104 90 101 114 119 106 115 116 120 121 0 0 0 0 0 0 0 0 0 0 0 0 0 0 0 0 0 0 0 0 0 0 0 0 0 0 0 0 0 0 0 0 0 0 0 0 0 0 0 0 0 0 0 0 0 0 0 0 0 0 0 0 0 0 0 0 0 0 0 0 0 0 0 0 0 0 0 0 0 0 0 0 0 0 0 0 0 0 0 0 0 0 0 0 0 0 0 0 0 0 0 0 0 0 0 0 0 0 0 0 0 0 0 0 0 0 0 0 0 0 0 0 0 0 0 0 0 0 0 0 0 0
0 2 1 9 4 64 11 5 3 7 37 19 59 8 52 25 12 20 43 14 29 46 41 22 6 16 23 71 50 28 18 26 74 13 82 75 57 24 84 65 107 21 45 31 56 33 83 15 68 103 34 100 69 47 55 27 77 38 53 111 58 36 96 54 87 39 89 30 95 61 66 63 10 105 108 94 17 60 98 32 72 35 67 93 40 44 78 117 42 81 70 92 80 99 48 51 49 79 62 110 109 73 102 88 76 86 85 118 90 104 101 97 91 106 113 112 115 114 116 119 120 121 0 0 0 0 0 0 0 0 0 0 0 0 0 0 0 0 0 0 0 0 0 0 0 0 0 0 0 0 0 0 0 0 0 0 0 0 0 0 0 0 0 0 0 0 0 0 0 0 0 0 0 0 0 0 0 0 0 0 0 0 0 0 0 0 0 0 0 0 0 0 0 0 0 0 0 0 0 0 0 0 0 0 0 0 0 0 0 0 0 0 0 0 0 0 0 0 0 0 0 0 0 0 0 0 0 0 0 0 0 0 0 0 0 0 0 0 0 0 0 0 0 0
0 2 9 1 5 11 64 6 10 16 37 3 8 18 7 15 17 27 71 83 59 72 12 82 23 43 46 32 14 4 38 22 34 93 39 35 20 60 19 68 40 63 57 44 50 26 75 13 29 31 103 67 65 41 33 54 24 36 45 42 47 77 21 92 70 100 52 56 80 53 55 87 48 25 58 89 74 84 96 111 105 108 61 28 79 110 30 66 107 69 94 117 76 95 98 88 102 78 81 49 109 85 91 51 62 73 90 101 86 112 97 113 99 118 104 106 114 115 119 116 120 121 0 0 0 0 0 0 0 0 0 0 0 0 0 0 0 0 0 0 0 0 0 0 0 0 0 0 0 0 0 0 0 0 0 0 0 0 0 0 0 0 0 0 0 0 0 0 0 0 0 0 0 0 0 0 0 0 0 0 0 0 0 0 0 0 0 0 0 0 0 0 0 0 0 0 0 0 0 0 0 0 0 0 0 0 0 0 0 0 0 0 0 0 0 0 0 0 0 0 0 0 0 0 0 0 0 0 0 0 0 0 0 0 0 0 0 0 0 0 0 0 0 0
0 1 3 64 8 2 12 5 6 20 45 10 69 7 37 17 22 15 4 43 71 9 34 46 26 56 52 94 11 13 33 19 27 63 68 83 16 103 18 14 72 93 75 65 82 54 23 59 105 60 21 38 39 29 108 50 53 25 87 57 67 32 92 44 35 40 41 28 61 66 31 36 96 42 55 89 117 74 24 48 30 95 76 99 51 70 58 49 98 47 79 80 78 81 109 100 112 85 91 62 84 110 102 77 111 88 73 86 107 104 118 97 114 90 113 119 101 106 115 116 120 121 0 0 0 0 0 0 0 0 0 0 0 0 0 0 0 0 0 0 0 0 0 0 0 0 0 0 0 0 0 0 0 0 0 0 0 0 0 0 0 0 0 0 0 0 0 0 0 0 0 0 0 0 0 0 0 0 0 0 0 0 0 0 0 0 0 0 0 0 0 0 0 0 0 0 0 0 0 0 0 0 0 0 0 0 0 0 0 0 0 0 0 0 0 0 0 0 0 0 0 0 0 0 0 0 0 0 0 0 0 0 0 0 0 0 0 0 0 0 0 0 0 0
0 2 4 3 8 7 12 59 15 1 27 9 11 43 19 13 64 33 16 75 23 31 5 20 24 18 100 37 22 65 34 50 84 105 68 25 28 63 6 54 82 71 108 52 30 83 107 45 69 10 61 26 17 60 14 47 110 21 67 95 96 29 55 46 32 92 41 72 35 103 36 77 98 56 42 74 111 38 93 66 94 78 58 48 49 57 51 62 117 79 88 109 53 81 39 87 73 40 90 76 85 44 101 91 70 97 106 86 89 112 80 99 118 115 116 102 104 113 120 114 119 121 0 0 0 0 0 0 0 0 0 0 0 0 0 0 0 0 0 0 0 0 0 0 0 0 0 0 0 0 0 0 0 0 0 0 0 0 0 0 0 0 0 0 0 0 0 0 0 0 0 0 0 0 0 0 0 0 0 0 0 0 0 0 0 0 0 0 0 0 0 0 0 0 0 0 0 0 0 0 0 0 0 0 0 0 0 0 0 0 0 0 0 0 0 0 0 0 0 0 0 0 0 0 0 0 0 0 0 0 0 0 0 0 0 0 0 0 0 0 0 0 0 0
0 2 3 8 15 7 1 59 14 29 41 11 13 65 5 74 16 31 23 22 50 19 28 4 6 20 30 26 64 95 9 34 33 54 45 18 61 82 69 27 12 52 75 21 66 63 37 68 10 103 105 108 36 71 46 55 38 58 57 83 94 56 47 43 17 24 96 25 84 107 100 77 53 111 87 39 89 79 98 88 32 40 72 78 35 60 42 110 81 67 76 93 44 92 70 117 99 80 118 48 49 85 51 62 109 112 73 90 101 102 106 97 113 86 91 104 115 114 119 116 120 121 0 0 0 0 0 0 0 0 0 0 0 0 0 0 0 0 0 0 0 0 0 0 0 0 0 0 0 0 0 0 0 0 0 0 0 0 0 0 0 0 0 0 0 0 0 0 0 0 0 0 0 0 0 0 0 0 0 0 0 0 0 0 0 0 0 0 0 0 0 0 0 0 0 0 0 0 0 0 0 0 0 0 0 0 0 0 0 0 0 0 0 0 0 0 0 0 0 0 0 0 0 0 0 0 0 0 0 0 0 0 0 0 0 0 0 0 0 0 0 0 0 0
0 3 1 11 16 8 12 50 19 15 75 64 13 2 23 65 9 5 18 6 43 27 82 33 7 59 14 21 55 22 29 28 96 30 41 36 26 31 52 54 4 74 61 10 24 38 39 95 53 100 84 34 98 87 107 17 20 45 69 32 56 89 44 35 40 68 66 105 37 25 63 71 47 70 108 94 103 60 110 72 58 78 81 93 117 67 80 79 88 92 102 77 46 42 83 57 48 111 99 118 49 76 109 51 85 112 91 62 73 97 86 113 104 90 101 114 119 106 115 116 120 121 0 0 0 0 0 0 0 0 0 0 0 0 0 0 0 0 0 0 0 0 0 0 0 0 0 0 0 0 0 0 0 0 0 0 0 0 0 0 0 0 0 0 0 0 0 0 0 0 0 0 0 0 0 0 0 0 0 0 0 0 0 0 0 0 0 0 0 0 0 0 0 0 0 0 0 0 0 0 0 0 0 0 0 0 0 0 0 0 0 0 0 0 0 0 0 0 0 0 0 0 0 0 0 0 0 0 0 0 0 0 0 0 0 0 0 0 0 0 0 0 0 0
0 2 9 1 5 11 64 6 10 16 37 3 8 18 7 15 17 27 71 83 59 72 12 82 23 43 46 32 14 4 38 22 34 93 39 35 20 60 19 68 40 63 57 44 50 26 75 13 29 31 103 67 65 41 33 54 24 36 45 42 47 77 21 92 70 100 52 56 80 53 55 87 48 25 58 89 74 84 96 111 105 108 61 28 79 110 30 66 107 69 94 117 76 95 98 88 102 78 81 49 109 85 91 51 62 73 90 101 86 112 97 113 99 118 104 106 114 115 119 116 120 121 0 0 0 0 0 0 0 0 0 0 0 0 0 0 0 0 0 0 0 0 0 0 0 0 0 0 0 0 0 0 0 0 0 0 0 0 0 0 0 0 0 0 0 0 0 0 0 0 0 0 0 0 0 0 0 0 0 0 0 0 0 0 0 0 0 0 0 0 0 0 0 0 0 0 0 0 0 0 0 0 0 0 0 0 0 0 0 0 0 0 0 0 0 0 0 0 0 0 0 0 0 0 0 0 0 0 0 0 0 0 0 0 0 0 0 0 0 0 0 0 0 0
0 2 3 8 15 7 1 59 14 29 41 11 13 65 5 74 16 31 23 22 50 19 28 4 6 20 30 26 64 95 9 34 33 54 45 18 61 82 69 27 12 52 75 21 66 63 37 68 10 103 105 108 36 71 46 55 38 58 57 83 94 56 47 43 17 24 96 25 84 107 100 77 53 111 87 39 89 79 98 88 32 40 72 78 35 60 42 110 81 67 76 93 44 92 70 117 99 80 118 48 49 85 51 62 109 112 73 90 101 102 106 97 113 86 91 104 115 114 119 116 120 121 0 0 0 0 0 0 0 0 0 0 0 0 0 0 0 0 0 0 0 0 0 0 0 0 0 0 0 0 0 0 0 0 0 0 0 0 0 0 0 0 0 0 0 0 0 0 0 0 0 0 0 0 0 0 0 0 0 0 0 0 0 0 0 0 0 0 0 0 0 0 0 0 0 0 0 0 0 0 0 0 0 0 0 0 0 0 0 0 0 0 0 0 0 0 0 0 0 0 0 0 0 0 0 0 0 0 0 0 0 0 0 0 0 0 0 0 0 0 0 0 0 0
0 1 3 64 8 2 12 5 6 20 45 10 69 7 37 17 22 15 4 43 71 9 34 46 26 56 52 94 11 13 33 19 27 63 68 83 16 103 18 14 72 93 75 65 82 54 23 59 105 60 21 38 39 29 108 50 53 25 87 57 67 32 92 44 35 40 41 28 61 66 31 36 96 42 55 89 117 74 24 48 30 95 76 99 51 70 58 49 98 47 79 80 78 81 109 100 112 85 91 62 84 110 102 77 111 88 73 86 107 104 118 97 114 90 113 119 101 106 115 116 120 121 0 0 0 0 0 0 0 0 0 0 0 0 0 0 0 0 0 0 0 0 0 0 0 0 0 0 0 0 0 0 0 0 0 0 0 0 0 0 0 0 0 0 0 0 0 0 0 0 0 0 0 0 0 0 0 0 0 0 0 0 0 0 0 0 0 0 0 0 0 0 0 0 0 0 0 0 0 0 0 0 0 0 0 0 0 0 0 0 0 0 0 0 0 0 0 0 0 0 0 0 0 0 0 0 0 0 0 0 0 0 0 0 0 0 0 0 0 0 0 0 0 0
0 2 3 8 15 7 1 59 14 29 41 11 13 65 5 74 16 31 23 22 50 19 28 4 6 20 30 26 64 95 9 34 33 54 45 18 61 82 69 27 12 52 75 21 66 63 37 68 10 103 105 108 36 71 46 55 38 58 57 83 94 56 47 43 17 24 96 25 84 107 100 77 53 111 87 39 89 79 98 88 32 40 72 78 35 60 42 110 81 67 76 93 44 92 70 117 99 80 118 48 49 85 51 62 109 112 73 90 101 102 106 97 113 86 91 104 115 114 119 116 120 121 0 0 0 0 0 0 0 0 0 0 0 0 0 0 0 0 0 0 0 0 0 0 0 0 0 0 0 0 0 0 0 0 0 0 0 0 0 0 0 0 0 0 0 0 0 0 0 0 0 0 0 0 0 0 0 0 0 0 0 0 0 0 0 0 0 0 0 0 0 0 0 0 0 0 0 0 0 0 0 0 0 0 0 0 0 0 0 0 0 0 0 0 0 0 0 0 0 0 0 0 0 0 0 0 0 0 0 0 0 0 0 0 0 0 0 0 0 0 0 0 0 0
0 2 1 9 4 64 11 5 3 7 37 19 59 8 52 25 12 20 43 14 29 46 41 22 6 16 23 71 50 28 18 26 74 13 82 75 57 24 84 65 107 21 45 31 56 33 83 15 68 103 34 100 69 47 55 27 77 38 53 111 58 36 96 54 87 39 89 30 95 61 66 63 10 105 108 94 17 60 98 32 72 35 67 93 40 44 78 117 42 81 70 92 80 99 48 51 49 79 62 110 109 73 102 88 76 86 85 118 90 104 101 97 91 106 113 112 115 114 116 119 120 121 0 0 0 0 0 0 0 0 0 0 0 0 0 0 0 0 0 0 0 0 0 0 0 0 0 0 0 0 0 0 0 0 0 0 0 0 0 0 0 0 0 0 0 0 0 0 0 0 0 0 0 0 0 0 0 0 0 0 0 0 0 0 0 0 0 0 0 0 0 0 0 0 0 0 0 0 0 0 0 0 0 0 0 0 0 0 0 0 0 0 0 0 0 0 0 0 0 0 0 0 0 0 0 0 0 0 0 0 0 0 0 0 0 0 0 0 0 0 0 0 0 0
0 1 3 12 43 11 13 7 22 59 34 65 16 14 50 2 33 54 63 64 28 5 8 15 9 26 27 4 38 6 18 61 10 66 19 75 39 82 31 29 17 37 71 36 30 46 72 52 53 23 60 21 57 55 32 40 35 24 84 67 78 58 107 42 93 96 81 20 44 70 92 87 68 100 83 105 95 45 89 99 48 47 80 69 79 77 56 110 108 103 51 94 117 118 41 49 88 109 74 112 98 111 102 25 76 62 73 85 86 90 101 91 97 113 106 104 115 114 116 120 119 121 0 0 0 0 0 0 0 0 0 0 0 0 0 0 0 0 0 0 0 0 0 0 0 0 0 0 0 0 0 0 0 0 0 0 0 0 0 0 0 0 0 0 0 0 0 0 0 0 0 0 0 0 0 0 0 0 0 0 0 0 0 0 0 0 0 0 0 0 0 0 0 0 0 0 0 0 0 0 0 0 0 0 0 0 0 0 0 0 0 0 0 0 0 0 0 0 0 0 0 0 0 0 0 0 0 0 0 0 0 0 0 0 0 0 0 0 0 0 0 0 0 0
0 3 2 8 9 5 52 37 6 12 43 20 46 4 1 11 71 25 10 7 13 15 68 19 57 31 27 59 45 83 16 56 14 33 69 50 54 64 21 65 18 23 22 82 38 103 53 75 94 87 34 28 61 17 29 105 72 30 26 36 93 39 32 89 35 40 55 60 95 58 98 63 66 47 24 77 100 84 110 108 78 41 44 107 67 92 96 74 111 79 88 70 99 80 102 81 118 42 76 85 91 117 48 49 51 109 62 73 86 97 112 90 101 104 114 113 106 115 119 116 120 121 0 0 0 0 0 0 0 0 0 0 0 0 0 0 0 0 0 0 0 0 0 0 0 0 0 0 0 0 0 0 0 0 0 0 0 0 0 0 0 0 0 0 0 0 0 0 0 0 0 0 0 0 0 0 0 0 0 0 0 0 0 0 0 0 0 0 0 0 0 0 0 0 0 0 0 0 0 0 0 0 0 0 0 0 0 0 0 0 0 0 0 0 0 0 0 0 0 0 0 0 0 0 0 0 0 0 0 0 0 0 0 0 0 0 0 0 0 0 0 0 0 0
0 3 1 11 2 13 12 33 5 9 65 6 4 16 43 37 50 18 71 10 8 31 52 23 24 82 20 68 84 7 25 64 19 14 38 83 59 46 17 21 75 39 15 107 22 55 45 34 105 29 60 63 96 67 27 108 57 92 41 32 36 58 53 26 54 44 28 35 30 69 61 79 94 100 95 72 47 56 40 74 66 70 98 88 93 103 110 77 111 117 42 78 81 76 48 85 49 80 91 51 109 62 102 112 73 90 87 86 101 97 113 104 89 99 118 106 115 116 114 119 120 121 0 0 0 0 0 0 0 0 0 0 0 0 0 0 0 0 0 0 0 0 0 0 0 0 0 0 0 0 0 0 0 0 0 0 0 0 0 0 0 0 0 0 0 0 0 0 0 0 0 0 0 0 0 0 0 0 0 0 0 0 0 0 0 0 0 0 0 0 0 0 0 0 0 0 0 0 0 0 0 0 0 0 0 0 0 0 0 0 0 0 0 0 0 0 0 0 0 0 0 0 0 0 0 0 0 0 0 0 0 0 0 0 0 0 0 0 0 0 0 0 0 0
0 3 1 11 2 13 12 33 5 9 65 6 4 16 43 37 50 18 71 10 8 31 52 23 24 82 20 68 84 7 25 64 19 14 38 83 59 46 17 21 75 39 15 107 22 55 45 34 105 29 60 63 96 67 27 108 57 92 41 32 36 58 53 26 54 44 28 35 30 69 61 79 94 100 95 72 47 56 40 74 66 70 98 88 93 103 110 77 111 117 42 78 81 76 48 85 49 80 91 51 109 62 102 112 73 90 87 86 101 97 113 104 89 99 118 106 115 116 114 119 120 121 0 0 0 0 0 0 0 0 0 0 0 0 0 0 0 0 0 0 0 0 0 0 0 0 0 0 0 0 0 0 0 0 0 0 0 0 0 0 0 0 0 0 0 0 0 0 0 0 0 0 0 0 0 0 0 0 0 0 0 0 0 0 0 0 0 0 0 0 0 0 0 0 0 0 0 0 0 0 0 0 0 0 0 0 0 0 0 0 0 0 0 0 0 0 0 0 0 0 0 0 0 0 0 0 0 0 0 0 0 0 0 0 0 0 0 0 0 0 0 0 0 0
0 3 2 8 9 5 52 37 6 12 43 20 46 4 1 11 71 25 10 7 13 15 68 19 57 31 27 59 45 83 16 56 14 33 69 50 54 64 21 65 18 23 22 82 38 103 53 75 94 87 34 28 61 17 29 105 72 30 26 36 93 39 32 89 35 40 55 60 95 58 98 63 66 47 24 77 100 84 110 108 78 41 44 107 67 92 96 74 111 79 88 70 99 80 102 81 118 42 76 85 91 117 48 49 51 109 62 73 86 97 112 90 101 104 114 113 106 115 119 116 120 121 0 0 0 0 0 0 0 0 0 0 0 0 0 0 0 0 0 0 0 0 0 0 0 0 0 0 0 0 0 0 0 0 0 0 0 0 0 0 0 0 0 0 0 0 0 0 0 0 0 0 0 0 0 0 0 0 0 0 0 0 0 0 0 0 0 0 0 0 0 0 0 0 0 0 0 0 0 0 0 0 0 0 0 0 0 0 0 0 0 0 0 0 0 0 0 0 0 0 0 0 0 0 0 0 0 0 0 0 0 0 0 0 0 0 0 0 0 0 0 0 0 0
0 1 64 3 7 2 11 8 12 15 9 13 19 33 27 22 28 43 31 16 50 52 75 65 18 5 20 59 37 71 46 83 4 25 6 26 14 10 29 82 30 21 55 58 38 96 53 36 23 54 39 95 41 79 61 34 98 87 24 74 88 89 17 63 47 84 60 100 110 45 32 105 68 72 69 56 103 44 40 107 70 67 94 93 80 92 57 35 42 99 48 108 102 76 51 118 66 85 117 62 77 91 73 90 111 49 78 86 104 114 81 97 101 113 106 109 115 119 112 116 120 121 0 0 0 0 0 0 0 0 0 0 0 0 0 0 0 0 0 0 0 0 0 0 0 0 0 0 0 0 0 0 0 0 0 0 0 0 0 0 0 0 0 0 0 0 0 0 0 0 0 0 0 0 0 0 0 0 0 0 0 0 0 0 0 0 0 0 0 0 0 0 0 0 0 0 0 0 0 0 0 0 0 0 0 0 0 0 0 0 0 0 0 0 0 0 0 0 0 0 0 0 0 0 0 0 0 0 0 0 0 0 0 0 0 0 0 0 0 0 0 0 0 0
0 1 64 3 7 2 11 8 12 15 9 13 19 33 27 22 28 43 31 16 50 52 75 65 18 5 20 59 37 71 46 83 4 25 6 26 14 10 29 82 30 21 55 58 38 96 53 36 23 54 39 95 41 79 61 34 98 87 24 74 88 89 17 63 47 84 60 100 110 45 32 105 68 72 69 56 103 44 40 107 70 67 94 93 80 92 57 35 42 99 48 108 102 76 51 118 66 85 117 62 77 91 73 90 111 49 78 86 104 114 81 97 101 113 106 109 115 119 112 116 120 121 0 0 0 0 0 0 0 0 0 0 0 0 0 0 0 0 0 0 0 0 0 0 0 0 0 0 0 0 0 0 0 0 0 0 0 0 0 0 0 0 0 0 0 0 0 0 0 0 0 0 0 0 0 0 0 0 0 0 0 0 0 0 0 0 0 0 0 0 0 0 0 0 0 0 0 0 0 0 0 0 0 0 0 0 0 0 0 0 0 0 0 0 0 0 0 0 0 0 0 0 0 0 0 0 0 0 0 0 0 0 0 0 0 0 0 0 0 0 0 0 0 0
0 1 64 3 7 2 11 8 12 15 9 13 19 33 27 22 28 43 31 16 50 52 75 65 18 5 20 59 37 71 46 83 4 25 6 26 14 10 29 82 30 21 55 58 38 96 53 36 23 54 39 95 41 79 61 34 98 87 24 74 88 89 17 63 47 84 60 100 110 45 32 105 68 72 69 56 103 44 40 107 70 67 94 93 80 92 57 35 42 99 48 108 102 76 51 118 66 85 117 62 77 91 73 90 111 49 78 86 104 114 81 97 101 113 106 109 115 119 112 116 120 121 0 0 0 0 0 0 0 0 0 0 0 0 0 0 0 0 0 0 0 0 0 0 0 0 0 0 0 0 0 0 0 0 0 0 0 0 0 0 0 0 0 0 0 0 0 0 0 0 0 0 0 0 0 0 0 0 0 0 0 0 0 0 0 0 0 0 0 0 0 0 0 0 0 0 0 0 0 0 0 0 0 0 0 0 0 0 0 0 0 0 0 0 0 0 0 0 0 0 0 0 0 0 0 0 0 0 0 0 0 0 0 0 0 0 0 0 0 0 0 0 0 0
0 2 5 3 37 4 6 9 7 1 8 10 20 52 11 12 13 16 43 68 103 25 15 64 59 18 14 22 29 28 45 26 21 38 50 19 65 96 23 24 100 84 55 34 63 39 30 58 95 46 71 41 74 83 98 79 107 88 75 27 36 82 17 32 35 33 56 72 44 57 69 53 31 70 60 40 105 94 67 54 61 42 108 76 48 110 51 92 85 49 66 91 78 81 47 77 93 117 80 87 111 62 109 112 89 73 86 99 118 97 113 102 90 101 104 114 119 106 115 116 120 121 0 0 0 0 0 0 0 0 0 0 0 0 0 0 0 0 0 0 0 0 0 0 0 0 0 0 0 0 0 0 0 0 0 0 0 0 0 0 0 0 0 0 0 0 0 0 0 0 0 0 0 0 0 0 0 0 0 0 0 0 0 0 0 0 0 0 0 0 0 0 0 0 0 0 0 0 0 0 0 0 0 0 0 0 0 0 0 0 0 0 0 0 0 0 0 0 0 0 0 0 0 0 0 0 0 0 0 0 0 0 0 0 0 0 0 0 0 0 0 0 0 0
0 2 5 3 37 4 6 9 7 1 8 10 20 52 11 12 13 16 43 68 103 25 15 64 59 18 14 22 29 28 45 26 21 38 50 19 65 96 23 24 100 84 55 34 63 39 30 58 95 46 71 41 74 83 98 79 107 88 75 27 36 82 17 32 35 33 56 72 44 57 69 53 31 70 60 40 105 94 67 54 61 42 108 76 48 110 51 92 85 49 66 91 78 81 47 77 93 117 80 87 111 62 109 112 89 73 86 99 118 97 113 102 90 101 104 114 119 106 115 116 120 121 0 0 0 0 0 0 0 0 0 0 0 0 0 0 0 0 0 0 0 0 0 0 0 0 0 0 0 0 0 0 0 0 0 0 0 0 0 0 0 0 0 0 0 0 0 0 0 0 0 0 0 0 0 0 0 0 0 0 0 0 0 0 0 0 0 0 0 0 0 0 0 0 0 0 0 0 0 0 0 0 0 0 0 0 0 0 0 0 0 0 0 0 0 0 0 0 0 0 0 0 0 0 0 0 0 0 0 0 0 0 0 0 0 0 0 0 0 0 0 0 0 0
0 2 5 3 37 4 6 9 7 1 8 10 20 52 11 12 13 16 43 68 103 25 15 64 59 18 14 22 29 28 45 26 21 38 50 19 65 96 23 24 100 84 55 34 63 39 30 58 95 46 71 41 74 83 98 79 107 88 75 27 36 82 17 32 35 33 56 72 44 57 69 53 31 70 60 40 105 94 67 54 61 42 108 76 48 110 51 92 85 49 66 91 78 81 47 77 93 117 80 87 111 62 109 112 89 73 86 99 118 97 113 102 90 101 104 114 119 106 115 116 120 121 0 0 0 0 0 0 0 0 0 0 0 0 0 0 0 0 0 0 0 0 0 0 0 0 0 0 0 0 0 0 0 0 0 0 0 0 0 0 0 0 0 0 0 0 0 0 0 0 0 0 0 0 0 0 0 0 0 0 0 0 0 0 0 0 0 0 0 0 0 0 0 0 0 0 0 0 0 0 0 0 0 0 0 0 0 0 0 0 0 0 0 0 0 0 0 0 0 0 0 0 0 0 0 0 0 0 0 0 0 0 0 0 0 0 0 0 0 0 0 0 0 0
0 3 1 7 12 2 4 11 43 59 8 19 64 15 13 65 22 31 27 5 37 34 14 28 9 25 63 47 77 75 16 6 50 21 23 52 20 29 68 46 103 71 57 38 55 41 74 39 53 26 96 87 58 10 17 33 32 83 89 54 61 105 36 24 30 84 18 108 82 107 45 100 79 69 56 94 95 72 35 88 98 42 111 60 40 67 76 44 85 70 91 110 66 93 80 92 102 117 99 118 48 49 78 109 51 62 112 73 90 81 86 104 97 114 101 113 106 119 115 116 120 121 0 0 0 0 0 0 0 0 0 0 0 0 0 0 0 0 0 0 0 0 0 0 0 0 0 0 0 0 0 0 0 0 0 0 0 0 0 0 0 0 0 0 0 0 0 0 0 0 0 0 0 0 0 0 0 0 0 0 0 0 0 0 0 0 0 0 0 0 0 0 0 0 0 0 0 0 0 0 0 0 0 0 0 0 0 0 0 0 0 0 0 0 0 0 0 0 0 0 0 0 0 0 0 0 0 0 0 0 0 0 0 0 0 0 0 0 0 0 0 0 0 0
0 3 1 7 12 2 4 11 43 59 8 19 64 15 13 65 22 31 27 5 37 34 14 28 9 25 63 47 77 75 16 6 50 21 23 52 20 29 68 46 103 71 57 38 55 41 74 39 53 26 96 87 58 10 17 33 32 83 89 54 61 105 36 24 30 84 18 108 82 107 45 100 79 69 56 94 95 72 35 88 98 42 111 60 40 67 76 44 85 70 91 110 66 93 80 92 102 117 99 118 48 49 78 109 51 62 112 73 90 81 86 104 97 114 101 113 106 119 115 116 120 121 0 0 0 0 0 0 0 0 0 0 0 0 0 0 0 0 0 0 0 0 0 0 0 0 0 0 0 0 0 0 0 0 0 0 0 0 0 0 0 0 0 0 0 0 0 0 0 0 0 0 0 0 0 0 0 0 0 0 0 0 0 0 0 0 0 0 0 0 0 0 0 0 0 0 0 0 0 0 0 0 0 0 0 0 0 0 0 0 0 0 0 0 0 0 0 0 0 0 0 0 0 0 0 0 0 0 0 0 0 0 0 0 0 0 0 0 0 0 0 0 0 0
0 2 1 11 16 9 13 4 25 52 19 33 3 31 5 8 37 6 65 12 7 59 20 64 54 14 29 50 45 38 71 68 41 75 56 18 23 74 103 39 69 21 22 43 82 28 61 46 26 15 24 57 94 105 83 10 66 30 34 27 100 17 55 96 32 47 53 40 63 95 108 87 98 44 84 107 70 35 36 77 111 60 72 67 58 89 80 92 42 79 88 76 102 85 110 48 78 99 81 93 117 51 91 118 62 49 109 73 112 97 113 90 101 86 106 115 116 104 114 119 120 121 0 0 0 0 0 0 0 0 0 0 0 0 0 0 0 0 0 0 0 0 0 0 0 0 0 0 0 0 0 0 0 0 0 0 0 0 0 0 0 0 0 0 0 0 0 0 0 0 0 0 0 0 0 0 0 0 0 0 0 0 0 0 0 0 0 0 0 0 0 0 0 0 0 0 0 0 0 0 0 0 0 0 0 0 0 0 0 0 0 0 0 0 0 0 0 0 0 0 0 0 0 0 0 0 0 0 0 0 0 0 0 0 0 0 0 0 0 0 0 0 0 0
0 1 11 19 75 2 9 16 23 64 5 4 13 18 6 65 31 25 52 24 84 3 12 50 20 68 43 37 105 45 7 14 22 26 59 21 38 96 28 55 39 8 15 33 29 100 54 107 10 53 87 103 41 61 46 57 58 17 72 56 32 93 69 71 34 27 63 30 83 108 47 77 36 40 82 60 95 44 110 35 74 94 89 67 92 99 70 98 80 118 111 117 66 79 88 78 81 42 48 49 51 62 76 73 97 113 102 90 85 109 101 91 106 115 112 116 86 104 120 114 119 121 0 0 0 0 0 0 0 0 0 0 0 0 0 0 0 0 0 0 0 0 0 0 0 0 0 0 0 0 0 0 0 0 0 0 0 0 0 0 0 0 0 0 0 0 0 0 0 0 0 0 0 0 0 0 0 0 0 0 0 0 0 0 0 0 0 0 0 0 0 0 0 0 0 0 0 0 0 0 0 0 0 0 0 0 0 0 0 0 0 0 0 0 0 0 0 0 0 0 0 0 0 0 0 0 0 0 0 0 0 0 0 0 0 0 0 0 0 0 0 0 0 0
0 1 11 19 75 2 9 16 23 64 5 4 13 18 6 65 31 25 52 24 84 3 12 50 20 68 43 37 105 45 7 14 22 26 59 21 38 96 28 55 39 8 15 33 29 100 54 107 10 53 87 103 41 61 46 57 58 17 72 56 32 93 69 71 34 27 63 30 83 108 47 77 36 40 82 60 95 44 110 35 74 94 89 67 92 99 70 98 80 118 111 117 66 79 88 78 81 42 48 49 51 62 76 73 97 113 102 90 85 109 101 91 106 115 112 116 86 104 120 114 119 121 0 0 0 0 0 0 0 0 0 0 0 0 0 0 0 0 0 0 0 0 0 0 0 0 0 0 0 0 0 0 0 0 0 0 0 0 0 0 0 0 0 0 0 0 0 0 0 0 0 0 0 0 0 0 0 0 0 0 0 0 0 0 0 0 0 0 0 0 0 0 0 0 0 0 0 0 0 0 0 0 0 0 0 0 0 0 0 0 0 0 0 0 0 0 0 0 0 0 0 0 0 0 0 0 0 0 0 0 0 0 0 0 0 0 0 0 0 0 0 0 0 0
0 3 12 43 2 8 15 1 4 25 27 9 5 37 64 6 7 59 46 52 22 10 34 14 38 21 11 17 28 55 29 96 30 19 41 16 50 75 13 23 65 18 82 33 71 31 54 60 26 24 20 67 72 47 68 57 77 45 39 53 61 83 69 95 84 94 32 93 35 58 98 105 40 92 107 103 100 36 56 63 66 108 42 110 87 89 74 79 88 111 44 70 48 51 62 117 73 90 86 76 49 97 85 91 109 80 78 112 99 113 102 81 101 106 115 118 116 120 104 114 119 121 0 0 0 0 0 0 0 0 0 0 0 0 0 0 0 0 0 0 0 0 0 0 0 0 0 0 0 0 0 0 0 0 0 0 0 0 0 0 0 0 0 0 0 0 0 0 0 0 0 0 0 0 0 0 0 0 0 0 0 0 0 0 0 0 0 0 0 0 0 0 0 0 0 0 0 0 0 0 0 0 0 0 0 0 0 0 0 0 0 0 0 0 0 0 0 0 0 0 0 0 0 0 0 0 0 0 0 0 0 0 0 0 0 0 0 0 0 0 0 0 0 0
0 3 1 64 12 8 11 16 15 19 50 23 2 27 7 43 75 22 34 59 14 28 26 9 5 29 52 37 38 36 46 20 68 6 30 53 45 71 56 95 57 63 10 87 89 21 55 58 41 18 17 74 39 82 103 79 4 13 24 65 84 96 32 107 105 108 33 31 54 88 100 61 35 98 66 25 83 40 47 42 76 77 44 48 70 72 49 69 51 93 62 73 80 97 102 94 109 86 117 78 85 90 113 112 104 81 91 114 119 111 60 101 106 110 115 67 116 120 92 99 118 121 0 0 0 0 0 0 0 0 0 0 0 0 0 0 0 0 0 0 0 0 0 0 0 0 0 0 0 0 0 0 0 0 0 0 0 0 0 0 0 0 0 0 0 0 0 0 0 0 0 0 0 0 0 0 0 0 0 0 0 0 0 0 0 0 0 0 0 0 0 0 0 0 0 0 0 0 0 0 0 0 0 0 0 0 0 0 0 0 0 0 0 0 0 0 0 0 0 0 0 0 0 0 0 0 0 0 0 0 0 0 0 0 0 0 0 0 0 0 0 0 0 0
0 1 3 12 64 43 8 2 7 22 34 11 15 9 52 26 5 14 59 6 4 16 28 25 50 13 30 20 37 38 63 46 23 71 27 18 45 19 57 29 69 24 100 68 83 10 103 65 17 21 33 56 72 32 96 55 44 84 58 107 53 36 75 82 95 31 94 39 54 47 61 41 66 35 70 105 87 60 108 74 110 78 40 93 117 81 80 77 89 67 98 42 111 92 102 48 49 79 51 109 112 88 62 73 99 90 86 104 118 101 114 106 76 97 113 115 85 91 116 119 120 121 0 0 0 0 0 0 0 0 0 0 0 0 0 0 0 0 0 0 0 0 0 0 0 0 0 0 0 0 0 0 0 0 0 0 0 0 0 0 0 0 0 0 0 0 0 0 0 0 0 0 0 0 0 0 0 0 0 0 0 0 0 0 0 0 0 0 0 0 0 0 0 0 0 0 0 0 0 0 0 0 0 0 0 0 0 0 0 0 0 0 0 0 0 0 0 0 0 0 0 0 0 0 0 0 0 0 0 0 0 0 0 0 0 0 0 0 0 0 0 0 0 0
0 3 12 1 7 64 2 43 9 4 14 52 8 25 15 59 22 11 16 26 5 34 50 6 28 18 82 19 13 30 20 33 95 98 65 23 21 75 45 55 58 79 105 54 27 68 10 29 69 37 41 56 103 74 36 71 94 61 83 31 38 96 39 47 77 53 63 88 24 108 46 84 111 100 87 107 66 57 89 17 60 32 35 44 72 70 42 76 85 78 81 48 91 51 110 93 67 62 73 40 97 113 90 92 49 99 101 117 86 118 109 80 106 112 102 115 116 104 114 120 119 121 0 0 0 0 0 0 0 0 0 0 0 0 0 0 0 0 0 0 0 0 0 0 0 0 0 0 0 0 0 0 0 0 0 0 0 0 0 0 0 0 0 0 0 0 0 0 0 0 0 0 0 0 0 0 0 0 0 0 0 0 0 0 0 0 0 0 0 0 0 0 0 0 0 0 0 0 0 0 0 0 0 0 0 0 0 0 0 0 0 0 0 0 0 0 0 0 0 0 0 0 0 0 0 0 0 0 0 0 0 0 0 0 0 0 0 0 0 0 0 0 0 0
0 1 3 12 64 43 8 2 7 22 34 11 15 9 52 26 5 14 59 6 4 16 28 25 50 13 30 20 37 38 63 46 23 71 27 18 45 19 57 29 69 24 100 68 83 10 103 65 17 21 33 56 72 32 96 55 44 84 58 107 53 36 75 82 95 31 94 39 54 47 61 41 66 35 70 105 87 60 108 74 110 78 40 93 117 81 80 77 89 67 98 42 111 92 102 48 49 79 51 109 112 88 62 73 99 90 86 104 118 101 114 106 76 97 113 115 85 91 116 119 120 121 0 0 0 0 0 0 0 0 0 0 0 0 0 0 0 0 0 0 0 0 0 0 0 0 0 0 0 0 0 0 0 0 0 0 0 0 0 0 0 0 0 0 0 0 0 0 0 0 0 0 0 0 0 0 0 0 0 0 0 0 0 0 0 0 0 0 0 0 0 0 0 0 0 0 0 0 0 0 0 0 0 0 0 0 0 0 0 0 0 0 0 0 0 0 0 0 0 0 0 0 0 0 0 0 0 0 0 0 0 0 0 0 0 0 0 0 0 0 0 0 0 0
0 3 12 43 2 8 15 1 4 25 27 9 5 37 64 6 7 59 46 52 22 10 34 14 38 21 11 17 28 55 29 96 30 19 41 16 50 75 13 23 65 18 82 33 71 31 54 60 26 24 20 67 72 47 68 57 77 45 39 53 61 83 69 95 84 94 32 93 35 58 98 105 40 92 107 103 100 36 56 63 66 108 42 110 87 89 74 79 88 111 44 70 48 51 62 117 73 90 86 76 49 97 85 91 109 80 78 112 99 113 102 81 101 106 115 118 116 120 104 114 119 121 0 0 0 0 0 0 0 0 0 0 0 0 0 0 0 0 0 0 0 0 0 0 0 0 0 0 0 0 0 0 0 0 0 0 0 0 0 0 0 0 0 0 0 0 0 0 0 0 0 0 0 0 0 0 0 0 0 0 0 0 0 0 0 0 0 0 0 0 0 0 0 0 0 0 0 0 0 0 0 0 0 0 0 0 0 0 0 0 0 0 0 0 0 0 0 0 0 0 0 0 0 0 0 0 0 0 0 0 0 0 0 0 0 0 0 0 0 0 0 0 0 0
0 3 12 43 2 8 15 1 4 25 27 9 5 37 64 6 7 59 46 52 22 10 34 14 38 21 11 17 28 55 29 96 30 19 41 16 50 75 13 23 65 18 82 33 71 31 54 60 26 24 20 67 72 47 68 57 77 45 39 53 61 83 69 95 84 94 32 93 35 58 98 105 40 92 107 103 100 36 56 63 66 108 42 110 87 89 74 79 88 111 44 70 48 51 62 117 73 90 86 76 49 97 85 91 109 80 78 112 99 113 102 81 101 106 115 118 116 120 104 114 119 121 0 0 0 0 0 0 0 0 0 0 0 0 0 0 0 0 0 0 0 0 0 0 0 0 0 0 0 0 0 0 0 0 0 0 0 0 0 0 0 0 0 0 0 0 0 0 0 0 0 0 0 0 0 0 0 0 0 0 0 0 0 0 0 0 0 0 0 0 0 0 0 0 0 0 0 0 0 0 0 0 0 0 0 0 0 0 0 0 0 0 0 0 0 0 0 0 0 0 0 0 0 0 0 0 0 0 0 0 0 0 0 0 0 0 0 0 0 0 0 0 0 0
0 3 12 1 7 64 2 43 9 4 14 52 8 25 15 59 22 11 16 26 5 34 50 6 28 18 82 19 13 30 20 33 95 98 65 23 21 75 45 55 58 79 105 54 27 68 10 29 69 37 41 56 103 74 36 71 94 61 83 31 38 96 39 47 77 53 63 88 24 108 46 84 111 100 87 107 66 57 89 17 60 32 35 44 72 70 42 76 85 78 81 48 91 51 110 93 67 62 73 40 97 113 90 92 49 99 101 117 86 118 109 80 106 112 102 115 116 104 114 120 119 121 0 0 0 0 0 0 0 0 0 0 0 0 0 0 0 0 0 0 0 0 0 0 0 0 0 0 0 0 0 0 0 0 0 0 0 0 0 0 0 0 0 0 0 0 0 0 0 0 0 0 0 0 0 0 0 0 0 0 0 0 0 0 0 0 0 0 0 0 0 0 0 0 0 0 0 0 0 0 0 0 0 0 0 0 0 0 0 0 0 0 0 0 0 0 0 0 0 0 0 0 0 0 0 0 0 0 0 0 0 0 0 0 0 0 0 0 0 0 0 0 0 0
0 1 3 12 64 43 8 2 7 22 34 11 15 9 52 26 5 14 59 6 4 16 28 25 50 13 30 20 37 38 63 46 23 71 27 18 45 19 57 29 69 24 100 68 83 10 103 65 17 21 33 56 72 32 96 55 44 84 58 107 53 36 75 82 95 31 94 39 54 47 61 41 66 35 70 105 87 60 108 74 110 78 40 93 117 81 80 77 89 67 98 42 111 92 102 48 49 79 51 109 112 88 62 73 99 90 86 104 118 101 114 106 76 97 113 115 85 91 116 119 120 121 0 0 0 0 0 0 0 0 0 0 0 0 0 0 0 0 0 0 0 0 0 0 0 0 0 0 0 0 0 0 0 0 0 0 0 0 0 0 0 0 0 0 0 0 0 0 0 0 0 0 0 0 0 0 0 0 0 0 0 0 0 0 0 0 0 0 0 0 0 0 0 0 0 0 0 0 0 0 0 0 0 0 0 0 0 0 0 0 0 0 0 0 0 0 0 0 0 0 0 0 0 0 0 0 0 0 0 0 0 0 0 0 0 0 0 0 0 0 0 0 0 0
0 2 4 5 9 25 6 37 20 52 71 83 3 45 1 10 46 64 11 17 69 56 13 72 93 16 7 50 94 12 43 14 21 19 38 60 22 68 59 31 18 103 39 65 32 40 35 42 29 76 82 75 28 34 8 47 30 53 48 67 87 51 55 23 57 77 41 74 15 105 62 58 73 33 117 79 97 90 24 111 54 49 88 86 109 85 96 84 100 44 26 61 63 66 95 98 89 78 81 27 70 110 80 101 108 36 107 112 92 99 118 102 91 113 106 104 115 114 116 120 119 121 0 0 0 0 0 0 0 0 0 0 0 0 0 0 0 0 0 0 0 0 0 0 0 0 0 0 0 0 0 0 0 0 0 0 0 0 0 0 0 0 0 0 0 0 0 0 0 0 0 0 0 0 0 0 0 0 0 0 0 0 0 0 0 0 0 0 0 0 0 0 0 0 0 0 0 0 0 0 0 0 0 0 0 0 0 0 0 0 0 0 0 0 0 0 0 0 0 0 0 0 0 0 0 0 0 0 0 0 0 0 0 0 0 0 0 0 0 0 0 0 0 0
0 2 9 4 3 52 5 37 12 20 46 1 43 71 64 83 25 45 69 11 68 19 57 75 94 7 22 34 14 59 21 103 26 13 96 31 29 8 63 16 41 15 33 56 18 38 74 39 65 55 47 27 36 23 28 105 6 50 24 108 53 77 58 82 30 87 95 111 10 79 54 61 84 88 66 107 98 17 89 60 32 40 35 72 100 44 93 110 78 67 92 42 76 81 70 85 99 118 80 117 48 51 49 109 62 73 90 102 112 97 113 86 101 104 106 115 114 91 119 116 120 121 0 0 0 0 0 0 0 0 0 0 0 0 0 0 0 0 0 0 0 0 0 0 0 0 0 0 0 0 0 0 0 0 0 0 0 0 0 0 0 0 0 0 0 0 0 0 0 0 0 0 0 0 0 0 0 0 0 0 0 0 0 0 0 0 0 0 0 0 0 0 0 0 0 0 0 0 0 0 0 0 0 0 0 0 0 0 0 0 0 0 0 0 0 0 0 0 0 0 0 0 0 0 0 0 0 0 0 0 0 0 0 0 0 0 0 0 0 0 0 0 0 0
0 2 9 4 3 52 5 37 12 20 46 1 43 71 64 83 25 45 69 11 68 19 57 75 94 7 22 34 14 59 21 103 26 13 96 31 29 8 63 16 41 15 33 56 18 38 74 39 65 55 47 27 36 23 28 105 6 50 24 108 53 77 58 82 30 87 95 111 10 79 54 61 84 88 66 107 98 17 89 60 32 40 35 72 100 44 93 110 78 67 92 42 76 81 70 85 99 118 80 117 48 51 49 109 62 73 90 102 112 97 113 86 101 104 106 115 114 91 119 116 120 121 0 0 0 0 0 0 0 0 0 0 0 0 0 0 0 0 0 0 0 0 0 0 0 0 0 0 0 0 0 0 0 0 0 0 0 0 0 0 0 0 0 0 0 0 0 0 0 0 0 0 0 0 0 0 0 0 0 0 0 0 0 0 0 0 0 0 0 0 0 0 0 0 0 0 0 0 0 0 0 0 0 0 0 0 0 0 0 0 0 0 0 0 0 0 0 0 0 0 0 0 0 0 0 0 0 0 0 0 0 0 0 0 0 0 0 0 0 0 0 0 0 0
0 2 4 5 9 25 6 37 20 52 71 83 3 45 1 10 46 64 11 17 69 56 13 72 93 16 7 50 94 12 43 14 21 19 38 60 22 68 59 31 18 103 39 65 32 40 35 42 29 76 82 75 28 34 8 47 30 53 48 67 87 51 55 23 57 77 41 74 15 105 62 58 73 33 117 79 97 90 24 111 54 49 88 86 109 85 96 84 100 44 26 61 63 66 95 98 89 78 81 27 70 110 80 101 108 36 107 112 92 99 118 102 91 113 106 104 115 114 116 120 119 121 0 0 0 0 0 0 0 0 0 0 0 0 0 0 0 0 0 0 0 0 0 0 0 0 0 0 0 0 0 0 0 0 0 0 0 0 0 0 0 0 0 0 0 0 0 0 0 0 0 0 0 0 0 0 0 0 0 0 0 0 0 0 0 0 0 0 0 0 0 0 0 0 0 0 0 0 0 0 0 0 0 0 0 0 0 0 0 0 0 0 0 0 0 0 0 0 0 0 0 0 0 0 0 0 0 0 0 0 0 0 0 0 0 0 0 0 0 0 0 0 0 0
0 2 3 5 9 6 37 20 1 10 17 52 60 45 4 71 11 16 8 15 12 25 83 7 22 18 13 72 34 26 32 40 35 31 50 27 47 69 14 65 77 44 29 56 63 23 68 28 24 59 38 67 39 41 64 43 33 46 82 103 42 93 105 84 54 94 36 19 61 92 53 21 57 75 70 100 74 117 48 96 76 108 107 110 87 51 49 111 62 55 30 85 109 58 80 95 89 79 73 91 98 90 88 99 97 86 113 118 102 104 66 114 78 81 119 101 106 112 115 116 120 121 0 0 0 0 0 0 0 0 0 0 0 0 0 0 0 0 0 0 0 0 0 0 0 0 0 0 0 0 0 0 0 0 0 0 0 0 0 0 0 0 0 0 0 0 0 0 0 0 0 0 0 0 0 0 0 0 0 0 0 0 0 0 0 0 0 0 0 0 0 0 0 0 0 0 0 0 0 0 0 0 0 0 0 0 0 0 0 0 0 0 0 0 0 0 0 0 0 0 0 0 0 0 0 0 0 0 0 0 0 0 0 0 0 0 0 0 0 0 0 0 0 0
0 2 4 9 5 1 3 8 15 37 71 83 52 11 25 27 7 16 23 18 14 50 13 22 24 34 31 100 6 47 59 63 21 29 33 54 12 41 74 38 26 84 77 19 28 36 55 30 58 43 96 107 64 10 95 82 65 17 20 53 45 68 105 39 56 98 108 69 79 94 46 60 88 103 32 110 72 44 70 40 35 42 48 67 93 57 87 92 89 75 51 80 111 62 76 99 85 61 117 66 78 102 73 118 86 49 90 91 81 109 112 97 101 104 114 106 115 116 120 113 119 121 0 0 0 0 0 0 0 0 0 0 0 0 0 0 0 0 0 0 0 0 0 0 0 0 0 0 0 0 0 0 0 0 0 0 0 0 0 0 0 0 0 0 0 0 0 0 0 0 0 0 0 0 0 0 0 0 0 0 0 0 0 0 0 0 0 0 0 0 0 0 0 0 0 0 0 0 0 0 0 0 0 0 0 0 0 0 0 0 0 0 0 0 0 0 0 0 0 0 0 0 0 0 0 0 0 0 0 0 0 0 0 0 0 0 0 0 0 0 0 0 0 0
0 1 11 3 19 64 13 16 65 50 23 2 75 5 20 6 31 4 105 33 24 100 25 9 12 10 18 37 82 17 72 52 68 60 71 45 69 46 43 93 7 14 59 56 29 94 57 38 83 41 103 32 40 54 44 70 21 39 67 92 74 8 22 28 34 30 61 95 63 84 117 96 80 15 53 107 66 55 78 110 58 35 87 42 27 26 76 36 48 79 89 99 85 49 88 91 109 98 47 77 111 108 81 118 102 51 62 112 73 90 97 101 106 86 104 113 114 119 115 116 120 121 0 0 0 0 0 0 0 0 0 0 0 0 0 0 0 0 0 0 0 0 0 0 0 0 0 0 0 0 0 0 0 0 0 0 0 0 0 0 0 0 0 0 0 0 0 0 0 0 0 0 0 0 0 0 0 0 0 0 0 0 0 0 0 0 0 0 0 0 0 0 0 0 0 0 0 0 0 0 0 0 0 0 0 0 0 0 0 0 0 0 0 0 0 0 0 0 0 0 0 0 0 0 0 0 0 0 0 0 0 0 0 0 0 0 0 0 0 0 0 0 0 0
0 1 11 3 19 64 13 16 65 50 23 2 75 5 20 6 31 4 105 33 24 100 25 9 12 10 18 37 82 17 72 52 68 60 71 45 69 46 43 93 7 14 59 56 29 94 57 38 83 41 103 32 40 54 44 70 21 39 67 92 74 8 22 28 34 30 61 95 63 84 117 96 80 15 53 107 66 55 78 110 58 35 87 42 27 26 76 36 48 79 89 99 85 49 88 91 109 98 47 77 111 108 81 118 102 51 62 112 73 90 97 101 106 86 104 113 114 119 115 116 120 121 0 0 0 0 0 0 0 0 0 0 0 0 0 0 0 0 0 0 0 0 0 0 0 0 0 0 0 0 0 0 0 0 0 0 0 0 0 0 0 0 0 0 0 0 0 0 0 0 0 0 0 0 0 0 0 0 0 0 0 0 0 0 0 0 0 0 0 0 0 0 0 0 0 0 0 0 0 0 0 0 0 0 0 0 0 0 0 0 0 0 0 0 0 0 0 0 0 0 0 0 0 0 0 0 0 0 0 0 0 0 0 0 0 0 0 0 0 0 0 0 0 0
0 1 11 3 19 64 13 16 65 50 23 2 75 5 20 6 31 4 105 33 24 100 25 9 12 10 18 37 82 17 72 52 68 60 71 45 69 46 43 93 7 14 59 56 29 94 57 38 83 41 103 32 40 54 44 70 21 39 67 92 74 8 22 28 34 30 61 95 63 84 117 96 80 15 53 107 66 55 78 110 58 35 87 42 27 26 76 36 48 79 89 99 85 49 88 91 109 98 47 77 111 108 81 118 102 51 62 112 73 90 97 101 106 86 104 113 114 119 115 116 120 121 0 0 0 0 0 0 0 0 0 0 0 0 0 0 0 0 0 0 0 0 0 0 0 0 0 0 0 0 0 0 0 0 0 0 0 0 0 0 0 0 0 0 0 0 0 0 0 0 0 0 0 0 0 0 0 0 0 0 0 0 0 0 0 0 0 0 0 0 0 0 0 0 0 0 0 0 0 0 0 0 0 0 0 0 0 0 0 0 0 0 0 0 0 0 0 0 0 0 0 0 0 0 0 0 0 0 0 0 0 0 0 0 0 0 0 0 0 0 0 0 0 0
0 1 11 3 19 64 13 16 65 50 23 2 75 5 20 6 31 4 105 33 24 100 25 9 12 10 18 37 82 17 72 52 68 60 71 45 69 46 43 93 7 14 59 56 29 94 57 38 83 41 103 32 40 54 44 70 21 39 67 92 74 8 22 28 34 30 61 95 63 84 117 96 80 15 53 107 66 55 78 110 58 35 87 42 27 26 76 36 48 79 89 99 85 49 88 91 109 98 47 77 111 108 81 118 102 51 62 112 73 90 97 101 106 86 104 113 114 119 115 116 120 121 0 0 0 0 0 0 0 0 0 0 0 0 0 0 0 0 0 0 0 0 0 0 0 0 0 0 0 0 0 0 0 0 0 0 0 0 0 0 0 0 0 0 0 0 0 0 0 0 0 0 0 0 0 0 0 0 0 0 0 0 0 0 0 0 0 0 0 0 0 0 0 0 0 0 0 0 0 0 0 0 0 0 0 0 0 0 0 0 0 0 0 0 0 0 0 0 0 0 0 0 0 0 0 0 0 0 0 0 0 0 0 0 0 0 0 0 0 0 0 0 0 0
0 1 11 3 19 64 13 16 65 50 23 2 75 5 20 6 31 4 105 33 24 100 25 9 12 10 18 37 82 17 72 52 68 60 71 45 69 46 43 93 7 14 59 56 29 94 57 38 83 41 103 32 40 54 44 70 21 39 67 92 74 8 22 28 34 30 61 95 63 84 117 96 80 15 53 107 66 55 78 110 58 35 87 42 27 26 76 36 48 79 89 99 85 49 88 91 109 98 47 77 111 108 81 118 102 51 62 112 73 90 97 101 106 86 104 113 114 119 115 116 120 121 0 0 0 0 0 0 0 0 0 0 0 0 0 0 0 0 0 0 0 0 0 0 0 0 0 0 0 0 0 0 0 0 0 0 0 0 0 0 0 0 0 0 0 0 0 0 0 0 0 0 0 0 0 0 0 0 0 0 0 0 0 0 0 0 0 0 0 0 0 0 0 0 0 0 0 0 0 0 0 0 0 0 0 0 0 0 0 0 0 0 0 0 0 0 0 0 0 0 0 0 0 0 0 0 0 0 0 0 0 0 0 0 0 0 0 0 0 0 0 0 0 0
0 3 12 1 7 64 59 22 43 14 28 38 30 29 8 41 34 15 11 19 26 2 16 13 33 9 50 4 65 52 5 31 54 20 21 45 25 53 56 27 37 105 23 74 95 6 87 39 10 71 46 17 18 69 36 32 94 83 72 96 47 89 55 58 24 82 61 100 75 84 66 57 63 77 98 68 107 111 79 103 60 88 78 93 67 92 35 108 110 44 40 42 48 117 51 70 80 49 102 76 62 73 85 91 81 109 86 97 112 90 99 113 101 104 114 119 118 106 115 116 120 121 0 0 0 0 0 0 0 0 0 0 0 0 0 0 0 0 0 0 0 0 0 0 0 0 0 0 0 0 0 0 0 0 0 0 0 0 0 0 0 0 0 0 0 0 0 0 0 0 0 0 0 0 0 0 0 0 0 0 0 0 0 0 0 0 0 0 0 0 0 0 0 0 0 0 0 0 0 0 0 0 0 0 0 0 0 0 0 0 0 0 0 0 0 0 0 0 0 0 0 0 0 0 0 0 0 0 0 0 0 0 0 0 0 0 0 0 0 0 0 0 0 0
0 3 12 1 7 64 59 22 43 14 28 38 30 29 8 41 34 15 11 19 26 2 16 13 33 9 50 4 65 52 5 31 54 20 21 45 25 53 56 27 37 105 23 74 95 6 87 39 10 71 46 17 18 69 36 32 94 83 72 96 47 89 55 58 24 82 61 100 75 84 66 57 63 77 98 68 107 111 79 103 60 88 78 93 67 92 35 108 110 44 40 42 48 117 51 70 80 49 102 76 62 73 85 91 81 109 86 97 112 90 99 113 101 104 114 119 118 106 115 116 120 121 0 0 0 0 0 0 0 0 0 0 0 0 0 0 0 0 0 0 0 0 0 0 0 0 0 0 0 0 0 0 0 0 0 0 0 0 0 0 0 0 0 0 0 0 0 0 0 0 0 0 0 0 0 0 0 0 0 0 0 0 0 0 0 0 0 0 0 0 0 0 0 0 0 0 0 0 0 0 0 0 0 0 0 0 0 0 0 0 0 0 0 0 0 0 0 0 0 0 0 0 0 0 0 0 0 0 0 0 0 0 0 0 0 0 0 0 0 0 0 0 0 0
0 3 7 22 26 8 14 34 63 2 38 59 39 12 4 28 43 15 1 30 64 21 96 11 55 29 5 37 16 25 23 50 58 9 52 13 18 19 65 24 100 84 33 107 53 20 68 103 87 45 95 6 98 56 31 47 27 89 36 82 46 79 54 77 10 75 17 71 57 72 105 93 61 32 41 60 83 108 69 44 74 88 67 110 92 35 40 94 42 48 51 70 80 62 73 102 117 111 86 104 49 66 114 76 90 99 85 78 109 81 112 91 118 101 97 106 113 115 119 116 120 121 0 0 0 0 0 0 0 0 0 0 0 0 0 0 0 0 0 0 0 0 0 0 0 0 0 0 0 0 0 0 0 0 0 0 0 0 0 0 0 0 0 0 0 0 0 0 0 0 0 0 0 0 0 0 0 0 0 0 0 0 0 0 0 0 0 0 0 0 0 0 0 0 0 0 0 0 0 0 0 0 0 0 0 0 0 0 0 0 0 0 0 0 0 0 0 0 0 0 0 0 0 0 0 0 0 0 0 0 0 0 0 0 0 0 0 0 0 0 0 0 0 0
0 3 12 1 2 7 11 43 59 19 5 20 16 37 75 23 6 9 4 14 29 68 71 22 45 25 41 18 50 21 8 69 103 83 94 38 55 64 58 26 28 56 15 82 27 10 79 13 31 24 74 100 84 30 33 52 34 47 46 54 107 39 88 61 36 77 95 111 96 98 63 65 66 105 53 87 17 57 108 89 60 32 35 40 72 110 44 67 42 70 80 92 93 117 102 48 78 99 118 51 62 73 76 81 49 86 109 104 97 85 113 90 112 101 91 114 106 115 116 120 119 121 0 0 0 0 0 0 0 0 0 0 0 0 0 0 0 0 0 0 0 0 0 0 0 0 0 0 0 0 0 0 0 0 0 0 0 0 0 0 0 0 0 0 0 0 0 0 0 0 0 0 0 0 0 0 0 0 0 0 0 0 0 0 0 0 0 0 0 0 0 0 0 0 0 0 0 0 0 0 0 0 0 0 0 0 0 0 0 0 0 0 0 0 0 0 0 0 0 0 0 0 0 0 0 0 0 0 0 0 0 0 0 0 0 0 0 0 0 0 0 0 0 0
0 3 8 12 7 2 4 1 25 43 9 52 64 14 38 29 11 5 19 13 22 31 59 75 34 26 21 96 55 39 58 47 65 28 6 16 30 95 37 98 77 53 63 79 88 33 20 41 50 23 54 105 18 15 61 82 24 45 108 74 27 68 10 69 56 103 36 71 94 83 17 72 60 66 46 57 32 93 67 35 40 92 44 70 42 48 51 62 100 87 84 89 107 111 110 78 81 76 99 80 118 117 102 49 109 85 112 91 73 86 97 90 113 104 101 106 115 116 120 114 119 121 0 0 0 0 0 0 0 0 0 0 0 0 0 0 0 0 0 0 0 0 0 0 0 0 0 0 0 0 0 0 0 0 0 0 0 0 0 0 0 0 0 0 0 0 0 0 0 0 0 0 0 0 0 0 0 0 0 0 0 0 0 0 0 0 0 0 0 0 0 0 0 0 0 0 0 0 0 0 0 0 0 0 0 0 0 0 0 0 0 0 0 0 0 0 0 0 0 0 0 0 0 0 0 0 0 0 0 0 0 0 0 0 0 0 0 0 0 0 0 0 0 0
0 3 8 12 7 2 4 1 25 43 9 52 64 14 38 29 11 5 19 13 22 31 59 75 34 26 21 96 55 39 58 47 65 28 6 16 30 95 37 98 77 53 63 79 88 33 20 41 50 23 54 105 18 15 61 82 24 45 108 74 27 68 10 69 56 103 36 71 94 83 17 72 60 66 46 57 32 93 67 35 40 92 44 70 42 48 51 62 100 87 84 89 107 111 110 78 81 76 99 80 118 117 102 49 109 85 112 91 73 86 97 90 113 104 101 106 115 116 120 114 119 121 0 0 0 0 0 0 0 0 0 0 0 0 0 0 0 0 0 0 0 0 0 0 0 0 0 0 0 0 0 0 0 0 0 0 0 0 0 0 0 0 0 0 0 0 0 0 0 0 0 0 0 0 0 0 0 0 0 0 0 0 0 0 0 0 0 0 0 0 0 0 0 0 0 0 0 0 0 0 0 0 0 0 0 0 0 0 0 0 0 0 0 0 0 0 0 0 0 0 0 0 0 0 0 0 0 0 0 0 0 0 0 0 0 0 0 0 0 0 0 0 0 0
0 3 8 12 7 2 4 1 25 43 9 52 64 14 38 29 11 5 19 13 22 31 59 75 34 26 21 96 55 39 58 47 65 28 6 16 30 95 37 98 77 53 63 79 88 33 20 41 50 23 54 105 18 15 61 82 24 45 108 74 27 68 10 69 56 103 36 71 94 83 17 72 60 66 46 57 32 93 67 35 40 92 44 70 42 48 51 62 100 87 84 89 107 111 110 78 81 76 99 80 118 117 102 49 109 85 112 91 73 86 97 90 113 104 101 106 115 116 120 114 119 121 0 0 0 0 0 0 0 0 0 0 0 0 0 0 0 0 0 0 0 0 0 0 0 0 0 0 0 0 0 0 0 0 0 0 0 0 0 0 0 0 0 0 0 0 0 0 0 0 0 0 0 0 0 0 0 0 0 0 0 0 0 0 0 0 0 0 0 0 0 0 0 0 0 0 0 0 0 0 0 0 0 0 0 0 0 0 0 0 0 0 0 0 0 0 0 0 0 0 0 0 0 0 0 0 0 0 0 0 0 0 0 0 0 0 0 0 0 0 0 0 0 0
0 3 8 12 7 2 4 1 25 43 9 52 64 14 38 29 11 5 19 13 22 31 59 75 34 26 21 96 55 39 58 47 65 28 6 16 30 95 37 98 77 53 63 79 88 33 20 41 50 23 54 105 18 15 61 82 24 45 108 74 27 68 10 69 56 103 36 71 94 83 17 72 60 66 46 57 32 93 67 35 40 92 44 70 42 48 51 62 100 87 84 89 107 111 110 78 81 76 99 80 118 117 102 49 109 85 112 91 73 86 97 90 113 104 101 106 115 116 120 114 119 121 0 0 0 0 0 0 0 0 0 0 0 0 0 0 0 0 0 0 0 0 0 0 0 0 0 0 0 0 0 0 0 0 0 0 0 0 0 0 0 0 0 0 0 0 0 0 0 0 0 0 0 0 0 0 0 0 0 0 0 0 0 0 0 0 0 0 0 0 0 0 0 0 0 0 0 0 0 0 0 0 0 0 0 0 0 0 0 0 0 0 0 0 0 0 0 0 0 0 0 0 0 0 0 0 0 0 0 0 0 0 0 0 0 0 0 0 0 0 0 0 0 0
0 3 7 22 26 8 14 34 63 2 38 59 39 12 4 28 43 15 1 30 64 21 96 11 55 29 5 37 16 25 23 50 58 9 52 13 18 19 65 24 100 84 33 107 53 20 68 103 87 45 95 6 98 56 31 47 27 89 36 82 46 79 54 77 10 75 17 71 57 72 105 93 61 32 41 60 83 108 69 44 74 88 67 110 92 35 40 94 42 48 51 70 80 62 73 102 117 111 86 104 49 66 114 76 90 99 85 78 109 81 112 91 118 101 97 106 113 115 119 116 120 121 0 0 0 0 0 0 0 0 0 0 0 0 0 0 0 0 0 0 0 0 0 0 0 0 0 0 0 0 0 0 0 0 0 0 0 0 0 0 0 0 0 0 0 0 0 0 0 0 0 0 0 0 0 0 0 0 0 0 0 0 0 0 0 0 0 0 0 0 0 0 0 0 0 0 0 0 0 0 0 0 0 0 0 0 0 0 0 0 0 0 0 0 0 0 0 0 0 0 0 0 0 0 0 0 0 0 0 0 0 0 0 0 0 0 0 0 0 0 0 0 0 0
0 2 5 1 20 6 37 10 64 71 4 9 52 46 68 25 17 83 11 16 103 13 50 65 18 33 31 54 19 3 57 75 12 7 72 60 105 93 59 82 8 22 14 28 34 30 29 61 95 23 43 63 66 47 24 77 100 84 15 32 44 40 45 70 26 69 94 98 21 55 96 27 38 56 53 35 58 36 80 102 79 42 76 67 48 39 87 85 89 92 107 117 49 109 88 110 91 78 99 41 112 74 111 51 62 108 118 73 81 90 97 101 113 106 115 116 86 104 114 119 120 121 0 0 0 0 0 0 0 0 0 0 0 0 0 0 0 0 0 0 0 0 0 0 0 0 0 0 0 0 0 0 0 0 0 0 0 0 0 0 0 0 0 0 0 0 0 0 0 0 0 0 0 0 0 0 0 0 0 0 0 0 0 0 0 0 0 0 0 0 0 0 0 0 0 0 0 0 0 0 0 0 0 0 0 0 0 0 0 0 0 0 0 0 0 0 0 0 0 0 0 0 0 0 0 0 0 0 0 0 0 0 0 0 0 0 0 0 0 0 0 0 0 0
0 2 5 1 20 6 37 10 64 71 4 9 52 46 68 25 17 83 11 16 103 13 50 65 18 33 31 54 19 3 57 75 12 7 72 60 105 93 59 82 8 22 14 28 34 30 29 61 95 23 43 63 66 47 24 77 100 84 15 32 44 40 45 70 26 69 94 98 21 55 96 27 38 56 53 35 58 36 80 102 79 42 76 67 48 39 87 85 89 92 107 117 49 109 88 110 91 78 99 41 112 74 111 51 62 108 118 73 81 90 97 101 113 106 115 116 86 104 114 119 120 121 0 0 0 0 0 0 0 0 0 0 0 0 0 0 0 0 0 0 0 0 0 0 0 0 0 0 0 0 0 0 0 0 0 0 0 0 0 0 0 0 0 0 0 0 0 0 0 0 0 0 0 0 0 0 0 0 0 0 0 0 0 0 0 0 0 0 0 0 0 0 0 0 0 0 0 0 0 0 0 0 0 0 0 0 0 0 0 0 0 0 0 0 0 0 0 0 0 0 0 0 0 0 0 0 0 0 0 0 0 0 0 0 0 0 0 0 0 0 0 0 0 0
0 2 5 1 20 6 37 10 64 71 4 9 52 46 68 25 17 83 11 16 103 13 50 65 18 33 31 54 19 3 57 75 12 7 72 60 105 93 59 82 8 22 14 28 34 30 29 61 95 23 43 63 66 47 24 77 100 84 15 32 44 40 45 70 26 69 94 98 21 55 96 27 38 56 53 35 58 36 80 102 79 42 76 67 48 39 87 85 89 92 107 117 49 109 88 110 91 78 99 41 112 74 111 51 62 108 118 73 81 90 97 101 113 106 115 116 86 104 114 119 120 121 0 0 0 0 0 0 0 0 0 0 0 0 0 0 0 0 0 0 0 0 0 0 0 0 0 0 0 0 0 0 0 0 0 0 0 0 0 0 0 0 0 0 0 0 0 0 0 0 0 0 0 0 0 0 0 0 0 0 0 0 0 0 0 0 0 0 0 0 0 0 0 0 0 0 0 0 0 0 0 0 0 0 0 0 0 0 0 0 0 0 0 0 0 0 0 0 0 0 0 0 0 0 0 0 0 0 0 0 0 0 0 0 0 0 0 0 0 0 0 0 0 0
0 2 5 1 20 6 37 10 64 71 4 9 52 46 68 25 17 83 11 16 103 13 50 65 18 33 31 54 19 3 57 75 12 7 72 60 105 93 59 82 8 22 14 28 34 30 29 61 95 23 43 63 66 47 24 77 100 84 15 32 44 40 45 70 26 69 94 98 21 55 96 27 38 56 53 35 58 36 80 102 79 42 76 67 48 39 87 85 89 92 107 117 49 109 88 110 91 78 99 41 112 74 111 51 62 108 118 73 81 90 97 101 113 106 115 116 86 104 114 119 120 121 0 0 0 0 0 0 0 0 0 0 0 0 0 0 0 0 0 0 0 0 0 0 0 0 0 0 0 0 0 0 0 0 0 0 0 0 0 0 0 0 0 0 0 0 0 0 0 0 0 0 0 0 0 0 0 0 0 0 0 0 0 0 0 0 0 0 0 0 0 0 0 0 0 0 0 0 0 0 0 0 0 0 0 0 0 0 0 0 0 0 0 0 0 0 0 0 0 0 0 0 0 0 0 0 0 0 0 0 0 0 0 0 0 0 0 0 0 0 0 0 0 0
0 2 9 4 52 5 3 6 20 1 12 68 64 25 11 10 37 71 103 43 19 16 7 18 8 83 22 75 45 26 82 69 14 21 50 23 46 96 59 29 17 34 56 55 41 24 28 94 58 38 53 63 74 13 31 79 72 57 47 87 60 15 89 27 36 88 93 77 33 32 30 54 35 61 84 67 65 92 42 111 44 117 100 66 99 110 39 95 98 107 70 105 40 108 76 48 85 78 91 49 51 80 62 109 102 112 81 73 90 118 97 86 101 113 106 115 104 116 120 114 119 121 0 0 0 0 0 0 0 0 0 0 0 0 0 0 0 0 0 0 0 0 0 0 0 0 0 0 0 0 0 0 0 0 0 0 0 0 0 0 0 0 0 0 0 0 0 0 0 0 0 0 0 0 0 0 0 0 0 0 0 0 0 0 0 0 0 0 0 0 0 0 0 0 0 0 0 0 0 0 0 0 0 0 0 0 0 0 0 0 0 0 0 0 0 0 0 0 0 0 0 0 0 0 0 0 0 0 0 0 0 0 0 0 0 0 0 0 0 0 0 0 0 0
0 2 9 4 52 5 3 6 20 1 12 68 64 25 11 10 37 71 103 43 19 16 7 18 8 83 22 75 45 26 82 69 14 21 50 23 46 96 59 29 17 34 56 55 41 24 28 94 58 38 53 63 74 13 31 79 72 57 47 87 60 15 89 27 36 88 93 77 33 32 30 54 35 61 84 67 65 92 42 111 44 117 100 66 99 110 39 95 98 107 70 105 40 108 76 48 85 78 91 49 51 80 62 109 102 112 81 73 90 118 97 86 101 113 106 115 104 116 120 114 119 121 0 0 0 0 0 0 0 0 0 0 0 0 0 0 0 0 0 0 0 0 0 0 0 0 0 0 0 0 0 0 0 0 0 0 0 0 0 0 0 0 0 0 0 0 0 0 0 0 0 0 0 0 0 0 0 0 0 0 0 0 0 0 0 0 0 0 0 0 0 0 0 0 0 0 0 0 0 0 0 0 0 0 0 0 0 0 0 0 0 0 0 0 0 0 0 0 0 0 0 0 0 0 0 0 0 0 0 0 0 0 0 0 0 0 0 0 0 0 0 0 0 0
0 1 11 16 3 19 8 50 12 15 43 27 7 14 13 2 31 5 33 23 20 59 6 38 75 68 22 54 45 9 56 64 28 103 18 26 37 34 63 52 69 21 94 10 61 53 55 29 39 47 4 77 30 36 95 66 25 71 96 41 58 98 83 87 24 17 79 89 88 84 107 46 32 35 72 42 74 111 44 57 65 48 70 100 51 60 78 82 76 105 85 81 49 62 93 108 73 117 90 97 91 86 40 80 113 102 67 109 101 92 112 106 115 116 99 104 120 114 119 110 118 121 0 0 0 0 0 0 0 0 0 0 0 0 0 0 0 0 0 0 0 0 0 0 0 0 0 0 0 0 0 0 0 0 0 0 0 0 0 0 0 0 0 0 0 0 0 0 0 0 0 0 0 0 0 0 0 0 0 0 0 0 0 0 0 0 0 0 0 0 0 0 0 0 0 0 0 0 0 0 0 0 0 0 0 0 0 0 0 0 0 0 0 0 0 0 0 0 0 0 0 0 0 0 0 0 0 0 0 0 0 0 0 0 0 0 0 0 0 0 0 0 0 0
0 2 5 6 20 9 52 37 1 11 68 16 64 45 10 46 4 50 71 17 56 13 3 69 72 65 33 94 18 103 93 25 23 19 12 82 54 43 117 75 61 31 66 8 60 7 78 15 59 57 14 24 38 53 32 67 35 22 44 40 83 34 27 84 28 63 92 100 39 81 105 42 29 110 30 108 70 87 36 21 80 95 76 47 85 26 98 55 48 91 49 58 41 77 89 96 99 51 74 62 118 102 109 107 112 111 73 86 104 114 79 97 90 88 101 113 106 115 116 120 119 121 0 0 0 0 0 0 0 0 0 0 0 0 0 0 0 0 0 0 0 0 0 0 0 0 0 0 0 0 0 0 0 0 0 0 0 0 0 0 0 0 0 0 0 0 0 0 0 0 0 0 0 0 0 0 0 0 0 0 0 0 0 0 0 0 0 0 0 0 0 0 0 0 0 0 0 0 0 0 0 0 0 0 0 0 0 0 0 0 0 0 0 0 0 0 0 0 0 0 0 0 0 0 0 0 0 0 0 0 0 0 0 0 0 0 0 0 0 0 0 0 0 0
0 1 11 16 3 19 8 50 12 15 43 27 7 14 13 2 31 5 33 23 20 59 6 38 75 68 22 54 45 9 56 64 28 103 18 26 37 34 63 52 69 21 94 10 61 53 55 29 39 47 4 77 30 36 95 66 25 71 96 41 58 98 83 87 24 17 79 89 88 84 107 46 32 35 72 42 74 111 44 57 65 48 70 100 51 60 78 82 76 105 85 81 49 62 93 108 73 117 90 97 91 86 40 80 113 102 67 109 101 92 112 106 115 116 99 104 120 114 119 110 118 121 0 0 0 0 0 0 0 0 0 0 0 0 0 0 0 0 0 0 0 0 0 0 0 0 0 0 0 0 0 0 0 0 0 0 0 0 0 0 0 0 0 0 0 0 0 0 0 0 0 0 0 0 0 0 0 0 0 0 0 0 0 0 0 0 0 0 0 0 0 0 0 0 0 0 0 0 0 0 0 0 0 0 0 0 0 0 0 0 0 0 0 0 0 0 0 0 0 0 0 0 0 0 0 0 0 0 0 0 0 0 0 0 0 0 0 0 0 0 0 0 0 0
0 3 1 64 12 7 43 11 14 38 29 8 2 9 15 22 4 39 5 37 21 26 16 25 6 19 27 28 59 23 10 17 32 13 96 20 33 68 36 46 30 44 95 45 50 98 31 35 70 55 65 52 58 24 103 71 83 56 54 105 40 34 100 72 63 41 75 60 61 74 18 66 79 82 47 77 111 88 84 107 53 87 89 57 69 108 94 67 93 78 92 99 81 110 118 117 42 76 48 85 51 49 62 73 109 97 91 86 112 113 90 80 101 102 104 106 115 114 119 116 120 121 0 0 0 0 0 0 0 0 0 0 0 0 0 0 0 0 0 0 0 0 0 0 0 0 0 0 0 0 0 0 0 0 0 0 0 0 0 0 0 0 0 0 0 0 0 0 0 0 0 0 0 0 0 0 0 0 0 0 0 0 0 0 0 0 0 0 0 0 0 0 0 0 0 0 0 0 0 0 0 0 0 0 0 0 0 0 0 0 0 0 0 0 0 0 0 0 0 0 0 0 0 0 0 0 0 0 0 0 0 0 0 0 0 0 0 0 0 0 0 0 0 0
0 3 1 11 8 2 5 13 64 19 15 37 6 10 33 54 61 20 31 45 9 12 71 75 7 46 59 57 65 14 52 83 56 22 29 26 43 4 17 38 39 68 41 69 25 16 103 18 27 50 36 21 74 32 72 55 66 60 53 105 87 67 94 28 96 78 82 44 40 92 70 93 35 30 117 23 58 42 95 89 34 80 24 47 79 100 110 48 49 98 63 77 109 112 102 99 111 84 51 81 107 108 118 76 85 88 91 62 73 97 86 113 104 90 114 101 119 106 115 116 120 121 0 0 0 0 0 0 0 0 0 0 0 0 0 0 0 0 0 0 0 0 0 0 0 0 0 0 0 0 0 0 0 0 0 0 0 0 0 0 0 0 0 0 0 0 0 0 0 0 0 0 0 0 0 0 0 0 0 0 0 0 0 0 0 0 0 0 0 0 0 0 0 0 0 0 0 0 0 0 0 0 0 0 0 0 0 0 0 0 0 0 0 0 0 0 0 0 0 0 0 0 0 0 0 0 0 0 0 0 0 0 0 0 0 0 0 0 0 0 0 0 0 0
0 3 1 64 12 7 43 11 14 38 29 8 2 9 15 22 4 39 5 37 21 26 16 25 6 19 27 28 59 23 10 17 32 13 96 20 33 68 36 46 30 44 95 45 50 98 31 35 70 55 65 52 58 24 103 71 83 56 54 105 40 34 100 72 63 41 75 60 61 74 18 66 79 82 47 77 111 88 84 107 53 87 89 57 69 108 94 67 93 78 92 99 81 110 118 117 42 76 48 85 51 49 62 73 109 97 91 86 112 113 90 80 101 102 104 106 115 114 119 116 120 121 0 0 0 0 0 0 0 0 0 0 0 0 0 0 0 0 0 0 0 0 0 0 0 0 0 0 0 0 0 0 0 0 0 0 0 0 0 0 0 0 0 0 0 0 0 0 0 0 0 0 0 0 0 0 0 0 0 0 0 0 0 0 0 0 0 0 0 0 0 0 0 0 0 0 0 0 0 0 0 0 0 0 0 0 0 0 0 0 0 0 0 0 0 0 0 0 0 0 0 0 0 0 0 0 0 0 0 0 0 0 0 0 0 0 0 0 0 0 0 0 0 0
0 3 1 64 12 7 43 11 14 38 29 8 2 9 15 22 4 39 5 37 21 26 16 25 6 19 27 28 59 23 10 17 32 13 96 20 33 68 36 46 30 44 95 45 50 98 31 35 70 55 65 52 58 24 103 71 83 56 54 105 40 34 100 72 63 41 75 60 61 74 18 66 79 82 47 77 111 88 84 107 53 87 89 57 69 108 94 67 93 78 92 99 81 110 118 117 42 76 48 85 51 49 62 73 109 97 91 86 112 113 90 80 101 102 104 106 115 114 119 116 120 121 0 0 0 0 0 0 0 0 0 0 0 0 0 0 0 0 0 0 0 0 0 0 0 0 0 0 0 0 0 0 0 0 0 0 0 0 0 0 0 0 0 0 0 0 0 0 0 0 0 0 0 0 0 0 0 0 0 0 0 0 0 0 0 0 0 0 0 0 0 0 0 0 0 0 0 0 0 0 0 0 0 0 0 0 0 0 0 0 0 0 0 0 0 0 0 0 0 0 0 0 0 0 0 0 0 0 0 0 0 0 0 0 0 0 0 0 0 0 0 0 0 0
0 2 1 9 52 64 4 3 11 8 5 19 25 12 6 20 7 37 14 29 68 46 103 16 59 50 21 71 22 43 57 23 13 34 38 55 15 65 31 27 28 63 47 77 75 24 96 10 30 33 105 84 83 36 26 18 108 82 39 53 17 58 107 41 74 87 32 89 54 61 79 60 66 35 45 56 100 42 69 67 72 92 93 78 76 99 110 94 48 117 44 118 88 81 40 49 51 95 98 85 62 73 91 86 70 109 90 101 106 80 97 113 112 102 111 104 115 116 120 114 119 121 0 0 0 0 0 0 0 0 0 0 0 0 0 0 0 0 0 0 0 0 0 0 0 0 0 0 0 0 0 0 0 0 0 0 0 0 0 0 0 0 0 0 0 0 0 0 0 0 0 0 0 0 0 0 0 0 0 0 0 0 0 0 0 0 0 0 0 0 0 0 0 0 0 0 0 0 0 0 0 0 0 0 0 0 0 0 0 0 0 0 0 0 0 0 0 0 0 0 0 0 0 0 0 0 0 0 0 0 0 0 0 0 0 0 0 0 0 0 0 0 0 0
0 3 1 64 2 7 5 12 11 37 8 9 4 16 20 23 19 75 24 50 18 6 46 15 57 25 59 43 45 52 71 14 27 13 31 22 84 33 68 28 100 103 38 29 65 10 105 39 36 26 34 83 47 30 17 60 63 107 56 77 82 108 110 32 35 72 54 93 42 53 44 21 61 95 67 69 98 48 76 40 94 87 117 51 55 58 70 92 79 88 85 66 96 78 41 89 81 62 49 99 109 74 91 118 112 73 80 86 111 97 113 90 101 102 104 114 106 115 119 116 120 121 0 0 0 0 0 0 0 0 0 0 0 0 0 0 0 0 0 0 0 0 0 0 0 0 0 0 0 0 0 0 0 0 0 0 0 0 0 0 0 0 0 0 0 0 0 0 0 0 0 0 0 0 0 0 0 0 0 0 0 0 0 0 0 0 0 0 0 0 0 0 0 0 0 0 0 0 0 0 0 0 0 0 0 0 0 0 0 0 0 0 0 0 0 0 0 0 0 0 0 0 0 0 0 0 0 0 0 0 0 0 0 0 0 0 0 0 0 0 0 0 0 0
0 2 1 9 52 64 4 3 11 8 5 19 25 12 6 20 7 37 14 29 68 46 103 16 59 50 21 71 22 43 57 23 13 34 38 55 15 65 31 27 28 63 47 77 75 24 96 10 30 33 105 84 83 36 26 18 108 82 39 53 17 58 107 41 74 87 32 89 54 61 79 60 66 35 45 56 100 42 69 67 72 92 93 78 76 99 110 94 48 117 44 118 88 81 40 49 51 95 98 85 62 73 91 86 70 109 90 101 106 80 97 113 112 102 111 104 115 116 120 114 119 121 0 0 0 0 0 0 0 0 0 0 0 0 0 0 0 0 0 0 0 0 0 0 0 0 0 0 0 0 0 0 0 0 0 0 0 0 0 0 0 0 0 0 0 0 0 0 0 0 0 0 0 0 0 0 0 0 0 0 0 0 0 0 0 0 0 0 0 0 0 0 0 0 0 0 0 0 0 0 0 0 0 0 0 0 0 0 0 0 0 0 0 0 0 0 0 0 0 0 0 0 0 0 0 0 0 0 0 0 0 0 0 0 0 0 0 0 0 0 0 0 0 0
0 2 5 20 9 52 3 8 1 4 7 25 22 68 6 12 11 19 43 103 16 37 23 28 30 46 10 15 26 71 95 17 83 64 50 32 59 40 14 72 27 13 18 44 21 45 55 24 98 35 60 69 56 75 94 100 31 57 58 96 93 67 33 92 84 107 29 36 110 65 34 105 38 47 82 42 54 48 117 77 51 63 108 61 79 39 41 53 74 70 76 49 62 66 111 85 91 87 89 78 99 88 73 86 90 109 81 118 80 102 97 113 101 104 112 114 119 106 115 116 120 121 0 0 0 0 0 0 0 0 0 0 0 0 0 0 0 0 0 0 0 0 0 0 0 0 0 0 0 0 0 0 0 0 0 0 0 0 0 0 0 0 0 0 0 0 0 0 0 0 0 0 0 0 0 0 0 0 0 0 0 0 0 0 0 0 0 0 0 0 0 0 0 0 0 0 0 0 0 0 0 0 0 0 0 0 0 0 0 0 0 0 0 0 0 0 0 0 0 0 0 0 0 0 0 0 0 0 0 0 0 0 0 0 0 0 0 0 0 0 0 0 0 0
0 2 5 1 37 6 71 4 9 20 68 25 64 46 45 10 69 3 94 56 52 11 19 16 13 31 8 12 75 43 57 83 7 22 28 65 18 82 33 23 59 24 15 103 27 14 105 84 54 30 95 17 38 26 61 21 72 34 29 32 35 93 42 44 63 39 48 100 50 96 107 49 109 66 36 60 78 47 117 41 67 98 76 55 58 85 110 79 40 53 77 92 87 74 88 81 108 51 62 91 70 89 80 73 111 102 99 118 112 90 86 97 101 113 106 104 115 114 119 116 120 121 0 0 0 0 0 0 0 0 0 0 0 0 0 0 0 0 0 0 0 0 0 0 0 0 0 0 0 0 0 0 0 0 0 0 0 0 0 0 0 0 0 0 0 0 0 0 0 0 0 0 0 0 0 0 0 0 0 0 0 0 0 0 0 0 0 0 0 0 0 0 0 0 0 0 0 0 0 0 0 0 0 0 0 0 0 0 0 0 0 0 0 0 0 0 0 0 0 0 0 0 0 0 0 0 0 0 0 0 0 0 0 0 0 0 0 0 0 0 0 0 0 0
0 2 5 1 37 6 71 4 9 20 68 25 64 46 45 10 69 3 94 56 52 11 19 16 13 31 8 12 75 43 57 83 7 22 28 65 18 82 33 23 59 24 15 103 27 14 105 84 54 30 95 17 38 26 61 21 72 34 29 32 35 93 42 44 63 39 48 100 50 96 107 49 109 66 36 60 78 47 117 41 67 98 76 55 58 85 110 79 40 53 77 92 87 74 88 81 108 51 62 91 70 89 80 73 111 102 99 118 112 90 86 97 101 113 106 104 115 114 119 116 120 121 0 0 0 0 0 0 0 0 0 0 0 0 0 0 0 0 0 0 0 0 0 0 0 0 0 0 0 0 0 0 0 0 0 0 0 0 0 0 0 0 0 0 0 0 0 0 0 0 0 0 0 0 0 0 0 0 0 0 0 0 0 0 0 0 0 0 0 0 0 0 0 0 0 0 0 0 0 0 0 0 0 0 0 0 0 0 0 0 0 0 0 0 0 0 0 0 0 0 0 0 0 0 0 0 0 0 0 0 0 0 0 0 0 0 0 0 0 0 0 0 0 0
0 1 2 3 5 7 59 22 6 28 12 4 20 68 64 26 103 43 10 34 17 30 9 63 37 45 46 72 69 71 8 14 15 83 56 25 21 29 60 94 27 32 35 44 95 70 96 41 40 52 93 74 67 92 98 36 38 11 80 13 55 102 16 33 54 58 19 65 39 61 23 57 75 18 24 31 84 50 42 53 76 105 107 48 100 110 85 47 87 49 51 77 111 109 66 108 79 82 62 73 90 117 91 97 78 112 113 88 89 81 86 101 106 99 118 104 114 119 115 116 120 121 0 0 0 0 0 0 0 0 0 0 0 0 0 0 0 0 0 0 0 0 0 0 0 0 0 0 0 0 0 0 0 0 0 0 0 0 0 0 0 0 0 0 0 0 0 0 0 0 0 0 0 0 0 0 0 0 0 0 0 0 0 0 0 0 0 0 0 0 0 0 0 0 0 0 0 0 0 0 0 0 0 0 0 0 0 0 0 0 0 0 0 0 0 0 0 0 0 0 0 0 0 0 0 0 0 0 0 0 0 0 0 0 0 0 0 0 0 0 0 0 0 0
0 2 1 5 3 12 6 8 4 7 20 25 9 37 68 52 15 10 27 14 17 21 11 96 60 29 72 16 71 67 45 103 22 28 18 59 26 46 19 38 41 93 56 23 39 24 82 43 32 74 55 84 53 69 64 87 34 89 63 57 44 58 100 107 83 50 30 94 40 117 70 79 88 80 35 36 13 110 65 31 92 99 105 75 42 33 108 47 48 118 54 51 61 76 95 66 77 85 91 111 49 62 109 73 86 98 78 102 97 113 112 81 90 101 106 104 115 116 114 120 119 121 0 0 0 0 0 0 0 0 0 0 0 0 0 0 0 0 0 0 0 0 0 0 0 0 0 0 0 0 0 0 0 0 0 0 0 0 0 0 0 0 0 0 0 0 0 0 0 0 0 0 0 0 0 0 0 0 0 0 0 0 0 0 0 0 0 0 0 0 0 0 0 0 0 0 0 0 0 0 0 0 0 0 0 0 0 0 0 0 0 0 0 0 0 0 0 0 0 0 0 0 0 0 0 0 0 0 0 0 0 0 0 0 0 0 0 0 0 0 0 0 0 0
0 2 5 3 37 1 9 20 71 11 4 83 8 6 68 10 16 52 15 50 64 25 12 43 7 19 18 27 45 14 21 56 13 103 82 22 17 28 65 29 75 105 72 30 69 26 38 53 36 93 39 87 32 46 57 31 59 33 54 23 94 34 61 63 35 60 42 108 67 48 44 92 76 24 55 58 70 84 66 95 40 47 77 98 49 107 80 78 79 96 51 88 81 100 102 109 41 74 112 111 62 85 89 110 99 118 73 90 97 101 113 117 106 91 115 86 116 104 114 119 120 121 0 0 0 0 0 0 0 0 0 0 0 0 0 0 0 0 0 0 0 0 0 0 0 0 0 0 0 0 0 0 0 0 0 0 0 0 0 0 0 0 0 0 0 0 0 0 0 0 0 0 0 0 0 0 0 0 0 0 0 0 0 0 0 0 0 0 0 0 0 0 0 0 0 0 0 0 0 0 0 0 0 0 0 0 0 0 0 0 0 0 0 0 0 0 0 0 0 0 0 0 0 0 0 0 0 0 0 0 0 0 0 0 0 0 0 0 0 0 0 0 0 0
0 1 2 3 7 5 9 20 6 68 11 16 23 10 12 17 72 64 52 59 43 22 8 50 13 19 93 33 32 26 37 28 75 15 4 14 103 18 45 38 54 56 39 35 60 25 69 53 34 44 63 82 21 27 96 70 55 65 94 80 24 105 46 29 58 67 61 66 84 107 108 36 41 71 117 100 92 31 57 83 30 42 47 48 74 87 79 88 51 77 49 40 89 95 78 110 76 98 109 99 81 111 85 118 62 73 102 90 91 101 106 97 113 112 115 116 120 86 104 114 119 121 0 0 0 0 0 0 0 0 0 0 0 0 0 0 0 0 0 0 0 0 0 0 0 0 0 0 0 0 0 0 0 0 0 0 0 0 0 0 0 0 0 0 0 0 0 0 0 0 0 0 0 0 0 0 0 0 0 0 0 0 0 0 0 0 0 0 0 0 0 0 0 0 0 0 0 0 0 0 0 0 0 0 0 0 0 0 0 0 0 0 0 0 0 0 0 0 0 0 0 0 0 0 0 0 0 0 0 0 0 0 0 0 0 0 0 0 0 0 0 0 0 0
0 2 5 3 37 1 9 20 71 11 4 83 8 6 68 10 16 52 15 50 64 25 12 43 7 19 18 27 45 14 21 56 13 103 82 22 17 28 65 29 75 105 72 30 69 26 38 53 36 93 39 87 32 46 57 31 59 33 54 23 94 34 61 63 35 60 42 108 67 48 44 92 76 24 55 58 70 84 66 95 40 47 77 98 49 107 80 78 79 96 51 88 81 100 102 109 41 74 112 111 62 85 89 110 99 118 73 90 97 101 113 117 106 91 115 86 116 104 114 119 120 121 0 0 0 0 0 0 0 0 0 0 0 0 0 0 0 0 0 0 0 0 0 0 0 0 0 0 0 0 0 0 0 0 0 0 0 0 0 0 0 0 0 0 0 0 0 0 0 0 0 0 0 0 0 0 0 0 0 0 0 0 0 0 0 0 0 0 0 0 0 0 0 0 0 0 0 0 0 0 0 0 0 0 0 0 0 0 0 0 0 0 0 0 0 0 0 0 0 0 0 0 0 0 0 0 0 0 0 0 0 0 0 0 0 0 0 0 0 0 0 0 0 0
0 2 5 3 37 1 9 20 71 11 4 83 8 6 68 10 16 52 15 50 64 25 12 43 7 19 18 27 45 14 21 56 13 103 82 22 17 28 65 29 75 105 72 30 69 26 38 53 36 93 39 87 32 46 57 31 59 33 54 23 94 34 61 63 35 60 42 108 67 48 44 92 76 24 55 58 70 84 66 95 40 47 77 98 49 107 80 78 79 96 51 88 81 100 102 109 41 74 112 111 62 85 89 110 99 118 73 90 97 101 113 117 106 91 115 86 116 104 114 119 120 121 0 0 0 0 0 0 0 0 0 0 0 0 0 0 0 0 0 0 0 0 0 0 0 0 0 0 0 0 0 0 0 0 0 0 0 0 0 0 0 0 0 0 0 0 0 0 0 0 0 0 0 0 0 0 0 0 0 0 0 0 0 0 0 0 0 0 0 0 0 0 0 0 0 0 0 0 0 0 0 0 0 0 0 0 0 0 0 0 0 0 0 0 0 0 0 0 0 0 0 0 0 0 0 0 0 0 0 0 0 0 0 0 0 0 0 0 0 0 0 0 0 0
0 2 5 3 37 1 9 20 71 11 4 83 8 6 68 10 16 52 15 50 64 25 12 43 7 19 18 27 45 14 21 56 13 103 82 22 17 28 65 29 75 105 72 30 69 26 38 53 36 93 39 87 32 46 57 31 59 33 54 23 94 34 61 63 35 60 42 108 67 48 44 92 76 24 55 58 70 84 66 95 40 47 77 98 49 107 80 78 79 96 51 88 81 100 102 109 41 74 112 111 62 85 89 110 99 118 73 90 97 101 113 117 106 91 115 86 116 104 114 119 120 121 0 0 0 0 0 0 0 0 0 0 0 0 0 0 0 0 0 0 0 0 0 0 0 0 0 0 0 0 0 0 0 0 0 0 0 0 0 0 0 0 0 0 0 0 0 0 0 0 0 0 0 0 0 0 0 0 0 0 0 0 0 0 0 0 0 0 0 0 0 0 0 0 0 0 0 0 0 0 0 0 0 0 0 0 0 0 0 0 0 0 0 0 0 0 0 0 0 0 0 0 0 0 0 0 0 0 0 0 0 0 0 0 0 0 0 0 0 0 0 0 0 0
0 2 3 9 4 8 52 12 1 64 11 16 23 5 19 43 7 18 50 25 24 22 34 75 100 20 15 14 59 68 26 28 13 27 29 65 31 33 41 63 54 36 45 69 84 6 37 47 61 56 46 57 21 103 55 77 58 74 30 71 95 82 38 107 79 83 94 66 98 96 39 53 87 105 10 17 89 32 88 72 108 44 35 40 93 60 42 70 67 110 80 48 49 117 78 76 51 92 81 109 99 62 85 118 102 112 111 73 91 97 86 113 90 101 106 104 114 115 119 116 120 121 0 0 0 0 0 0 0 0 0 0 0 0 0 0 0 0 0 0 0 0 0 0 0 0 0 0 0 0 0 0 0 0 0 0 0 0 0 0 0 0 0 0 0 0 0 0 0 0 0 0 0 0 0 0 0 0 0 0 0 0 0 0 0 0 0 0 0 0 0 0 0 0 0 0 0 0 0 0 0 0 0 0 0 0 0 0 0 0 0 0 0 0 0 0 0 0 0 0 0 0 0 0 0 0 0 0 0 0 0 0 0 0 0 0 0 0 0 0 0 0 0 0
0 1 11 3 12 43 2 16 7 50 9 8 19 13 52 75 65 18 5 64 15 33 27 22 28 31 14 21 29 26 55 6 58 38 96 82 53 36 23 54 39 20 59 37 71 46 83 4 25 10 30 95 45 105 34 56 98 24 63 100 41 74 84 61 57 47 107 69 77 111 17 72 108 94 60 93 32 44 68 103 70 67 80 110 40 102 66 117 92 35 42 87 76 48 85 51 91 62 49 89 99 118 73 78 109 90 112 97 86 113 104 79 88 114 81 101 106 119 115 116 120 121 0 0 0 0 0 0 0 0 0 0 0 0 0 0 0 0 0 0 0 0 0 0 0 0 0 0 0 0 0 0 0 0 0 0 0 0 0 0 0 0 0 0 0 0 0 0 0 0 0 0 0 0 0 0 0 0 0 0 0 0 0 0 0 0 0 0 0 0 0 0 0 0 0 0 0 0 0 0 0 0 0 0 0 0 0 0 0 0 0 0 0 0 0 0 0 0 0 0 0 0 0 0 0 0 0 0 0 0 0 0 0 0 0 0 0 0 0 0 0 0 0 0
0 1 11 3 12 43 2 16 7 50 9 8 19 13 52 75 65 18 5 64 15 33 27 22 28 31 14 21 29 26 55 6 58 38 96 82 53 36 23 54 39 20 59 37 71 46 83 4 25 10 30 95 45 105 34 56 98 24 63 100 41 74 84 61 57 47 107 69 77 111 17 72 108 94 60 93 32 44 68 103 70 67 80 110 40 102 66 117 92 35 42 87 76 48 85 51 91 62 49 89 99 118 73 78 109 90 112 97 86 113 104 79 88 114 81 101 106 119 115 116 120 121 0 0 0 0 0 0 0 0 0 0 0 0 0 0 0 0 0 0 0 0 0 0 0 0 0 0 0 0 0 0 0 0 0 0 0 0 0 0 0 0 0 0 0 0 0 0 0 0 0 0 0 0 0 0 0 0 0 0 0 0 0 0 0 0 0 0 0 0 0 0 0 0 0 0 0 0 0 0 0 0 0 0 0 0 0 0 0 0 0 0 0 0 0 0 0 0 0 0 0 0 0 0 0 0 0 0 0 0 0 0 0 0 0 0 0 0 0 0 0 0 0 0
0 2 4 1 3 8 12 7 15 14 27 11 21 13 38 96 29 22 43 41 16 23 55 33 64 54 25 65 26 39 5 28 9 34 50 18 58 6 31 74 19 52 53 24 82 87 30 10 61 75 95 59 47 63 89 36 98 77 20 17 105 45 60 67 56 72 68 92 108 93 100 110 37 46 103 32 84 57 35 71 83 66 79 107 99 111 42 78 44 48 51 40 118 81 69 76 85 94 91 117 49 88 70 109 62 80 112 73 97 102 90 86 101 113 106 104 114 119 115 116 120 121 0 0 0 0 0 0 0 0 0 0 0 0 0 0 0 0 0 0 0 0 0 0 0 0 0 0 0 0 0 0 0 0 0 0 0 0 0 0 0 0 0 0 0 0 0 0 0 0 0 0 0 0 0 0 0 0 0 0 0 0 0 0 0 0 0 0 0 0 0 0 0 0 0 0 0 0 0 0 0 0 0 0 0 0 0 0 0 0 0 0 0 0 0 0 0 0 0 0 0 0 0 0 0 0 0 0 0 0 0 0 0 0 0 0 0 0 0 0 0 0 0 0
0 2 4 1 3 8 12 7 15 14 27 11 21 13 38 96 29 22 43 41 16 23 55 33 64 54 25 65 26 39 5 28 9 34 50 18 58 6 31 74 19 52 53 24 82 87 30 10 61 75 95 59 47 63 89 36 98 77 20 17 105 45 60 67 56 72 68 92 108 93 100 110 37 46 103 32 84 57 35 71 83 66 79 107 99 111 42 78 44 48 51 40 118 81 69 76 85 94 91 117 49 88 70 109 62 80 112 73 97 102 90 86 101 113 106 104 114 119 115 116 120 121 0 0 0 0 0 0 0 0 0 0 0 0 0 0 0 0 0 0 0 0 0 0 0 0 0 0 0 0 0 0 0 0 0 0 0 0 0 0 0 0 0 0 0 0 0 0 0 0 0 0 0 0 0 0 0 0 0 0 0 0 0 0 0 0 0 0 0 0 0 0 0 0 0 0 0 0 0 0 0 0 0 0 0 0 0 0 0 0 0 0 0 0 0 0 0 0 0 0 0 0 0 0 0 0 0 0 0 0 0 0 0 0 0 0 0 0 0 0 0 0 0 0
0 2 4 1 3 8 12 7 15 14 27 11 21 13 38 96 29 22 43 41 16 23 55 33 64 54 25 65 26 39 5 28 9 34 50 18 58 6 31 74 19 52 53 24 82 87 30 10 61 75 95 59 47 63 89 36 98 77 20 17 105 45 60 67 56 72 68 92 108 93 100 110 37 46 103 32 84 57 35 71 83 66 79 107 99 111 42 78 44 48 51 40 118 81 69 76 85 94 91 117 49 88 70 109 62 80 112 73 97 102 90 86 101 113 106 104 114 119 115 116 120 121 0 0 0 0 0 0 0 0 0 0 0 0 0 0 0 0 0 0 0 0 0 0 0 0 0 0 0 0 0 0 0 0 0 0 0 0 0 0 0 0 0 0 0 0 0 0 0 0 0 0 0 0 0 0 0 0 0 0 0 0 0 0 0 0 0 0 0 0 0 0 0 0 0 0 0 0 0 0 0 0 0 0 0 0 0 0 0 0 0 0 0 0 0 0 0 0 0 0 0 0 0 0 0 0 0 0 0 0 0 0 0 0 0 0 0 0 0 0 0 0 0 0
0 2 4 1 3 8 12 7 15 14 27 11 21 13 38 96 29 22 43 41 16 23 55 33 64 54 25 65 26 39 5 28 9 34 50 18 58 6 31 74 19 52 53 24 82 87 30 10 61 75 95 59 47 63 89 36 98 77 20 17 105 45 60 67 56 72 68 92 108 93 100 110 37 46 103 32 84 57 35 71 83 66 79 107 99 111 42 78 44 48 51 40 118 81 69 76 85 94 91 117 49 88 70 109 62 80 112 73 97 102 90 86 101 113 106 104 114 119 115 116 120 121 0 0 0 0 0 0 0 0 0 0 0 0 0 0 0 0 0 0 0 0 0 0 0 0 0 0 0 0 0 0 0 0 0 0 0 0 0 0 0 0 0 0 0 0 0 0 0 0 0 0 0 0 0 0 0 0 0 0 0 0 0 0 0 0 0 0 0 0 0 0 0 0 0 0 0 0 0 0 0 0 0 0 0 0 0 0 0 0 0 0 0 0 0 0 0 0 0 0 0 0 0 0 0 0 0 0 0 0 0 0 0 0 0 0 0 0 0 0 0 0 0 0
0 2 4 1 3 8 12 7 15 14 27 11 21 13 38 96 29 22 43 41 16 23 55 33 64 54 25 65 26 39 5 28 9 34 50 18 58 6 31 74 19 52 53 24 82 87 30 10 61 75 95 59 47 63 89 36 98 77 20 17 105 45 60 67 56 72 68 92 108 93 100 110 37 46 103 32 84 57 35 71 83 66 79 107 99 111 42 78 44 48 51 40 118 81 69 76 85 94 91 117 49 88 70 109 62 80 112 73 97 102 90 86 101 113 106 104 114 119 115 116 120 121 0 0 0 0 0 0 0 0 0 0 0 0 0 0 0 0 0 0 0 0 0 0 0 0 0 0 0 0 0 0 0 0 0 0 0 0 0 0 0 0 0 0 0 0 0 0 0 0 0 0 0 0 0 0 0 0 0 0 0 0 0 0 0 0 0 0 0 0 0 0 0 0 0 0 0 0 0 0 0 0 0 0 0 0 0 0 0 0 0 0 0 0 0 0 0 0 0 0 0 0 0 0 0 0 0 0 0 0 0 0 0 0 0 0 0 0 0 0 0 0 0 0
0 3 1 8 7 11 2 5 15 22 19 9 75 26 14 37 71 27 59 64 16 38 13 21 55 39 12 34 29 28 63 30 4 25 6 43 46 18 50 33 58 52 10 65 54 31 96 53 82 57 61 36 83 23 66 24 41 95 87 17 79 98 100 74 72 89 47 77 78 32 40 88 60 67 110 20 35 68 45 84 105 69 107 111 42 92 103 81 94 48 108 56 44 99 118 49 51 62 73 86 93 70 76 117 85 91 80 90 101 106 97 102 115 109 113 112 104 114 119 116 120 121 0 0 0 0 0 0 0 0 0 0 0 0 0 0 0 0 0 0 0 0 0 0 0 0 0 0 0 0 0 0 0 0 0 0 0 0 0 0 0 0 0 0 0 0 0 0 0 0 0 0 0 0 0 0 0 0 0 0 0 0 0 0 0 0 0 0 0 0 0 0 0 0 0 0 0 0 0 0 0 0 0 0 0 0 0 0 0 0 0 0 0 0 0 0 0 0 0 0 0 0 0 0 0 0 0 0 0 0 0 0 0 0 0 0 0 0 0 0 0 0 0 0
0 3 2 9 4 5 20 45 37 71 25 83 46 52 56 69 94 68 6 8 1 7 59 22 26 12 28 34 64 43 11 16 14 18 19 63 30 50 75 23 29 21 15 10 27 13 65 41 31 24 33 17 55 32 82 36 100 84 54 72 57 96 107 40 44 60 93 38 95 53 39 61 105 47 110 70 67 58 87 89 80 66 78 117 103 81 92 35 42 76 48 79 108 51 77 62 73 49 97 88 99 90 98 86 113 102 85 74 109 118 104 114 111 101 119 106 115 112 91 116 120 121 0 0 0 0 0 0 0 0 0 0 0 0 0 0 0 0 0 0 0 0 0 0 0 0 0 0 0 0 0 0 0 0 0 0 0 0 0 0 0 0 0 0 0 0 0 0 0 0 0 0 0 0 0 0 0 0 0 0 0 0 0 0 0 0 0 0 0 0 0 0 0 0 0 0 0 0 0 0 0 0 0 0 0 0 0 0 0 0 0 0 0 0 0 0 0 0 0 0 0 0 0 0 0 0 0 0 0 0 0 0 0 0 0 0 0 0 0 0 0 0 0 0
0 3 2 9 4 5 20 45 37 71 25 83 46 52 56 69 94 68 6 8 1 7 59 22 26 12 28 34 64 43 11 16 14 18 19 63 30 50 75 23 29 21 15 10 27 13 65 41 31 24 33 17 55 32 82 36 100 84 54 72 57 96 107 40 44 60 93 38 95 53 39 61 105 47 110 70 67 58 87 89 80 66 78 117 103 81 92 35 42 76 48 79 108 51 77 62 73 49 97 88 99 90 98 86 113 102 85 74 109 118 104 114 111 101 119 106 115 112 91 116 120 121 0 0 0 0 0 0 0 0 0 0 0 0 0 0 0 0 0 0 0 0 0 0 0 0 0 0 0 0 0 0 0 0 0 0 0 0 0 0 0 0 0 0 0 0 0 0 0 0 0 0 0 0 0 0 0 0 0 0 0 0 0 0 0 0 0 0 0 0 0 0 0 0 0 0 0 0 0 0 0 0 0 0 0 0 0 0 0 0 0 0 0 0 0 0 0 0 0 0 0 0 0 0 0 0 0 0 0 0 0 0 0 0 0 0 0 0 0 0 0 0 0 0
0 3 1 8 7 11 2 5 15 22 19 9 75 26 14 37 71 27 59 64 16 38 13 21 55 39 12 34 29 28 63 30 4 25 6 43 46 18 50 33 58 52 10 65 54 31 96 53 82 57 61 36 83 23 66 24 41 95 87 17 79 98 100 74 72 89 47 77 78 32 40 88 60 67 110 20 35 68 45 84 105 69 107 111 42 92 103 81 94 48 108 56 44 99 118 49 51 62 73 86 93 70 76 117 85 91 80 90 101 106 97 102 115 109 113 112 104 114 119 116 120 121 0 0 0 0 0 0 0 0 0 0 0 0 0 0 0 0 0 0 0 0 0 0 0 0 0 0 0 0 0 0 0 0 0 0 0 0 0 0 0 0 0 0 0 0 0 0 0 0 0 0 0 0 0 0 0 0 0 0 0 0 0 0 0 0 0 0 0 0 0 0 0 0 0 0 0 0 0 0 0 0 0 0 0 0 0 0 0 0 0 0 0 0 0 0 0 0 0 0 0 0 0 0 0 0 0 0 0 0 0 0 0 0 0 0 0 0 0 0 0 0 0 0
0 1 64 11 13 19 31 75 16 3 2 9 50 12 23 4 25 43 5 7 18 82 8 22 65 33 26 54 52 15 28 14 27 24 100 30 20 21 59 34 84 45 29 96 95 98 6 10 55 37 69 36 38 71 41 107 47 58 17 68 103 94 79 88 32 63 105 56 53 46 74 40 83 108 35 57 60 42 110 61 48 72 67 93 76 87 77 39 89 117 51 44 111 92 66 85 49 91 62 109 78 81 99 112 73 118 70 80 86 97 90 113 102 101 106 104 115 114 119 116 120 121 0 0 0 0 0 0 0 0 0 0 0 0 0 0 0 0 0 0 0 0 0 0 0 0 0 0 0 0 0 0 0 0 0 0 0 0 0 0 0 0 0 0 0 0 0 0 0 0 0 0 0 0 0 0 0 0 0 0 0 0 0 0 0 0 0 0 0 0 0 0 0 0 0 0 0 0 0 0 0 0 0 0 0 0 0 0 0 0 0 0 0 0 0 0 0 0 0 0 0 0 0 0 0 0 0 0 0 0 0 0 0 0 0 0 0 0 0 0 0 0 0 0
0 1 64 11 13 16 3 19 12 7 59 22 26 28 2 30 34 4 95 33 98 54 31 75 47 9 77 52 8 23 24 63 84 5 100 107 20 14 38 21 50 65 25 68 53 55 96 6 18 10 82 43 39 15 37 61 87 66 45 17 29 103 60 41 89 58 69 72 32 74 56 27 111 105 94 36 78 40 81 35 79 44 108 88 42 70 93 76 71 80 48 67 46 85 51 102 49 92 99 117 57 83 62 110 118 109 91 112 73 90 101 97 106 113 86 104 114 119 115 116 120 121 0 0 0 0 0 0 0 0 0 0 0 0 0 0 0 0 0 0 0 0 0 0 0 0 0 0 0 0 0 0 0 0 0 0 0 0 0 0 0 0 0 0 0 0 0 0 0 0 0 0 0 0 0 0 0 0 0 0 0 0 0 0 0 0 0 0 0 0 0 0 0 0 0 0 0 0 0 0 0 0 0 0 0 0 0 0 0 0 0 0 0 0 0 0 0 0 0 0 0 0 0 0 0 0 0 0 0 0 0 0 0 0 0 0 0 0 0 0 0 0 0 0
