0 1 2 16 14 3 5 28 4 19 8 33 32 6 15 52 53 13 25 9 49 58 29 7 11 50 47 21 46 17 35 64 20 38 60 22 12 31 39 74 44 23 48 30 42 40 57 54 41 27 56 34 69 43 65 37 59 10 18 79 51 26 45 77 61 78 63 36 85 62 24 68 71 83 75 55 70 72 81 82 67 73 84 66 80 88 76 86 89 87 90 91 0 0 0 0 0 0 0 0 0 0 0 0 0 0 0 0 0 0 0 0 0 0 0 0 0 0 0 0 0 0 0 0 0 0 0 0 0 0 0 0 0 0 0 0 0 0 0 0 0 0 0 0 0 0 0 0 0 0 0 0 0 0 0 0 0 0 0 0 0 0 0 0 0 0 0 0 0 0 0 0 0 0 0 0 0 0 0 0 0 0 0 0
0 2 13 3 7 1 4 38 58 14 46 22 49 17 15 30 16 11 25 42 21 41 59 43 23 64 8 10 29 5 27 35 36 69 24 34 45 18 20 28 19 32 6 53 9 50 60 33 12 37 39 44 51 55 31 54 74 79 47 63 52 72 77 26 61 78 66 81 85 68 40 75 71 73 56 57 80 62 76 67 48 86 89 65 83 87 90 70 82 84 88 91 0 0 0 0 0 0 0 0 0 0 0 0 0 0 0 0 0 0 0 0 0 0 0 0 0 0 0 0 0 0 0 0 0 0 0 0 0 0 0 0 0 0 0 0 0 0 0 0 0 0 0 0 0 0 0 0 0 0 0 0 0 0 0 0 0 0 0 0 0 0 0 0 0 0 0 0 0 0 0 0 0 0 0 0 0 0 0 0 0 0 0 0
0 1 15 2 14 4 54 13 46 16 58 17 22 38 49 25 3 5 47 28 11 23 64 29 7 8 35 45 33 6 19 32 9 63 12 50 10 53 69 66 30 60 41 36 18 72 24 52 26 43 77 42 62 40 78 21 81 27 34 67 57 59 76 37 20 39 74 61 44 56 51 55 31 48 68 79 75 65 86 71 85 83 73 87 90 89 80 70 82 84 88 91 0 0 0 0 0 0 0 0 0 0 0 0 0 0 0 0 0 0 0 0 0 0 0 0 0 0 0 0 0 0 0 0 0 0 0 0 0 0 0 0 0 0 0 0 0 0 0 0 0 0 0 0 0 0 0 0 0 0 0 0 0 0 0 0 0 0 0 0 0 0 0 0 0 0 0 0 0 0 0 0 0 0 0 0 0 0 0 0 0 0 0 0
0 3 11 1 35 5 6 19 2 16 28 14 13 23 22 27 29 38 15 25 49 17 34 58 33 46 9 53 12 47 54 40 31 32 45 60 64 57 66 76 50 48 63 69 7 37 51 21 55 4 20 39 10 24 65 74 8 18 44 52 26 59 56 61 68 30 71 62 67 79 42 75 86 83 36 85 41 72 43 77 78 81 73 80 70 89 87 90 82 84 88 91 0 0 0 0 0 0 0 0 0 0 0 0 0 0 0 0 0 0 0 0 0 0 0 0 0 0 0 0 0 0 0 0 0 0 0 0 0 0 0 0 0 0 0 0 0 0 0 0 0 0 0 0 0 0 0 0 0 0 0 0 0 0 0 0 0 0 0 0 0 0 0 0 0 0 0 0 0 0 0 0 0 0 0 0 0 0 0 0 0 0 0 0
0 1 3 7 20 16 15 29 74 54 45 11 21 10 2 59 35 79 24 4 5 19 14 28 36 17 22 46 85 6 30 13 9 33 25 53 58 72 66 32 52 39 40 57 42 64 60 76 47 38 63 12 69 8 23 61 68 18 44 26 31 56 27 41 34 73 49 50 37 75 62 86 51 71 43 55 70 67 80 89 48 77 78 81 65 83 87 82 84 90 88 91 0 0 0 0 0 0 0 0 0 0 0 0 0 0 0 0 0 0 0 0 0 0 0 0 0 0 0 0 0 0 0 0 0 0 0 0 0 0 0 0 0 0 0 0 0 0 0 0 0 0 0 0 0 0 0 0 0 0 0 0 0 0 0 0 0 0 0 0 0 0 0 0 0 0 0 0 0 0 0 0 0 0 0 0 0 0 0 0 0 0 0 0
0 3 2 13 1 5 19 7 21 59 4 6 15 11 14 20 49 10 38 8 16 74 54 22 24 79 9 30 28 33 39 29 58 45 25 17 35 12 53 40 36 66 57 31 18 32 85 47 41 64 50 43 69 52 72 23 42 27 37 46 44 61 68 60 56 75 63 71 48 34 51 55 77 70 65 26 62 67 76 86 73 80 83 78 81 89 82 87 84 90 88 91 0 0 0 0 0 0 0 0 0 0 0 0 0 0 0 0 0 0 0 0 0 0 0 0 0 0 0 0 0 0 0 0 0 0 0 0 0 0 0 0 0 0 0 0 0 0 0 0 0 0 0 0 0 0 0 0 0 0 0 0 0 0 0 0 0 0 0 0 0 0 0 0 0 0 0 0 0 0 0 0 0 0 0 0 0 0 0 0 0 0 0 0
0 1 3 16 11 15 29 45 7 5 10 21 25 47 2 59 19 28 18 14 22 26 32 35 54 36 20 13 64 60 4 74 62 46 39 30 85 49 41 79 43 69 38 33 6 42 50 67 44 63 52 72 17 61 23 8 9 12 68 77 53 24 40 31 75 66 78 73 71 27 57 48 58 80 34 65 76 56 83 37 89 86 51 55 87 70 90 81 82 84 88 91 0 0 0 0 0 0 0 0 0 0 0 0 0 0 0 0 0 0 0 0 0 0 0 0 0 0 0 0 0 0 0 0 0 0 0 0 0 0 0 0 0 0 0 0 0 0 0 0 0 0 0 0 0 0 0 0 0 0 0 0 0 0 0 0 0 0 0 0 0 0 0 0 0 0 0 0 0 0 0 0 0 0 0 0 0 0 0 0 0 0 0 0
0 2 13 3 7 1 4 38 58 14 46 22 49 17 15 30 16 11 25 42 21 41 59 43 23 64 8 10 29 5 27 35 36 69 24 34 45 18 20 28 19 32 6 53 9 50 60 33 12 37 39 44 51 55 31 54 74 79 47 63 52 72 77 26 61 78 66 81 85 68 40 75 71 73 56 57 80 62 76 67 48 86 89 65 83 87 90 70 82 84 88 91 0 0 0 0 0 0 0 0 0 0 0 0 0 0 0 0 0 0 0 0 0 0 0 0 0 0 0 0 0 0 0 0 0 0 0 0 0 0 0 0 0 0 0 0 0 0 0 0 0 0 0 0 0 0 0 0 0 0 0 0 0 0 0 0 0 0 0 0 0 0 0 0 0 0 0 0 0 0 0 0 0 0 0 0 0 0 0 0 0 0 0 0
0 2 13 3 7 1 4 38 58 14 46 22 49 17 15 30 16 11 25 42 21 41 59 43 23 64 8 10 29 5 27 35 36 69 24 34 45 18 20 28 19 32 6 53 9 50 60 33 12 37 39 44 51 55 31 54 74 79 47 63 52 72 77 26 61 78 66 81 85 68 40 75 71 73 56 57 80 62 76 67 48 86 89 65 83 87 90 70 82 84 88 91 0 0 0 0 0 0 0 0 0 0 0 0 0 0 0 0 0 0 0 0 0 0 0 0 0 0 0 0 0 0 0 0 0 0 0 0 0 0 0 0 0 0 0 0 0 0 0 0 0 0 0 0 0 0 0 0 0 0 0 0 0 0 0 0 0 0 0 0 0 0 0 0 0 0 0 0 0 0 0 0 0 0 0 0 0 0 0 0 0 0 0 0
0 3 2 13 1 5 19 7 21 59 4 6 15 11 14 20 49 10 38 8 16 74 54 22 24 79 9 30 28 33 39 29 58 45 25 17 35 12 53 40 36 66 57 31 18 32 85 47 41 64 50 43 69 52 72 23 42 27 37 46 44 61 68 60 56 75 63 71 48 34 51 55 77 70 65 26 62 67 76 86 73 80 83 78 81 89 82 87 84 90 88 91 0 0 0 0 0 0 0 0 0 0 0 0 0 0 0 0 0 0 0 0 0 0 0 0 0 0 0 0 0 0 0 0 0 0 0 0 0 0 0 0 0 0 0 0 0 0 0 0 0 0 0 0 0 0 0 0 0 0 0 0 0 0 0 0 0 0 0 0 0 0 0 0 0 0 0 0 0 0 0 0 0 0 0 0 0 0 0 0 0 0 0 0
0 2 13 3 7 1 4 38 58 14 46 22 49 17 15 30 16 11 25 42 21 41 59 43 23 64 8 10 29 5 27 35 36 69 24 34 45 18 20 28 19 32 6 53 9 50 60 33 12 37 39 44 51 55 31 54 74 79 47 63 52 72 77 26 61 78 66 81 85 68 40 75 71 73 56 57 80 62 76 67 48 86 89 65 83 87 90 70 82 84 88 91 0 0 0 0 0 0 0 0 0 0 0 0 0 0 0 0 0 0 0 0 0 0 0 0 0 0 0 0 0 0 0 0 0 0 0 0 0 0 0 0 0 0 0 0 0 0 0 0 0 0 0 0 0 0 0 0 0 0 0 0 0 0 0 0 0 0 0 0 0 0 0 0 0 0 0 0 0 0 0 0 0 0 0 0 0 0 0 0 0 0 0 0
0 3 2 13 1 5 19 7 21 59 4 6 15 11 14 20 49 10 38 8 16 74 54 22 24 79 9 30 28 33 39 29 58 45 25 17 35 12 53 40 36 66 57 31 18 32 85 47 41 64 50 43 69 52 72 23 42 27 37 46 44 61 68 60 56 75 63 71 48 34 51 55 77 70 65 26 62 67 76 86 73 80 83 78 81 89 82 87 84 90 88 91 0 0 0 0 0 0 0 0 0 0 0 0 0 0 0 0 0 0 0 0 0 0 0 0 0 0 0 0 0 0 0 0 0 0 0 0 0 0 0 0 0 0 0 0 0 0 0 0 0 0 0 0 0 0 0 0 0 0 0 0 0 0 0 0 0 0 0 0 0 0 0 0 0 0 0 0 0 0 0 0 0 0 0 0 0 0 0 0 0 0 0 0
0 1 3 16 11 15 29 45 7 5 10 21 25 47 2 59 19 28 18 14 22 26 32 35 54 36 20 13 64 60 4 74 62 46 39 30 85 49 41 79 43 69 38 33 6 42 50 67 44 63 52 72 17 61 23 8 9 12 68 77 53 24 40 31 75 66 78 73 71 27 57 48 58 80 34 65 76 56 83 37 89 86 51 55 87 70 90 81 82 84 88 91 0 0 0 0 0 0 0 0 0 0 0 0 0 0 0 0 0 0 0 0 0 0 0 0 0 0 0 0 0 0 0 0 0 0 0 0 0 0 0 0 0 0 0 0 0 0 0 0 0 0 0 0 0 0 0 0 0 0 0 0 0 0 0 0 0 0 0 0 0 0 0 0 0 0 0 0 0 0 0 0 0 0 0 0 0 0 0 0 0 0 0 0
0 3 11 1 35 5 6 19 2 16 28 14 13 23 22 27 29 38 15 25 49 17 34 58 33 46 9 53 12 47 54 40 31 32 45 60 64 57 66 76 50 48 63 69 7 37 51 21 55 4 20 39 10 24 65 74 8 18 44 52 26 59 56 61 68 30 71 62 67 79 42 75 86 83 36 85 41 72 43 77 78 81 73 80 70 89 87 90 82 84 88 91 0 0 0 0 0 0 0 0 0 0 0 0 0 0 0 0 0 0 0 0 0 0 0 0 0 0 0 0 0 0 0 0 0 0 0 0 0 0 0 0 0 0 0 0 0 0 0 0 0 0 0 0 0 0 0 0 0 0 0 0 0 0 0 0 0 0 0 0 0 0 0 0 0 0 0 0 0 0 0 0 0 0 0 0 0 0 0 0 0 0 0 0
0 1 15 2 14 4 54 13 46 16 58 17 22 38 49 25 3 5 47 28 11 23 64 29 7 8 35 45 33 6 19 32 9 63 12 50 10 53 69 66 30 60 41 36 18 72 24 52 26 43 77 42 62 40 78 21 81 27 34 67 57 59 76 37 20 39 74 61 44 56 51 55 31 48 68 79 75 65 86 71 85 83 73 87 90 89 80 70 82 84 88 91 0 0 0 0 0 0 0 0 0 0 0 0 0 0 0 0 0 0 0 0 0 0 0 0 0 0 0 0 0 0 0 0 0 0 0 0 0 0 0 0 0 0 0 0 0 0 0 0 0 0 0 0 0 0 0 0 0 0 0 0 0 0 0 0 0 0 0 0 0 0 0 0 0 0 0 0 0 0 0 0 0 0 0 0 0 0 0 0 0 0 0 0
0 1 3 2 7 11 14 16 5 13 10 6 23 25 35 20 38 9 22 49 64 19 12 17 30 21 40 28 69 41 31 57 18 33 43 27 42 4 15 74 39 58 47 54 79 46 29 44 59 24 8 53 32 45 36 72 66 34 61 50 26 37 52 51 55 77 48 70 78 60 81 82 62 67 68 63 71 65 85 73 56 75 84 80 76 83 88 86 89 87 90 91 0 0 0 0 0 0 0 0 0 0 0 0 0 0 0 0 0 0 0 0 0 0 0 0 0 0 0 0 0 0 0 0 0 0 0 0 0 0 0 0 0 0 0 0 0 0 0 0 0 0 0 0 0 0 0 0 0 0 0 0 0 0 0 0 0 0 0 0 0 0 0 0 0 0 0 0 0 0 0 0 0 0 0 0 0 0 0 0 0 0 0 0
0 1 3 2 7 11 14 16 5 13 10 6 23 25 35 20 38 9 22 49 64 19 12 17 30 21 40 28 69 41 31 57 18 33 43 27 42 4 15 74 39 58 47 54 79 46 29 44 59 24 8 53 32 45 36 72 66 34 61 50 26 37 52 51 55 77 48 70 78 60 81 82 62 67 68 63 71 65 85 73 56 75 84 80 76 83 88 86 89 87 90 91 0 0 0 0 0 0 0 0 0 0 0 0 0 0 0 0 0 0 0 0 0 0 0 0 0 0 0 0 0 0 0 0 0 0 0 0 0 0 0 0 0 0 0 0 0 0 0 0 0 0 0 0 0 0 0 0 0 0 0 0 0 0 0 0 0 0 0 0 0 0 0 0 0 0 0 0 0 0 0 0 0 0 0 0 0 0 0 0 0 0 0 0
0 1 3 2 13 7 38 10 15 21 18 59 4 11 49 54 14 58 26 8 46 62 23 67 24 20 17 27 39 74 44 5 34 35 36 28 72 16 19 53 29 85 6 32 22 25 50 47 61 45 30 66 60 64 68 41 79 42 43 63 73 33 9 12 69 40 37 89 52 75 51 57 77 76 56 31 71 80 55 48 70 86 65 83 87 90 78 81 82 84 88 91 0 0 0 0 0 0 0 0 0 0 0 0 0 0 0 0 0 0 0 0 0 0 0 0 0 0 0 0 0 0 0 0 0 0 0 0 0 0 0 0 0 0 0 0 0 0 0 0 0 0 0 0 0 0 0 0 0 0 0 0 0 0 0 0 0 0 0 0 0 0 0 0 0 0 0 0 0 0 0 0 0 0 0 0 0 0 0 0 0 0 0 0
0 1 16 25 15 47 3 29 54 64 7 11 21 10 5 20 28 2 33 45 4 13 19 58 24 52 14 63 18 59 74 49 53 79 23 8 35 27 39 44 36 69 26 22 32 6 9 12 38 50 31 46 17 72 62 48 66 67 60 37 34 51 55 65 85 30 42 61 70 68 71 73 40 89 75 56 41 43 77 57 78 80 81 82 76 86 84 88 83 87 90 91 0 0 0 0 0 0 0 0 0 0 0 0 0 0 0 0 0 0 0 0 0 0 0 0 0 0 0 0 0 0 0 0 0 0 0 0 0 0 0 0 0 0 0 0 0 0 0 0 0 0 0 0 0 0 0 0 0 0 0 0 0 0 0 0 0 0 0 0 0 0 0 0 0 0 0 0 0 0 0 0 0 0 0 0 0 0 0 0 0 0 0 0
0 2 13 4 58 14 17 49 3 11 22 35 38 30 7 1 8 10 5 20 6 9 16 12 29 28 53 40 33 45 36 66 57 21 31 19 59 15 74 54 24 79 39 25 42 46 44 23 41 32 47 63 64 52 60 27 34 37 50 18 26 61 68 85 62 75 51 48 65 83 67 72 43 69 76 77 78 55 81 56 70 71 82 73 86 84 89 87 90 80 88 91 0 0 0 0 0 0 0 0 0 0 0 0 0 0 0 0 0 0 0 0 0 0 0 0 0 0 0 0 0 0 0 0 0 0 0 0 0 0 0 0 0 0 0 0 0 0 0 0 0 0 0 0 0 0 0 0 0 0 0 0 0 0 0 0 0 0 0 0 0 0 0 0 0 0 0 0 0 0 0 0 0 0 0 0 0 0 0 0 0 0 0 0
0 2 4 13 3 1 7 58 8 21 16 14 46 38 25 29 11 10 23 27 15 54 49 45 59 47 34 22 35 17 24 61 36 68 64 63 18 69 30 42 72 20 74 79 85 41 26 39 5 43 6 19 37 51 28 73 62 44 55 32 70 60 9 40 67 50 89 12 31 57 71 56 53 33 52 66 48 77 76 80 65 78 75 83 86 87 81 82 84 88 90 91 0 0 0 0 0 0 0 0 0 0 0 0 0 0 0 0 0 0 0 0 0 0 0 0 0 0 0 0 0 0 0 0 0 0 0 0 0 0 0 0 0 0 0 0 0 0 0 0 0 0 0 0 0 0 0 0 0 0 0 0 0 0 0 0 0 0 0 0 0 0 0 0 0 0 0 0 0 0 0 0 0 0 0 0 0 0 0 0 0 0 0 0
0 1 16 25 15 47 3 29 54 64 7 11 21 10 5 20 28 2 33 45 4 13 19 58 24 52 14 63 18 59 74 49 53 79 23 8 35 27 39 44 36 69 26 22 32 6 9 12 38 50 31 46 17 72 62 48 66 67 60 37 34 51 55 65 85 30 42 61 70 68 71 73 40 89 75 56 41 43 77 57 78 80 81 82 76 86 84 88 83 87 90 91 0 0 0 0 0 0 0 0 0 0 0 0 0 0 0 0 0 0 0 0 0 0 0 0 0 0 0 0 0 0 0 0 0 0 0 0 0 0 0 0 0 0 0 0 0 0 0 0 0 0 0 0 0 0 0 0 0 0 0 0 0 0 0 0 0 0 0 0 0 0 0 0 0 0 0 0 0 0 0 0 0 0 0 0 0 0 0 0 0 0 0 0
0 2 13 4 58 14 17 49 3 11 22 35 38 30 7 1 8 10 5 20 6 9 16 12 29 28 53 40 33 45 36 66 57 21 31 19 59 15 74 54 24 79 39 25 42 46 44 23 41 32 47 63 64 52 60 27 34 37 50 18 26 61 68 85 62 75 51 48 65 83 67 72 43 69 76 77 78 55 81 56 70 71 82 73 86 84 89 87 90 80 88 91 0 0 0 0 0 0 0 0 0 0 0 0 0 0 0 0 0 0 0 0 0 0 0 0 0 0 0 0 0 0 0 0 0 0 0 0 0 0 0 0 0 0 0 0 0 0 0 0 0 0 0 0 0 0 0 0 0 0 0 0 0 0 0 0 0 0 0 0 0 0 0 0 0 0 0 0 0 0 0 0 0 0 0 0 0 0 0 0 0 0 0 0
0 2 13 4 58 14 17 49 3 11 22 35 38 30 7 1 8 10 5 20 6 9 16 12 29 28 53 40 33 45 36 66 57 21 31 19 59 15 74 54 24 79 39 25 42 46 44 23 41 32 47 63 64 52 60 27 34 37 50 18 26 61 68 85 62 75 51 48 65 83 67 72 43 69 76 77 78 55 81 56 70 71 82 73 86 84 89 87 90 80 88 91 0 0 0 0 0 0 0 0 0 0 0 0 0 0 0 0 0 0 0 0 0 0 0 0 0 0 0 0 0 0 0 0 0 0 0 0 0 0 0 0 0 0 0 0 0 0 0 0 0 0 0 0 0 0 0 0 0 0 0 0 0 0 0 0 0 0 0 0 0 0 0 0 0 0 0 0 0 0 0 0 0 0 0 0 0 0 0 0 0 0 0 0
0 2 13 58 1 38 4 16 15 14 49 17 3 11 25 5 6 23 7 28 46 64 47 19 54 29 22 45 53 27 10 37 21 51 66 69 24 35 20 34 30 8 36 59 18 26 41 61 72 33 43 42 39 74 44 79 9 62 67 40 85 57 32 56 68 73 89 63 50 71 80 55 60 12 52 70 77 75 31 48 65 76 86 78 83 81 87 90 82 84 88 91 0 0 0 0 0 0 0 0 0 0 0 0 0 0 0 0 0 0 0 0 0 0 0 0 0 0 0 0 0 0 0 0 0 0 0 0 0 0 0 0 0 0 0 0 0 0 0 0 0 0 0 0 0 0 0 0 0 0 0 0 0 0 0 0 0 0 0 0 0 0 0 0 0 0 0 0 0 0 0 0 0 0 0 0 0 0 0 0 0 0 0 0
0 2 13 58 1 38 4 16 15 14 49 17 3 11 25 5 6 23 7 28 46 64 47 19 54 29 22 45 53 27 10 37 21 51 66 69 24 35 20 34 30 8 36 59 18 26 41 61 72 33 43 42 39 74 44 79 9 62 67 40 85 57 32 56 68 73 89 63 50 71 80 55 60 12 52 70 77 75 31 48 65 76 86 78 83 81 87 90 82 84 88 91 0 0 0 0 0 0 0 0 0 0 0 0 0 0 0 0 0 0 0 0 0 0 0 0 0 0 0 0 0 0 0 0 0 0 0 0 0 0 0 0 0 0 0 0 0 0 0 0 0 0 0 0 0 0 0 0 0 0 0 0 0 0 0 0 0 0 0 0 0 0 0 0 0 0 0 0 0 0 0 0 0 0 0 0 0 0 0 0 0 0 0 0
0 2 13 58 1 38 4 16 15 14 49 17 3 11 25 5 6 23 7 28 46 64 47 19 54 29 22 45 53 27 10 37 21 51 66 69 24 35 20 34 30 8 36 59 18 26 41 61 72 33 43 42 39 74 44 79 9 62 67 40 85 57 32 56 68 73 89 63 50 71 80 55 60 12 52 70 77 75 31 48 65 76 86 78 83 81 87 90 82 84 88 91 0 0 0 0 0 0 0 0 0 0 0 0 0 0 0 0 0 0 0 0 0 0 0 0 0 0 0 0 0 0 0 0 0 0 0 0 0 0 0 0 0 0 0 0 0 0 0 0 0 0 0 0 0 0 0 0 0 0 0 0 0 0 0 0 0 0 0 0 0 0 0 0 0 0 0 0 0 0 0 0 0 0 0 0 0 0 0 0 0 0 0 0
0 1 2 3 4 13 14 8 5 7 15 16 6 19 22 46 9 25 29 21 28 38 58 17 20 47 10 30 32 11 33 12 41 42 43 18 39 45 59 23 35 52 31 64 50 53 27 34 26 54 36 61 69 74 37 48 72 44 51 63 24 77 40 78 79 55 68 70 66 65 56 81 57 71 60 73 75 83 82 76 80 86 62 85 87 84 67 49 90 88 89 91 0 0 0 0 0 0 0 0 0 0 0 0 0 0 0 0 0 0 0 0 0 0 0 0 0 0 0 0 0 0 0 0 0 0 0 0 0 0 0 0 0 0 0 0 0 0 0 0 0 0 0 0 0 0 0 0 0 0 0 0 0 0 0 0 0 0 0 0 0 0 0 0 0 0 0 0 0 0 0 0 0 0 0 0 0 0 0 0 0 0 0 0
0 1 2 4 3 16 13 7 11 15 25 20 74 39 14 17 58 64 47 38 54 69 79 23 46 22 29 5 10 44 35 21 6 59 28 19 33 9 49 12 30 40 41 31 57 18 43 27 42 37 52 24 26 51 32 55 36 77 48 50 70 8 53 45 72 66 34 61 62 85 63 60 67 78 81 68 73 71 80 82 84 88 75 89 76 56 65 86 83 87 90 91 0 0 0 0 0 0 0 0 0 0 0 0 0 0 0 0 0 0 0 0 0 0 0 0 0 0 0 0 0 0 0 0 0 0 0 0 0 0 0 0 0 0 0 0 0 0 0 0 0 0 0 0 0 0 0 0 0 0 0 0 0 0 0 0 0 0 0 0 0 0 0 0 0 0 0 0 0 0 0 0 0 0 0 0 0 0 0 0 0 0 0 0
0 1 2 4 3 16 13 7 11 15 25 20 74 39 14 17 58 64 47 38 54 69 79 23 46 22 29 5 10 44 35 21 6 59 28 19 33 9 49 12 30 40 41 31 57 18 43 27 42 37 52 24 26 51 32 55 36 77 48 50 70 8 53 45 72 66 34 61 62 85 63 60 67 78 81 68 73 71 80 82 84 88 75 89 76 56 65 86 83 87 90 91 0 0 0 0 0 0 0 0 0 0 0 0 0 0 0 0 0 0 0 0 0 0 0 0 0 0 0 0 0 0 0 0 0 0 0 0 0 0 0 0 0 0 0 0 0 0 0 0 0 0 0 0 0 0 0 0 0 0 0 0 0 0 0 0 0 0 0 0 0 0 0 0 0 0 0 0 0 0 0 0 0 0 0 0 0 0 0 0 0 0 0 0
0 3 2 7 20 21 59 13 14 1 58 49 16 74 5 25 11 15 28 39 47 64 10 29 45 18 6 24 19 46 38 22 54 63 33 23 26 61 4 44 30 68 35 79 32 41 52 43 17 53 62 8 9 42 50 67 69 36 60 40 85 27 57 37 12 34 66 31 48 51 76 65 77 83 72 55 73 75 78 70 71 56 80 86 89 81 87 82 84 90 88 91 0 0 0 0 0 0 0 0 0 0 0 0 0 0 0 0 0 0 0 0 0 0 0 0 0 0 0 0 0 0 0 0 0 0 0 0 0 0 0 0 0 0 0 0 0 0 0 0 0 0 0 0 0 0 0 0 0 0 0 0 0 0 0 0 0 0 0 0 0 0 0 0 0 0 0 0 0 0 0 0 0 0 0 0 0 0 0 0 0 0 0 0
0 3 2 7 20 21 59 13 14 1 58 49 16 74 5 25 11 15 28 39 47 64 10 29 45 18 6 24 19 46 38 22 54 63 33 23 26 61 4 44 30 68 35 79 32 41 52 43 17 53 62 8 9 42 50 67 69 36 60 40 85 27 57 37 12 34 66 31 48 51 76 65 77 83 72 55 73 75 78 70 71 56 80 86 89 81 87 82 84 90 88 91 0 0 0 0 0 0 0 0 0 0 0 0 0 0 0 0 0 0 0 0 0 0 0 0 0 0 0 0 0 0 0 0 0 0 0 0 0 0 0 0 0 0 0 0 0 0 0 0 0 0 0 0 0 0 0 0 0 0 0 0 0 0 0 0 0 0 0 0 0 0 0 0 0 0 0 0 0 0 0 0 0 0 0 0 0 0 0 0 0 0 0 0
0 2 4 3 1 14 5 6 46 13 16 7 49 17 28 10 8 11 19 32 20 21 33 74 60 23 18 58 52 59 79 25 47 29 64 35 45 15 53 39 61 9 38 22 30 40 57 27 50 24 69 66 12 26 31 62 48 37 34 76 51 67 36 55 42 54 70 44 85 68 72 71 63 65 83 75 73 41 56 80 86 87 43 77 90 78 89 81 82 84 88 91 0 0 0 0 0 0 0 0 0 0 0 0 0 0 0 0 0 0 0 0 0 0 0 0 0 0 0 0 0 0 0 0 0 0 0 0 0 0 0 0 0 0 0 0 0 0 0 0 0 0 0 0 0 0 0 0 0 0 0 0 0 0 0 0 0 0 0 0 0 0 0 0 0 0 0 0 0 0 0 0 0 0 0 0 0 0 0 0 0 0 0 0
0 2 1 3 15 54 11 13 4 35 8 49 5 23 19 38 14 6 9 7 27 17 10 18 58 46 26 36 62 21 40 28 34 16 22 72 53 24 37 51 20 59 39 67 30 74 44 79 85 25 64 32 69 47 55 33 29 61 50 60 56 42 45 70 63 66 68 52 75 71 73 41 80 89 12 43 31 77 78 48 65 83 81 57 76 86 82 84 87 88 90 91 0 0 0 0 0 0 0 0 0 0 0 0 0 0 0 0 0 0 0 0 0 0 0 0 0 0 0 0 0 0 0 0 0 0 0 0 0 0 0 0 0 0 0 0 0 0 0 0 0 0 0 0 0 0 0 0 0 0 0 0 0 0 0 0 0 0 0 0 0 0 0 0 0 0 0 0 0 0 0 0 0 0 0 0 0 0 0 0 0 0 0 0
0 2 1 3 15 54 11 13 4 35 8 49 5 23 19 38 14 6 9 7 27 17 10 18 58 46 26 36 62 21 40 28 34 16 22 72 53 24 37 51 20 59 39 67 30 74 44 79 85 25 64 32 69 47 55 33 29 61 50 60 56 42 45 70 63 66 68 52 75 71 73 41 80 89 12 43 31 77 78 48 65 83 81 57 76 86 82 84 87 88 90 91 0 0 0 0 0 0 0 0 0 0 0 0 0 0 0 0 0 0 0 0 0 0 0 0 0 0 0 0 0 0 0 0 0 0 0 0 0 0 0 0 0 0 0 0 0 0 0 0 0 0 0 0 0 0 0 0 0 0 0 0 0 0 0 0 0 0 0 0 0 0 0 0 0 0 0 0 0 0 0 0 0 0 0 0 0 0 0 0 0 0 0 0
0 2 1 3 15 54 11 13 4 35 8 49 5 23 19 38 14 6 9 7 27 17 10 18 58 46 26 36 62 21 40 28 34 16 22 72 53 24 37 51 20 59 39 67 30 74 44 79 85 25 64 32 69 47 55 33 29 61 50 60 56 42 45 70 63 66 68 52 75 71 73 41 80 89 12 43 31 77 78 48 65 83 81 57 76 86 82 84 87 88 90 91 0 0 0 0 0 0 0 0 0 0 0 0 0 0 0 0 0 0 0 0 0 0 0 0 0 0 0 0 0 0 0 0 0 0 0 0 0 0 0 0 0 0 0 0 0 0 0 0 0 0 0 0 0 0 0 0 0 0 0 0 0 0 0 0 0 0 0 0 0 0 0 0 0 0 0 0 0 0 0 0 0 0 0 0 0 0 0 0 0 0 0 0
0 1 16 3 11 2 15 29 45 23 13 49 14 58 54 5 25 46 47 27 64 7 35 17 10 28 33 19 53 6 20 9 74 39 44 40 52 21 59 34 12 31 32 37 4 60 22 30 18 38 50 51 79 26 41 55 43 62 24 42 67 57 56 69 36 72 70 8 61 68 63 85 71 73 80 66 75 89 77 78 81 82 48 65 84 88 76 86 83 87 90 91 0 0 0 0 0 0 0 0 0 0 0 0 0 0 0 0 0 0 0 0 0 0 0 0 0 0 0 0 0 0 0 0 0 0 0 0 0 0 0 0 0 0 0 0 0 0 0 0 0 0 0 0 0 0 0 0 0 0 0 0 0 0 0 0 0 0 0 0 0 0 0 0 0 0 0 0 0 0 0 0 0 0 0 0 0 0 0 0 0 0 0 0
0 1 16 3 11 2 15 29 45 23 13 49 14 58 54 5 25 46 47 27 64 7 35 17 10 28 33 19 53 6 20 9 74 39 44 40 52 21 59 34 12 31 32 37 4 60 22 30 18 38 50 51 79 26 41 55 43 62 24 42 67 57 56 69 36 72 70 8 61 68 63 85 71 73 80 66 75 89 77 78 81 82 48 65 84 88 76 86 83 87 90 91 0 0 0 0 0 0 0 0 0 0 0 0 0 0 0 0 0 0 0 0 0 0 0 0 0 0 0 0 0 0 0 0 0 0 0 0 0 0 0 0 0 0 0 0 0 0 0 0 0 0 0 0 0 0 0 0 0 0 0 0 0 0 0 0 0 0 0 0 0 0 0 0 0 0 0 0 0 0 0 0 0 0 0 0 0 0 0 0 0 0 0 0
0 2 4 13 8 58 38 14 49 1 22 17 30 46 3 41 11 7 5 19 35 20 15 74 54 10 16 28 24 6 25 43 32 18 9 36 42 23 64 21 47 26 39 44 59 79 69 53 12 60 40 33 62 57 52 31 27 77 37 51 48 34 50 56 72 67 61 55 65 78 70 85 83 29 45 66 68 73 81 89 75 82 71 63 84 80 88 76 86 87 90 91 0 0 0 0 0 0 0 0 0 0 0 0 0 0 0 0 0 0 0 0 0 0 0 0 0 0 0 0 0 0 0 0 0 0 0 0 0 0 0 0 0 0 0 0 0 0 0 0 0 0 0 0 0 0 0 0 0 0 0 0 0 0 0 0 0 0 0 0 0 0 0 0 0 0 0 0 0 0 0 0 0 0 0 0 0 0 0 0 0 0 0 0
0 2 4 13 8 58 38 14 49 1 22 17 30 46 3 41 11 7 5 19 35 20 15 74 54 10 16 28 24 6 25 43 32 18 9 36 42 23 64 21 47 26 39 44 59 79 69 53 12 60 40 33 62 57 52 31 27 77 37 51 48 34 50 56 72 67 61 55 65 78 70 85 83 29 45 66 68 73 81 89 75 82 71 63 84 80 88 76 86 87 90 91 0 0 0 0 0 0 0 0 0 0 0 0 0 0 0 0 0 0 0 0 0 0 0 0 0 0 0 0 0 0 0 0 0 0 0 0 0 0 0 0 0 0 0 0 0 0 0 0 0 0 0 0 0 0 0 0 0 0 0 0 0 0 0 0 0 0 0 0 0 0 0 0 0 0 0 0 0 0 0 0 0 0 0 0 0 0 0 0 0 0 0 0
0 1 2 3 13 15 58 54 11 38 16 25 35 47 4 49 5 6 19 29 8 9 64 28 45 69 7 32 40 12 33 14 17 31 63 22 30 60 53 42 46 66 41 20 10 43 36 52 39 77 48 57 21 23 65 59 27 72 50 44 78 18 76 24 56 37 61 81 68 73 83 75 51 34 86 87 26 71 62 80 74 85 79 90 67 55 89 70 82 84 88 91 0 0 0 0 0 0 0 0 0 0 0 0 0 0 0 0 0 0 0 0 0 0 0 0 0 0 0 0 0 0 0 0 0 0 0 0 0 0 0 0 0 0 0 0 0 0 0 0 0 0 0 0 0 0 0 0 0 0 0 0 0 0 0 0 0 0 0 0 0 0 0 0 0 0 0 0 0 0 0 0 0 0 0 0 0 0 0 0 0 0 0 0
0 2 4 13 3 49 5 38 1 19 15 8 16 7 6 21 10 20 39 54 59 25 29 28 45 44 11 23 35 14 32 58 60 9 22 30 53 40 42 17 74 27 46 18 36 64 34 12 31 72 50 24 48 56 85 65 33 79 57 52 66 26 62 37 69 83 51 67 55 47 76 41 61 68 63 43 73 89 70 77 78 75 86 71 80 81 82 84 88 87 90 91 0 0 0 0 0 0 0 0 0 0 0 0 0 0 0 0 0 0 0 0 0 0 0 0 0 0 0 0 0 0 0 0 0 0 0 0 0 0 0 0 0 0 0 0 0 0 0 0 0 0 0 0 0 0 0 0 0 0 0 0 0 0 0 0 0 0 0 0 0 0 0 0 0 0 0 0 0 0 0 0 0 0 0 0 0 0 0 0 0 0 0 0
0 2 4 13 3 49 5 38 1 19 15 8 16 7 6 21 10 20 39 54 59 25 29 28 45 44 11 23 35 14 32 58 60 9 22 30 53 40 42 17 74 27 46 18 36 64 34 12 31 72 50 24 48 56 85 65 33 79 57 52 66 26 62 37 69 83 51 67 55 47 76 41 61 68 63 43 73 89 70 77 78 75 86 71 80 81 82 84 88 87 90 91 0 0 0 0 0 0 0 0 0 0 0 0 0 0 0 0 0 0 0 0 0 0 0 0 0 0 0 0 0 0 0 0 0 0 0 0 0 0 0 0 0 0 0 0 0 0 0 0 0 0 0 0 0 0 0 0 0 0 0 0 0 0 0 0 0 0 0 0 0 0 0 0 0 0 0 0 0 0 0 0 0 0 0 0 0 0 0 0 0 0 0 0
0 2 4 13 3 49 5 38 1 19 15 8 16 7 6 21 10 20 39 54 59 25 29 28 45 44 11 23 35 14 32 58 60 9 22 30 53 40 42 17 74 27 46 18 36 64 34 12 31 72 50 24 48 56 85 65 33 79 57 52 66 26 62 37 69 83 51 67 55 47 76 41 61 68 63 43 73 89 70 77 78 75 86 71 80 81 82 84 88 87 90 91 0 0 0 0 0 0 0 0 0 0 0 0 0 0 0 0 0 0 0 0 0 0 0 0 0 0 0 0 0 0 0 0 0 0 0 0 0 0 0 0 0 0 0 0 0 0 0 0 0 0 0 0 0 0 0 0 0 0 0 0 0 0 0 0 0 0 0 0 0 0 0 0 0 0 0 0 0 0 0 0 0 0 0 0 0 0 0 0 0 0 0 0
0 2 4 13 3 49 5 38 1 19 15 8 16 7 6 21 10 20 39 54 59 25 29 28 45 44 11 23 35 14 32 58 60 9 22 30 53 40 42 17 74 27 46 18 36 64 34 12 31 72 50 24 48 56 85 65 33 79 57 52 66 26 62 37 69 83 51 67 55 47 76 41 61 68 63 43 73 89 70 77 78 75 86 71 80 81 82 84 88 87 90 91 0 0 0 0 0 0 0 0 0 0 0 0 0 0 0 0 0 0 0 0 0 0 0 0 0 0 0 0 0 0 0 0 0 0 0 0 0 0 0 0 0 0 0 0 0 0 0 0 0 0 0 0 0 0 0 0 0 0 0 0 0 0 0 0 0 0 0 0 0 0 0 0 0 0 0 0 0 0 0 0 0 0 0 0 0 0 0 0 0 0 0 0
0 2 4 13 3 49 5 38 1 19 15 8 16 7 6 21 10 20 39 54 59 25 29 28 45 44 11 23 35 14 32 58 60 9 22 30 53 40 42 17 74 27 46 18 36 64 34 12 31 72 50 24 48 56 85 65 33 79 57 52 66 26 62 37 69 83 51 67 55 47 76 41 61 68 63 43 73 89 70 77 78 75 86 71 80 81 82 84 88 87 90 91 0 0 0 0 0 0 0 0 0 0 0 0 0 0 0 0 0 0 0 0 0 0 0 0 0 0 0 0 0 0 0 0 0 0 0 0 0 0 0 0 0 0 0 0 0 0 0 0 0 0 0 0 0 0 0 0 0 0 0 0 0 0 0 0 0 0 0 0 0 0 0 0 0 0 0 0 0 0 0 0 0 0 0 0 0 0 0 0 0 0 0 0
0 3 7 11 20 39 5 2 28 44 74 53 21 59 10 19 6 33 24 35 1 36 72 18 23 15 85 14 27 4 8 16 29 13 17 54 32 50 22 9 52 12 40 30 42 57 34 26 31 41 56 60 58 62 38 79 49 67 37 51 46 45 55 48 65 83 70 25 66 64 43 69 47 76 63 77 61 78 81 82 84 68 71 75 73 86 80 88 87 89 90 91 0 0 0 0 0 0 0 0 0 0 0 0 0 0 0 0 0 0 0 0 0 0 0 0 0 0 0 0 0 0 0 0 0 0 0 0 0 0 0 0 0 0 0 0 0 0 0 0 0 0 0 0 0 0 0 0 0 0 0 0 0 0 0 0 0 0 0 0 0 0 0 0 0 0 0 0 0 0 0 0 0 0 0 0 0 0 0 0 0 0 0 0
0 1 15 54 3 5 11 19 16 28 53 35 33 29 6 25 52 45 32 9 66 47 40 57 23 12 64 7 21 20 59 27 2 34 74 14 31 39 44 10 36 24 50 18 72 4 56 85 26 37 79 60 13 69 63 8 51 17 76 62 55 22 38 49 46 58 48 65 67 83 30 61 42 70 41 43 77 78 81 68 71 73 80 82 75 86 84 87 88 89 90 91 0 0 0 0 0 0 0 0 0 0 0 0 0 0 0 0 0 0 0 0 0 0 0 0 0 0 0 0 0 0 0 0 0 0 0 0 0 0 0 0 0 0 0 0 0 0 0 0 0 0 0 0 0 0 0 0 0 0 0 0 0 0 0 0 0 0 0 0 0 0 0 0 0 0 0 0 0 0 0 0 0 0 0 0 0 0 0 0 0 0 0 0
0 3 7 11 20 39 5 2 28 44 74 53 21 59 10 19 6 33 24 35 1 36 72 18 23 15 85 14 27 4 8 16 29 13 17 54 32 50 22 9 52 12 40 30 42 57 34 26 31 41 56 60 58 62 38 79 49 67 37 51 46 45 55 48 65 83 70 25 66 64 43 69 47 76 63 77 61 78 81 82 84 68 71 75 73 86 80 88 87 89 90 91 0 0 0 0 0 0 0 0 0 0 0 0 0 0 0 0 0 0 0 0 0 0 0 0 0 0 0 0 0 0 0 0 0 0 0 0 0 0 0 0 0 0 0 0 0 0 0 0 0 0 0 0 0 0 0 0 0 0 0 0 0 0 0 0 0 0 0 0 0 0 0 0 0 0 0 0 0 0 0 0 0 0 0 0 0 0 0 0 0 0 0 0
0 1 15 54 3 5 11 19 16 28 53 35 33 29 6 25 52 45 32 9 66 47 40 57 23 12 64 7 21 20 59 27 2 34 74 14 31 39 44 10 36 24 50 18 72 4 56 85 26 37 79 60 13 69 63 8 51 17 76 62 55 22 38 49 46 58 48 65 67 83 30 61 42 70 41 43 77 78 81 68 71 73 80 82 75 86 84 87 88 89 90 91 0 0 0 0 0 0 0 0 0 0 0 0 0 0 0 0 0 0 0 0 0 0 0 0 0 0 0 0 0 0 0 0 0 0 0 0 0 0 0 0 0 0 0 0 0 0 0 0 0 0 0 0 0 0 0 0 0 0 0 0 0 0 0 0 0 0 0 0 0 0 0 0 0 0 0 0 0 0 0 0 0 0 0 0 0 0 0 0 0 0 0 0
0 1 15 2 14 54 46 16 3 29 5 45 19 28 6 17 9 13 11 23 53 32 4 33 40 35 57 52 60 27 34 38 7 37 20 50 25 47 22 12 58 63 64 49 66 8 31 48 21 39 59 74 10 44 69 76 18 24 26 62 36 30 72 41 67 79 65 42 85 83 56 43 77 78 61 81 68 51 55 75 73 70 86 71 89 80 87 90 82 84 88 91 0 0 0 0 0 0 0 0 0 0 0 0 0 0 0 0 0 0 0 0 0 0 0 0 0 0 0 0 0 0 0 0 0 0 0 0 0 0 0 0 0 0 0 0 0 0 0 0 0 0 0 0 0 0 0 0 0 0 0 0 0 0 0 0 0 0 0 0 0 0 0 0 0 0 0 0 0 0 0 0 0 0 0 0 0 0 0 0 0 0 0 0
0 1 15 2 14 54 46 16 3 29 5 45 19 28 6 17 9 13 11 23 53 32 4 33 40 35 57 52 60 27 34 38 7 37 20 50 25 47 22 12 58 63 64 49 66 8 31 48 21 39 59 74 10 44 69 76 18 24 26 62 36 30 72 41 67 79 65 42 85 83 56 43 77 78 61 81 68 51 55 75 73 70 86 71 89 80 87 90 82 84 88 91 0 0 0 0 0 0 0 0 0 0 0 0 0 0 0 0 0 0 0 0 0 0 0 0 0 0 0 0 0 0 0 0 0 0 0 0 0 0 0 0 0 0 0 0 0 0 0 0 0 0 0 0 0 0 0 0 0 0 0 0 0 0 0 0 0 0 0 0 0 0 0 0 0 0 0 0 0 0 0 0 0 0 0 0 0 0 0 0 0 0 0 0
0 1 15 2 14 54 46 16 3 29 5 45 19 28 6 17 9 13 11 23 53 32 4 33 40 35 57 52 60 27 34 38 7 37 20 50 25 47 22 12 58 63 64 49 66 8 31 48 21 39 59 74 10 44 69 76 18 24 26 62 36 30 72 41 67 79 65 42 85 83 56 43 77 78 61 81 68 51 55 75 73 70 86 71 89 80 87 90 82 84 88 91 0 0 0 0 0 0 0 0 0 0 0 0 0 0 0 0 0 0 0 0 0 0 0 0 0 0 0 0 0 0 0 0 0 0 0 0 0 0 0 0 0 0 0 0 0 0 0 0 0 0 0 0 0 0 0 0 0 0 0 0 0 0 0 0 0 0 0 0 0 0 0 0 0 0 0 0 0 0 0 0 0 0 0 0 0 0 0 0 0 0 0 0
0 1 2 3 13 14 16 46 5 49 7 4 38 19 8 25 17 58 29 64 45 28 10 69 53 21 15 32 11 60 6 59 18 24 35 23 33 9 26 52 22 12 54 36 47 20 61 68 27 40 34 63 66 50 72 75 37 57 71 31 76 73 30 51 42 41 55 74 79 39 43 48 62 67 65 77 78 86 83 70 81 80 44 89 82 85 56 87 90 84 88 91 0 0 0 0 0 0 0 0 0 0 0 0 0 0 0 0 0 0 0 0 0 0 0 0 0 0 0 0 0 0 0 0 0 0 0 0 0 0 0 0 0 0 0 0 0 0 0 0 0 0 0 0 0 0 0 0 0 0 0 0 0 0 0 0 0 0 0 0 0 0 0 0 0 0 0 0 0 0 0 0 0 0 0 0 0 0 0 0 0 0 0 0
0 1 2 3 13 14 16 46 5 49 7 4 38 19 8 25 17 58 29 64 45 28 10 69 53 21 15 32 11 60 6 59 18 24 35 23 33 9 26 52 22 12 54 36 47 20 61 68 27 40 34 63 66 50 72 75 37 57 71 31 76 73 30 51 42 41 55 74 79 39 43 48 62 67 65 77 78 86 83 70 81 80 44 89 82 85 56 87 90 84 88 91 0 0 0 0 0 0 0 0 0 0 0 0 0 0 0 0 0 0 0 0 0 0 0 0 0 0 0 0 0 0 0 0 0 0 0 0 0 0 0 0 0 0 0 0 0 0 0 0 0 0 0 0 0 0 0 0 0 0 0 0 0 0 0 0 0 0 0 0 0 0 0 0 0 0 0 0 0 0 0 0 0 0 0 0 0 0 0 0 0 0 0 0
0 3 1 16 5 7 28 25 15 32 11 2 60 53 29 64 6 10 21 59 18 24 4 14 69 35 13 46 49 38 19 8 17 58 45 23 47 20 9 66 22 33 50 30 52 61 54 12 31 26 68 42 74 40 79 41 39 71 43 48 62 67 65 27 75 34 37 36 63 72 57 76 73 51 55 86 80 77 78 70 81 44 56 85 82 84 83 87 90 89 88 91 0 0 0 0 0 0 0 0 0 0 0 0 0 0 0 0 0 0 0 0 0 0 0 0 0 0 0 0 0 0 0 0 0 0 0 0 0 0 0 0 0 0 0 0 0 0 0 0 0 0 0 0 0 0 0 0 0 0 0 0 0 0 0 0 0 0 0 0 0 0 0 0 0 0 0 0 0 0 0 0 0 0 0 0 0 0 0 0 0 0 0 0
0 1 2 14 13 4 58 49 8 22 17 38 15 16 54 25 46 29 3 11 64 69 47 35 30 41 42 23 5 19 7 20 28 33 10 21 24 59 45 32 36 52 60 63 18 39 43 77 53 74 61 78 44 50 6 27 68 26 71 62 85 72 9 79 12 40 57 34 37 67 56 75 31 66 48 76 86 65 51 83 73 81 80 89 55 70 82 84 88 87 90 91 0 0 0 0 0 0 0 0 0 0 0 0 0 0 0 0 0 0 0 0 0 0 0 0 0 0 0 0 0 0 0 0 0 0 0 0 0 0 0 0 0 0 0 0 0 0 0 0 0 0 0 0 0 0 0 0 0 0 0 0 0 0 0 0 0 0 0 0 0 0 0 0 0 0 0 0 0 0 0 0 0 0 0 0 0 0 0 0 0 0 0 0
0 3 1 16 5 7 28 25 15 32 11 2 60 53 29 64 6 10 21 59 18 24 4 14 69 35 13 46 49 38 19 8 17 58 45 23 47 20 9 66 22 33 50 30 52 61 54 12 31 26 68 42 74 40 79 41 39 71 43 48 62 67 65 27 75 34 37 36 63 72 57 76 73 51 55 86 80 77 78 70 81 44 56 85 82 84 83 87 90 89 88 91 0 0 0 0 0 0 0 0 0 0 0 0 0 0 0 0 0 0 0 0 0 0 0 0 0 0 0 0 0 0 0 0 0 0 0 0 0 0 0 0 0 0 0 0 0 0 0 0 0 0 0 0 0 0 0 0 0 0 0 0 0 0 0 0 0 0 0 0 0 0 0 0 0 0 0 0 0 0 0 0 0 0 0 0 0 0 0 0 0 0 0 0
0 1 2 14 13 4 58 49 8 22 17 38 15 16 54 25 46 29 3 11 64 69 47 35 30 41 42 23 5 19 7 20 28 33 10 21 24 59 45 32 36 52 60 63 18 39 43 77 53 74 61 78 44 50 6 27 68 26 71 62 85 72 9 79 12 40 57 34 37 67 56 75 31 66 48 76 86 65 51 83 73 81 80 89 55 70 82 84 88 87 90 91 0 0 0 0 0 0 0 0 0 0 0 0 0 0 0 0 0 0 0 0 0 0 0 0 0 0 0 0 0 0 0 0 0 0 0 0 0 0 0 0 0 0 0 0 0 0 0 0 0 0 0 0 0 0 0 0 0 0 0 0 0 0 0 0 0 0 0 0 0 0 0 0 0 0 0 0 0 0 0 0 0 0 0 0 0 0 0 0 0 0 0 0
0 1 2 14 13 4 58 49 8 22 17 38 15 16 54 25 46 29 3 11 64 69 47 35 30 41 42 23 5 19 7 20 28 33 10 21 24 59 45 32 36 52 60 63 18 39 43 77 53 74 61 78 44 50 6 27 68 26 71 62 85 72 9 79 12 40 57 34 37 67 56 75 31 66 48 76 86 65 51 83 73 81 80 89 55 70 82 84 88 87 90 91 0 0 0 0 0 0 0 0 0 0 0 0 0 0 0 0 0 0 0 0 0 0 0 0 0 0 0 0 0 0 0 0 0 0 0 0 0 0 0 0 0 0 0 0 0 0 0 0 0 0 0 0 0 0 0 0 0 0 0 0 0 0 0 0 0 0 0 0 0 0 0 0 0 0 0 0 0 0 0 0 0 0 0 0 0 0 0 0 0 0 0 0
0 3 1 16 5 7 28 25 15 32 11 2 60 53 29 64 6 10 21 59 18 24 4 14 69 35 13 46 49 38 19 8 17 58 45 23 47 20 9 66 22 33 50 30 52 61 54 12 31 26 68 42 74 40 79 41 39 71 43 48 62 67 65 27 75 34 37 36 63 72 57 76 73 51 55 86 80 77 78 70 81 44 56 85 82 84 83 87 90 89 88 91 0 0 0 0 0 0 0 0 0 0 0 0 0 0 0 0 0 0 0 0 0 0 0 0 0 0 0 0 0 0 0 0 0 0 0 0 0 0 0 0 0 0 0 0 0 0 0 0 0 0 0 0 0 0 0 0 0 0 0 0 0 0 0 0 0 0 0 0 0 0 0 0 0 0 0 0 0 0 0 0 0 0 0 0 0 0 0 0 0 0 0 0
0 3 11 1 16 2 25 64 4 8 35 23 7 10 20 36 74 24 5 27 14 13 22 18 46 58 34 85 38 47 29 15 54 69 49 45 63 21 6 17 28 9 33 53 59 52 12 61 30 68 42 40 66 41 31 57 19 39 26 32 60 37 48 50 72 51 44 62 67 55 79 65 43 83 70 77 56 78 81 76 82 75 84 71 86 87 90 73 89 80 88 91 0 0 0 0 0 0 0 0 0 0 0 0 0 0 0 0 0 0 0 0 0 0 0 0 0 0 0 0 0 0 0 0 0 0 0 0 0 0 0 0 0 0 0 0 0 0 0 0 0 0 0 0 0 0 0 0 0 0 0 0 0 0 0 0 0 0 0 0 0 0 0 0 0 0 0 0 0 0 0 0 0 0 0 0 0 0 0 0 0 0 0 0
0 3 11 1 16 2 25 64 4 8 35 23 7 10 20 36 74 24 5 27 14 13 22 18 46 58 34 85 38 47 29 15 54 69 49 45 63 21 6 17 28 9 33 53 59 52 12 61 30 68 42 40 66 41 31 57 19 39 26 32 60 37 48 50 72 51 44 62 67 55 79 65 43 83 70 77 56 78 81 76 82 75 84 71 86 87 90 73 89 80 88 91 0 0 0 0 0 0 0 0 0 0 0 0 0 0 0 0 0 0 0 0 0 0 0 0 0 0 0 0 0 0 0 0 0 0 0 0 0 0 0 0 0 0 0 0 0 0 0 0 0 0 0 0 0 0 0 0 0 0 0 0 0 0 0 0 0 0 0 0 0 0 0 0 0 0 0 0 0 0 0 0 0 0 0 0 0 0 0 0 0 0 0 0
0 1 15 3 16 7 21 10 59 29 5 45 20 24 18 6 54 11 23 25 26 28 53 35 33 74 52 32 27 60 9 47 63 2 34 66 13 50 38 4 58 64 39 62 19 49 40 79 67 12 69 14 46 44 17 56 22 61 68 30 31 41 43 57 75 77 48 36 78 37 42 72 76 86 81 71 85 65 51 55 8 70 82 73 80 89 83 84 88 87 90 91 0 0 0 0 0 0 0 0 0 0 0 0 0 0 0 0 0 0 0 0 0 0 0 0 0 0 0 0 0 0 0 0 0 0 0 0 0 0 0 0 0 0 0 0 0 0 0 0 0 0 0 0 0 0 0 0 0 0 0 0 0 0 0 0 0 0 0 0 0 0 0 0 0 0 0 0 0 0 0 0 0 0 0 0 0 0 0 0 0 0 0 0
0 1 15 3 7 16 5 25 29 11 19 47 64 23 54 27 6 10 35 20 45 24 2 63 13 49 74 79 34 58 4 9 39 36 44 12 72 85 31 18 37 51 69 14 28 21 38 26 32 46 62 8 22 59 67 17 30 53 33 41 43 50 42 66 40 52 56 61 60 48 55 70 68 77 71 65 75 83 73 78 80 57 81 89 82 84 88 76 86 87 90 91 0 0 0 0 0 0 0 0 0 0 0 0 0 0 0 0 0 0 0 0 0 0 0 0 0 0 0 0 0 0 0 0 0 0 0 0 0 0 0 0 0 0 0 0 0 0 0 0 0 0 0 0 0 0 0 0 0 0 0 0 0 0 0 0 0 0 0 0 0 0 0 0 0 0 0 0 0 0 0 0 0 0 0 0 0 0 0 0 0 0 0 0
0 1 16 29 25 2 3 15 11 45 7 23 14 21 47 17 13 46 59 27 38 5 64 54 20 34 63 6 10 39 74 9 79 69 28 58 33 61 24 52 53 4 22 30 66 8 19 41 68 35 18 44 42 49 32 50 40 37 60 71 57 12 36 43 72 56 31 48 77 65 75 83 73 51 85 55 70 80 76 26 62 78 67 86 87 90 81 82 84 88 89 91 0 0 0 0 0 0 0 0 0 0 0 0 0 0 0 0 0 0 0 0 0 0 0 0 0 0 0 0 0 0 0 0 0 0 0 0 0 0 0 0 0 0 0 0 0 0 0 0 0 0 0 0 0 0 0 0 0 0 0 0 0 0 0 0 0 0 0 0 0 0 0 0 0 0 0 0 0 0 0 0 0 0 0 0 0 0 0 0 0 0 0 0
0 1 16 29 25 2 3 15 11 45 7 23 14 21 47 17 13 46 59 27 38 5 64 54 20 34 63 6 10 39 74 9 79 69 28 58 33 61 24 52 53 4 22 30 66 8 19 41 68 35 18 44 42 49 32 50 40 37 60 71 57 12 36 43 72 56 31 48 77 65 75 83 73 51 85 55 70 80 76 26 62 78 67 86 87 90 81 82 84 88 89 91 0 0 0 0 0 0 0 0 0 0 0 0 0 0 0 0 0 0 0 0 0 0 0 0 0 0 0 0 0 0 0 0 0 0 0 0 0 0 0 0 0 0 0 0 0 0 0 0 0 0 0 0 0 0 0 0 0 0 0 0 0 0 0 0 0 0 0 0 0 0 0 0 0 0 0 0 0 0 0 0 0 0 0 0 0 0 0 0 0 0 0 0
0 1 15 3 11 16 7 2 10 24 18 25 14 29 46 21 35 59 45 47 23 26 5 22 4 64 36 54 6 17 62 27 69 9 63 12 8 28 72 13 49 32 40 58 33 31 38 53 57 66 34 20 52 30 60 42 39 74 44 79 41 56 76 61 19 68 43 37 51 55 85 48 73 50 75 71 67 65 83 89 80 70 86 87 90 77 78 81 82 84 88 91 0 0 0 0 0 0 0 0 0 0 0 0 0 0 0 0 0 0 0 0 0 0 0 0 0 0 0 0 0 0 0 0 0 0 0 0 0 0 0 0 0 0 0 0 0 0 0 0 0 0 0 0 0 0 0 0 0 0 0 0 0 0 0 0 0 0 0 0 0 0 0 0 0 0 0 0 0 0 0 0 0 0 0 0 0 0 0 0 0 0 0 0
0 1 15 3 11 16 7 2 10 24 18 25 14 29 46 21 35 59 45 47 23 26 5 22 4 64 36 54 6 17 62 27 69 9 63 12 8 28 72 13 49 32 40 58 33 31 38 53 57 66 34 20 52 30 60 42 39 74 44 79 41 56 76 61 19 68 43 37 51 55 85 48 73 50 75 71 67 65 83 89 80 70 86 87 90 77 78 81 82 84 88 91 0 0 0 0 0 0 0 0 0 0 0 0 0 0 0 0 0 0 0 0 0 0 0 0 0 0 0 0 0 0 0 0 0 0 0 0 0 0 0 0 0 0 0 0 0 0 0 0 0 0 0 0 0 0 0 0 0 0 0 0 0 0 0 0 0 0 0 0 0 0 0 0 0 0 0 0 0 0 0 0 0 0 0 0 0 0 0 0 0 0 0 0
0 1 15 3 11 16 7 2 10 24 18 25 14 29 46 21 35 59 45 47 23 26 5 22 4 64 36 54 6 17 62 27 69 9 63 12 8 28 72 13 49 32 40 58 33 31 38 53 57 66 34 20 52 30 60 42 39 74 44 79 41 56 76 61 19 68 43 37 51 55 85 48 73 50 75 71 67 65 83 89 80 70 86 87 90 77 78 81 82 84 88 91 0 0 0 0 0 0 0 0 0 0 0 0 0 0 0 0 0 0 0 0 0 0 0 0 0 0 0 0 0 0 0 0 0 0 0 0 0 0 0 0 0 0 0 0 0 0 0 0 0 0 0 0 0 0 0 0 0 0 0 0 0 0 0 0 0 0 0 0 0 0 0 0 0 0 0 0 0 0 0 0 0 0 0 0 0 0 0 0 0 0 0 0
0 2 13 38 3 1 16 15 49 58 11 14 54 17 4 25 23 8 27 22 5 28 46 30 41 47 53 42 32 7 34 33 20 43 21 50 29 59 74 61 64 45 39 52 66 10 68 24 79 69 60 77 71 6 63 9 12 44 19 35 78 36 40 31 37 51 56 18 85 48 72 81 55 26 70 57 65 62 73 80 67 82 83 89 84 75 76 86 87 88 90 91 0 0 0 0 0 0 0 0 0 0 0 0 0 0 0 0 0 0 0 0 0 0 0 0 0 0 0 0 0 0 0 0 0 0 0 0 0 0 0 0 0 0 0 0 0 0 0 0 0 0 0 0 0 0 0 0 0 0 0 0 0 0 0 0 0 0 0 0 0 0 0 0 0 0 0 0 0 0 0 0 0 0 0 0 0 0 0 0 0 0 0 0
0 2 13 58 3 1 14 4 16 5 46 15 8 25 7 28 22 38 53 21 30 47 64 49 59 17 32 33 42 60 54 29 69 45 52 10 6 20 61 19 41 74 39 44 66 24 9 40 43 18 68 57 63 11 50 12 31 26 56 75 77 79 78 71 62 76 23 35 27 37 36 67 48 85 34 72 81 86 65 73 83 51 87 80 90 55 89 70 82 84 88 91 0 0 0 0 0 0 0 0 0 0 0 0 0 0 0 0 0 0 0 0 0 0 0 0 0 0 0 0 0 0 0 0 0 0 0 0 0 0 0 0 0 0 0 0 0 0 0 0 0 0 0 0 0 0 0 0 0 0 0 0 0 0 0 0 0 0 0 0 0 0 0 0 0 0 0 0 0 0 0 0 0 0 0 0 0 0 0 0 0 0 0 0
0 1 16 25 47 15 54 3 2 4 64 11 5 28 6 29 33 7 19 8 9 13 52 53 58 10 14 18 20 45 21 74 24 38 22 59 46 30 49 40 66 26 17 12 63 23 69 79 39 44 62 61 27 56 68 37 32 41 34 60 67 50 42 43 77 51 78 55 35 70 31 57 71 75 48 76 86 65 36 72 85 73 80 81 82 89 83 87 84 90 88 91 0 0 0 0 0 0 0 0 0 0 0 0 0 0 0 0 0 0 0 0 0 0 0 0 0 0 0 0 0 0 0 0 0 0 0 0 0 0 0 0 0 0 0 0 0 0 0 0 0 0 0 0 0 0 0 0 0 0 0 0 0 0 0 0 0 0 0 0 0 0 0 0 0 0 0 0 0 0 0 0 0 0 0 0 0 0 0 0 0 0 0 0
0 1 15 2 16 3 11 23 27 35 14 4 7 10 18 13 34 5 21 38 8 28 20 22 49 74 53 46 24 33 19 58 6 39 59 32 36 72 37 60 51 52 30 9 26 12 31 41 44 85 50 17 62 67 42 55 54 48 25 64 79 47 29 45 43 63 69 40 77 57 65 66 78 83 81 56 70 82 61 68 73 76 75 86 87 89 71 90 80 84 88 91 0 0 0 0 0 0 0 0 0 0 0 0 0 0 0 0 0 0 0 0 0 0 0 0 0 0 0 0 0 0 0 0 0 0 0 0 0 0 0 0 0 0 0 0 0 0 0 0 0 0 0 0 0 0 0 0 0 0 0 0 0 0 0 0 0 0 0 0 0 0 0 0 0 0 0 0 0 0 0 0 0 0 0 0 0 0 0 0 0 0 0 0
0 1 15 2 16 3 11 23 27 35 14 4 7 10 18 13 34 5 21 38 8 28 20 22 49 74 53 46 24 33 19 58 6 39 59 32 36 72 37 60 51 52 30 9 26 12 31 41 44 85 50 17 62 67 42 55 54 48 25 64 79 47 29 45 43 63 69 40 77 57 65 66 78 83 81 56 70 82 61 68 73 76 75 86 87 89 71 90 80 84 88 91 0 0 0 0 0 0 0 0 0 0 0 0 0 0 0 0 0 0 0 0 0 0 0 0 0 0 0 0 0 0 0 0 0 0 0 0 0 0 0 0 0 0 0 0 0 0 0 0 0 0 0 0 0 0 0 0 0 0 0 0 0 0 0 0 0 0 0 0 0 0 0 0 0 0 0 0 0 0 0 0 0 0 0 0 0 0 0 0 0 0 0 0
0 2 4 1 8 16 29 3 13 5 15 14 6 28 19 17 54 32 7 50 22 9 11 53 46 21 59 35 45 20 39 44 74 10 33 24 36 72 18 23 40 30 57 41 12 27 26 52 25 58 31 49 48 62 47 34 63 43 65 66 37 42 64 83 61 68 56 69 71 75 60 85 73 51 79 38 80 55 70 77 76 78 81 82 84 86 67 88 87 90 89 91 0 0 0 0 0 0 0 0 0 0 0 0 0 0 0 0 0 0 0 0 0 0 0 0 0 0 0 0 0 0 0 0 0 0 0 0 0 0 0 0 0 0 0 0 0 0 0 0 0 0 0 0 0 0 0 0 0 0 0 0 0 0 0 0 0 0 0 0 0 0 0 0 0 0 0 0 0 0 0 0 0 0 0 0 0 0 0 0 0 0 0 0
0 1 3 16 2 15 14 7 5 13 10 20 74 46 6 18 38 58 22 4 28 29 79 8 33 49 26 53 11 9 17 21 35 23 12 59 31 52 39 24 25 27 47 62 64 34 69 30 32 36 61 40 57 41 19 67 44 37 45 50 43 51 60 54 63 66 68 85 42 75 56 55 71 72 77 78 48 70 65 81 76 73 83 89 80 82 86 87 84 88 90 91 0 0 0 0 0 0 0 0 0 0 0 0 0 0 0 0 0 0 0 0 0 0 0 0 0 0 0 0 0 0 0 0 0 0 0 0 0 0 0 0 0 0 0 0 0 0 0 0 0 0 0 0 0 0 0 0 0 0 0 0 0 0 0 0 0 0 0 0 0 0 0 0 0 0 0 0 0 0 0 0 0 0 0 0 0 0 0 0 0 0 0 0
0 2 4 1 8 16 29 3 13 5 15 14 6 28 19 17 54 32 7 50 22 9 11 53 46 21 59 35 45 20 39 44 74 10 33 24 36 72 18 23 40 30 57 41 12 27 26 52 25 58 31 49 48 62 47 34 63 43 65 66 37 42 64 83 61 68 56 69 71 75 60 85 73 51 79 38 80 55 70 77 76 78 81 82 84 86 67 88 87 90 89 91 0 0 0 0 0 0 0 0 0 0 0 0 0 0 0 0 0 0 0 0 0 0 0 0 0 0 0 0 0 0 0 0 0 0 0 0 0 0 0 0 0 0 0 0 0 0 0 0 0 0 0 0 0 0 0 0 0 0 0 0 0 0 0 0 0 0 0 0 0 0 0 0 0 0 0 0 0 0 0 0 0 0 0 0 0 0 0 0 0 0 0 0
0 1 16 15 2 13 29 58 25 38 54 45 4 3 7 5 49 20 11 8 10 14 22 74 46 35 30 79 24 47 19 36 41 21 6 9 28 18 39 72 40 57 63 17 85 32 50 59 26 12 31 64 44 42 69 56 61 33 53 66 48 62 43 65 60 67 52 77 83 78 23 27 81 68 73 71 34 76 37 51 55 75 86 80 89 70 82 87 84 90 88 91 0 0 0 0 0 0 0 0 0 0 0 0 0 0 0 0 0 0 0 0 0 0 0 0 0 0 0 0 0 0 0 0 0 0 0 0 0 0 0 0 0 0 0 0 0 0 0 0 0 0 0 0 0 0 0 0 0 0 0 0 0 0 0 0 0 0 0 0 0 0 0 0 0 0 0 0 0 0 0 0 0 0 0 0 0 0 0 0 0 0 0 0
0 1 16 15 2 13 29 58 25 38 54 45 4 3 7 5 49 20 11 8 10 14 22 74 46 35 30 79 24 47 19 36 41 21 6 9 28 18 39 72 40 57 63 17 85 32 50 59 26 12 31 64 44 42 69 56 61 33 53 66 48 62 43 65 60 67 52 77 83 78 23 27 81 68 73 71 34 76 37 51 55 75 86 80 89 70 82 87 84 90 88 91 0 0 0 0 0 0 0 0 0 0 0 0 0 0 0 0 0 0 0 0 0 0 0 0 0 0 0 0 0 0 0 0 0 0 0 0 0 0 0 0 0 0 0 0 0 0 0 0 0 0 0 0 0 0 0 0 0 0 0 0 0 0 0 0 0 0 0 0 0 0 0 0 0 0 0 0 0 0 0 0 0 0 0 0 0 0 0 0 0 0 0 0
0 1 16 15 2 13 29 58 25 38 54 45 4 3 7 5 49 20 11 8 10 14 22 74 46 35 30 79 24 47 19 36 41 21 6 9 28 18 39 72 40 57 63 17 85 32 50 59 26 12 31 64 44 42 69 56 61 33 53 66 48 62 43 65 60 67 52 77 83 78 23 27 81 68 73 71 34 76 37 51 55 75 86 80 89 70 82 87 84 90 88 91 0 0 0 0 0 0 0 0 0 0 0 0 0 0 0 0 0 0 0 0 0 0 0 0 0 0 0 0 0 0 0 0 0 0 0 0 0 0 0 0 0 0 0 0 0 0 0 0 0 0 0 0 0 0 0 0 0 0 0 0 0 0 0 0 0 0 0 0 0 0 0 0 0 0 0 0 0 0 0 0 0 0 0 0 0 0 0 0 0 0 0 0
0 1 3 2 16 5 19 11 29 15 54 14 17 25 7 4 23 64 45 69 22 6 8 21 9 13 47 38 12 28 31 63 35 30 41 46 32 43 50 40 10 33 58 49 48 53 66 20 36 52 60 42 39 74 72 57 65 59 24 83 18 26 44 62 76 61 27 68 79 85 77 37 78 51 75 81 55 73 34 67 70 86 71 56 82 84 80 89 88 87 90 91 0 0 0 0 0 0 0 0 0 0 0 0 0 0 0 0 0 0 0 0 0 0 0 0 0 0 0 0 0 0 0 0 0 0 0 0 0 0 0 0 0 0 0 0 0 0 0 0 0 0 0 0 0 0 0 0 0 0 0 0 0 0 0 0 0 0 0 0 0 0 0 0 0 0 0 0 0 0 0 0 0 0 0 0 0 0 0 0 0 0 0 0
0 1 3 2 16 5 19 11 29 15 54 14 17 25 7 4 23 64 45 69 22 6 8 21 9 13 47 38 12 28 31 63 35 30 41 46 32 43 50 40 10 33 58 49 48 53 66 20 36 52 60 42 39 74 72 57 65 59 24 83 18 26 44 62 76 61 27 68 79 85 77 37 78 51 75 81 55 73 34 67 70 86 71 56 82 84 80 89 88 87 90 91 0 0 0 0 0 0 0 0 0 0 0 0 0 0 0 0 0 0 0 0 0 0 0 0 0 0 0 0 0 0 0 0 0 0 0 0 0 0 0 0 0 0 0 0 0 0 0 0 0 0 0 0 0 0 0 0 0 0 0 0 0 0 0 0 0 0 0 0 0 0 0 0 0 0 0 0 0 0 0 0 0 0 0 0 0 0 0 0 0 0 0 0
0 3 2 13 38 49 4 5 58 1 11 7 8 14 17 20 10 6 19 35 9 40 39 44 22 74 28 56 24 46 21 59 18 26 30 15 54 53 33 41 23 62 16 29 27 25 67 64 69 47 61 52 45 36 68 72 42 43 34 32 79 85 57 12 31 60 50 37 51 55 63 70 48 77 73 71 65 80 75 66 78 83 81 82 89 76 86 84 87 90 88 91 0 0 0 0 0 0 0 0 0 0 0 0 0 0 0 0 0 0 0 0 0 0 0 0 0 0 0 0 0 0 0 0 0 0 0 0 0 0 0 0 0 0 0 0 0 0 0 0 0 0 0 0 0 0 0 0 0 0 0 0 0 0 0 0 0 0 0 0 0 0 0 0 0 0 0 0 0 0 0 0 0 0 0 0 0 0 0 0 0 0 0 0
0 3 2 13 38 49 4 5 58 1 11 7 8 14 17 20 10 6 19 35 9 40 39 44 22 74 28 56 24 46 21 59 18 26 30 15 54 53 33 41 23 62 16 29 27 25 67 64 69 47 61 52 45 36 68 72 42 43 34 32 79 85 57 12 31 60 50 37 51 55 63 70 48 77 73 71 65 80 75 66 78 83 81 82 89 76 86 84 87 90 88 91 0 0 0 0 0 0 0 0 0 0 0 0 0 0 0 0 0 0 0 0 0 0 0 0 0 0 0 0 0 0 0 0 0 0 0 0 0 0 0 0 0 0 0 0 0 0 0 0 0 0 0 0 0 0 0 0 0 0 0 0 0 0 0 0 0 0 0 0 0 0 0 0 0 0 0 0 0 0 0 0 0 0 0 0 0 0 0 0 0 0 0 0
0 1 3 7 11 21 20 16 10 39 29 2 13 45 14 24 4 15 35 58 74 54 79 59 17 49 46 5 38 19 18 22 36 72 23 44 8 6 9 27 30 12 31 28 32 50 41 48 40 85 33 37 52 57 34 25 42 60 51 55 43 53 26 47 62 56 63 66 70 65 83 61 67 64 69 68 77 73 78 81 82 75 89 76 84 71 80 86 88 87 90 91 0 0 0 0 0 0 0 0 0 0 0 0 0 0 0 0 0 0 0 0 0 0 0 0 0 0 0 0 0 0 0 0 0 0 0 0 0 0 0 0 0 0 0 0 0 0 0 0 0 0 0 0 0 0 0 0 0 0 0 0 0 0 0 0 0 0 0 0 0 0 0 0 0 0 0 0 0 0 0 0 0 0 0 0 0 0 0 0 0 0 0 0
0 1 2 15 16 3 13 38 4 14 17 8 25 29 11 22 23 5 28 47 19 53 30 42 33 49 27 32 50 7 60 45 6 34 20 41 66 46 35 21 43 52 54 10 74 37 18 58 9 26 39 36 63 51 55 44 64 72 59 85 61 12 24 62 79 68 71 40 75 73 80 70 56 57 69 76 31 77 86 78 48 81 82 84 65 67 89 83 88 87 90 91 0 0 0 0 0 0 0 0 0 0 0 0 0 0 0 0 0 0 0 0 0 0 0 0 0 0 0 0 0 0 0 0 0 0 0 0 0 0 0 0 0 0 0 0 0 0 0 0 0 0 0 0 0 0 0 0 0 0 0 0 0 0 0 0 0 0 0 0 0 0 0 0 0 0 0 0 0 0 0 0 0 0 0 0 0 0 0 0 0 0 0 0
0 2 4 14 22 8 3 13 17 1 46 7 10 5 20 18 15 49 24 19 30 26 21 58 42 41 39 16 6 59 62 25 74 43 38 29 64 79 11 28 54 67 69 47 23 61 9 45 40 32 50 60 44 56 63 35 68 57 71 53 12 66 36 72 31 48 85 33 52 77 78 75 73 89 81 80 65 83 27 34 37 51 76 55 70 86 82 87 90 84 88 91 0 0 0 0 0 0 0 0 0 0 0 0 0 0 0 0 0 0 0 0 0 0 0 0 0 0 0 0 0 0 0 0 0 0 0 0 0 0 0 0 0 0 0 0 0 0 0 0 0 0 0 0 0 0 0 0 0 0 0 0 0 0 0 0 0 0 0 0 0 0 0 0 0 0 0 0 0 0 0 0 0 0 0 0 0 0 0 0 0 0 0 0
0 3 1 11 5 28 33 15 19 53 35 6 7 20 9 74 39 44 40 10 52 21 59 23 27 16 2 29 45 13 49 14 58 54 25 46 47 64 17 69 4 22 38 8 36 61 32 72 68 63 85 50 34 18 60 71 79 37 73 80 26 24 66 51 30 55 75 12 31 41 43 62 42 67 57 56 70 48 65 77 76 78 81 83 89 86 82 84 88 87 90 91 0 0 0 0 0 0 0 0 0 0 0 0 0 0 0 0 0 0 0 0 0 0 0 0 0 0 0 0 0 0 0 0 0 0 0 0 0 0 0 0 0 0 0 0 0 0 0 0 0 0 0 0 0 0 0 0 0 0 0 0 0 0 0 0 0 0 0 0 0 0 0 0 0 0 0 0 0 0 0 0 0 0 0 0 0 0 0 0 0 0 0 0
0 1 3 16 29 7 11 23 25 15 21 5 6 45 47 20 2 4 9 54 74 10 13 8 28 38 35 14 19 59 32 24 36 53 63 60 64 18 69 40 85 27 57 37 50 12 34 22 49 66 33 17 31 46 52 79 58 39 26 61 44 30 68 41 43 62 42 67 72 75 77 73 56 89 48 51 65 71 78 81 55 83 70 80 76 86 82 84 87 90 88 91 0 0 0 0 0 0 0 0 0 0 0 0 0 0 0 0 0 0 0 0 0 0 0 0 0 0 0 0 0 0 0 0 0 0 0 0 0 0 0 0 0 0 0 0 0 0 0 0 0 0 0 0 0 0 0 0 0 0 0 0 0 0 0 0 0 0 0 0 0 0 0 0 0 0 0 0 0 0 0 0 0 0 0 0 0 0 0 0 0 0 0 0
0 3 1 11 5 28 33 15 19 53 35 6 7 20 9 74 39 44 40 10 52 21 59 23 27 16 2 29 45 13 49 14 58 54 25 46 47 64 17 69 4 22 38 8 36 61 32 72 68 63 85 50 34 18 60 71 79 37 73 80 26 24 66 51 30 55 75 12 31 41 43 62 42 67 57 56 70 48 65 77 76 78 81 83 89 86 82 84 88 87 90 91 0 0 0 0 0 0 0 0 0 0 0 0 0 0 0 0 0 0 0 0 0 0 0 0 0 0 0 0 0 0 0 0 0 0 0 0 0 0 0 0 0 0 0 0 0 0 0 0 0 0 0 0 0 0 0 0 0 0 0 0 0 0 0 0 0 0 0 0 0 0 0 0 0 0 0 0 0 0 0 0 0 0 0 0 0 0 0 0 0 0 0 0
0 3 1 11 5 28 33 15 19 53 35 6 7 20 9 74 39 44 40 10 52 21 59 23 27 16 2 29 45 13 49 14 58 54 25 46 47 64 17 69 4 22 38 8 36 61 32 72 68 63 85 50 34 18 60 71 79 37 73 80 26 24 66 51 30 55 75 12 31 41 43 62 42 67 57 56 70 48 65 77 76 78 81 83 89 86 82 84 88 87 90 91 0 0 0 0 0 0 0 0 0 0 0 0 0 0 0 0 0 0 0 0 0 0 0 0 0 0 0 0 0 0 0 0 0 0 0 0 0 0 0 0 0 0 0 0 0 0 0 0 0 0 0 0 0 0 0 0 0 0 0 0 0 0 0 0 0 0 0 0 0 0 0 0 0 0 0 0 0 0 0 0 0 0 0 0 0 0 0 0 0 0 0 0
0 1 3 16 29 7 11 23 25 15 21 5 6 45 47 20 2 4 9 54 74 10 13 8 28 38 35 14 19 59 32 24 36 53 63 60 64 18 69 40 85 27 57 37 50 12 34 22 49 66 33 17 31 46 52 79 58 39 26 61 44 30 68 41 43 62 42 67 72 75 77 73 56 89 48 51 65 71 78 81 55 83 70 80 76 86 82 84 87 90 88 91 0 0 0 0 0 0 0 0 0 0 0 0 0 0 0 0 0 0 0 0 0 0 0 0 0 0 0 0 0 0 0 0 0 0 0 0 0 0 0 0 0 0 0 0 0 0 0 0 0 0 0 0 0 0 0 0 0 0 0 0 0 0 0 0 0 0 0 0 0 0 0 0 0 0 0 0 0 0 0 0 0 0 0 0 0 0 0 0 0 0 0 0
0 1 3 16 29 7 11 23 25 15 21 5 6 45 47 20 2 4 9 54 74 10 13 8 28 38 35 14 19 59 32 24 36 53 63 60 64 18 69 40 85 27 57 37 50 12 34 22 49 66 33 17 31 46 52 79 58 39 26 61 44 30 68 41 43 62 42 67 72 75 77 73 56 89 48 51 65 71 78 81 55 83 70 80 76 86 82 84 87 90 88 91 0 0 0 0 0 0 0 0 0 0 0 0 0 0 0 0 0 0 0 0 0 0 0 0 0 0 0 0 0 0 0 0 0 0 0 0 0 0 0 0 0 0 0 0 0 0 0 0 0 0 0 0 0 0 0 0 0 0 0 0 0 0 0 0 0 0 0 0 0 0 0 0 0 0 0 0 0 0 0 0 0 0 0 0 0 0 0 0 0 0 0 0
0 1 2 16 14 13 38 15 25 17 22 29 49 45 58 46 30 41 64 47 42 43 4 8 54 3 69 63 11 23 35 5 7 27 28 32 6 53 21 66 9 10 19 33 24 59 61 52 60 18 68 50 26 75 20 12 36 40 71 77 31 39 34 74 57 85 76 79 78 48 86 62 67 44 65 72 56 81 73 89 80 83 87 90 37 51 55 70 82 84 88 91 0 0 0 0 0 0 0 0 0 0 0 0 0 0 0 0 0 0 0 0 0 0 0 0 0 0 0 0 0 0 0 0 0 0 0 0 0 0 0 0 0 0 0 0 0 0 0 0 0 0 0 0 0 0 0 0 0 0 0 0 0 0 0 0 0 0 0 0 0 0 0 0 0 0 0 0 0 0 0 0 0 0 0 0 0 0 0 0 0 0 0 0
0 2 1 16 29 13 49 3 15 38 7 4 11 8 35 14 17 46 58 5 25 45 28 54 22 47 23 64 30 32 50 53 6 42 27 19 41 9 34 37 12 43 33 40 69 51 57 55 52 77 31 78 70 10 36 63 72 48 24 81 18 26 66 21 59 62 67 60 76 61 20 68 73 89 74 71 65 80 39 75 83 85 44 82 84 88 56 86 79 87 90 91 0 0 0 0 0 0 0 0 0 0 0 0 0 0 0 0 0 0 0 0 0 0 0 0 0 0 0 0 0 0 0 0 0 0 0 0 0 0 0 0 0 0 0 0 0 0 0 0 0 0 0 0 0 0 0 0 0 0 0 0 0 0 0 0 0 0 0 0 0 0 0 0 0 0 0 0 0 0 0 0 0 0 0 0 0 0 0 0 0 0 0 0
0 2 1 16 29 13 49 3 15 38 7 4 11 8 35 14 17 46 58 5 25 45 28 54 22 47 23 64 30 32 50 53 6 42 27 19 41 9 34 37 12 43 33 40 69 51 57 55 52 77 31 78 70 10 36 63 72 48 24 81 18 26 66 21 59 62 67 60 76 61 20 68 73 89 74 71 65 80 39 75 83 85 44 82 84 88 56 86 79 87 90 91 0 0 0 0 0 0 0 0 0 0 0 0 0 0 0 0 0 0 0 0 0 0 0 0 0 0 0 0 0 0 0 0 0 0 0 0 0 0 0 0 0 0 0 0 0 0 0 0 0 0 0 0 0 0 0 0 0 0 0 0 0 0 0 0 0 0 0 0 0 0 0 0 0 0 0 0 0 0 0 0 0 0 0 0 0 0 0 0 0 0 0 0
0 2 1 16 29 13 49 3 15 38 7 4 11 8 35 14 17 46 58 5 25 45 28 54 22 47 23 64 30 32 50 53 6 42 27 19 41 9 34 37 12 43 33 40 69 51 57 55 52 77 31 78 70 10 36 63 72 48 24 81 18 26 66 21 59 62 67 60 76 61 20 68 73 89 74 71 65 80 39 75 83 85 44 82 84 88 56 86 79 87 90 91 0 0 0 0 0 0 0 0 0 0 0 0 0 0 0 0 0 0 0 0 0 0 0 0 0 0 0 0 0 0 0 0 0 0 0 0 0 0 0 0 0 0 0 0 0 0 0 0 0 0 0 0 0 0 0 0 0 0 0 0 0 0 0 0 0 0 0 0 0 0 0 0 0 0 0 0 0 0 0 0 0 0 0 0 0 0 0 0 0 0 0 0
0 2 4 13 49 14 46 22 30 42 1 3 38 15 54 58 41 7 21 16 10 8 59 25 64 24 29 47 69 20 45 63 18 43 74 11 17 5 23 27 34 35 6 28 53 33 19 9 26 32 12 52 60 31 37 51 62 40 48 65 79 66 83 50 67 39 44 61 36 68 85 75 72 71 77 56 57 76 73 80 86 78 81 89 55 87 70 82 84 88 90 91 0 0 0 0 0 0 0 0 0 0 0 0 0 0 0 0 0 0 0 0 0 0 0 0 0 0 0 0 0 0 0 0 0 0 0 0 0 0 0 0 0 0 0 0 0 0 0 0 0 0 0 0 0 0 0 0 0 0 0 0 0 0 0 0 0 0 0 0 0 0 0 0 0 0 0 0 0 0 0 0 0 0 0 0 0 0 0 0 0 0 0 0
0 3 11 35 2 4 5 28 23 53 7 1 15 32 6 16 27 19 10 60 24 54 20 18 39 13 50 34 36 49 38 26 8 9 29 58 62 14 12 37 46 25 33 44 40 72 57 56 52 51 74 45 79 21 85 64 59 66 31 67 22 48 47 69 76 30 55 63 17 42 41 61 65 83 68 75 71 73 70 43 89 77 86 87 80 90 78 81 82 84 88 91 0 0 0 0 0 0 0 0 0 0 0 0 0 0 0 0 0 0 0 0 0 0 0 0 0 0 0 0 0 0 0 0 0 0 0 0 0 0 0 0 0 0 0 0 0 0 0 0 0 0 0 0 0 0 0 0 0 0 0 0 0 0 0 0 0 0 0 0 0 0 0 0 0 0 0 0 0 0 0 0 0 0 0 0 0 0 0 0 0 0 0 0
