0 2 1 6 13 28 3 14 15 40 7 18 45 8 9 24 19 12 44 10 39 17 33 11 22 4 21 5 25 23 34 35 48 37 41 20 27 16 30 43 31 42 49 47 46 32 38 51 53 36 57 26 50 54 29 52 56 59 55 60 58 61 0 0 0 0 0 0 0 0 0 0 0 0 0 0 0 0 0 0 0 0 0 0 0 0 0 0 0 0 0 0 0 0 0 0 0 0 0 0 0 0 0 0 0 0 0 0 0 0 0 0 0 0 0 0 0 0 0 0 0 0 0 0
0 1 3 15 9 7 8 19 12 14 34 35 2 41 28 44 13 24 17 18 6 22 40 4 32 23 39 11 26 5 10 25 37 16 33 45 20 47 29 38 52 43 27 36 49 46 55 31 48 51 53 60 54 21 30 56 42 50 59 57 58 61 0 0 0 0 0 0 0 0 0 0 0 0 0 0 0 0 0 0 0 0 0 0 0 0 0 0 0 0 0 0 0 0 0 0 0 0 0 0 0 0 0 0 0 0 0 0 0 0 0 0 0 0 0 0 0 0 0 0 0 0 0 0
0 1 4 2 3 11 13 15 28 18 5 33 23 9 37 14 16 7 21 24 19 39 26 10 36 6 22 8 20 12 44 17 25 31 40 30 43 49 42 34 48 35 45 41 57 47 29 32 38 27 46 50 51 52 59 53 54 56 55 58 60 61 0 0 0 0 0 0 0 0 0 0 0 0 0 0 0 0 0 0 0 0 0 0 0 0 0 0 0 0 0 0 0 0 0 0 0 0 0 0 0 0 0 0 0 0 0 0 0 0 0 0 0 0 0 0 0 0 0 0 0 0 0 0
0 1 9 44 14 2 6 13 33 22 4 21 24 3 11 20 10 15 18 5 37 28 7 8 25 36 43 48 23 34 40 16 45 39 31 19 12 17 49 30 27 46 32 51 35 26 29 41 47 38 42 50 57 53 59 52 54 56 55 58 60 61 0 0 0 0 0 0 0 0 0 0 0 0 0 0 0 0 0 0 0 0 0 0 0 0 0 0 0 0 0 0 0 0 0 0 0 0 0 0 0 0 0 0 0 0 0 0 0 0 0 0 0 0 0 0 0 0 0 0 0 0 0 0
0 3 15 1 9 10 2 6 11 44 36 22 14 28 13 33 20 18 7 8 19 12 34 26 29 17 4 5 35 41 32 40 25 43 48 24 21 23 45 27 30 39 47 16 37 38 31 52 49 42 55 50 59 57 46 51 60 53 54 56 58 61 0 0 0 0 0 0 0 0 0 0 0 0 0 0 0 0 0 0 0 0 0 0 0 0 0 0 0 0 0 0 0 0 0 0 0 0 0 0 0 0 0 0 0 0 0 0 0 0 0 0 0 0 0 0 0 0 0 0 0 0 0 0
0 1 2 4 5 14 21 3 28 23 24 37 6 40 16 22 11 31 45 9 44 10 15 36 7 13 33 19 39 30 18 25 43 48 42 20 57 26 49 50 59 8 12 29 17 34 27 35 41 46 32 51 53 38 47 52 54 55 60 56 58 61 0 0 0 0 0 0 0 0 0 0 0 0 0 0 0 0 0 0 0 0 0 0 0 0 0 0 0 0 0 0 0 0 0 0 0 0 0 0 0 0 0 0 0 0 0 0 0 0 0 0 0 0 0 0 0 0 0 0 0 0 0 0
0 1 3 11 14 4 9 2 7 44 10 19 24 15 23 26 6 39 5 20 16 37 25 8 13 33 29 31 36 22 34 28 12 43 18 48 21 35 30 41 42 49 57 40 17 32 50 38 52 47 59 27 45 46 55 60 51 53 54 56 58 61 0 0 0 0 0 0 0 0 0 0 0 0 0 0 0 0 0 0 0 0 0 0 0 0 0 0 0 0 0 0 0 0 0 0 0 0 0 0 0 0 0 0 0 0 0 0 0 0 0 0 0 0 0 0 0 0 0 0 0 0 0 0
0 3 2 11 6 7 19 22 26 15 13 28 40 8 18 45 20 29 34 1 33 14 35 41 12 17 27 24 39 4 9 46 32 51 10 44 25 48 5 38 16 43 52 36 31 55 53 23 47 21 30 42 57 37 49 54 50 60 59 56 58 61 0 0 0 0 0 0 0 0 0 0 0 0 0 0 0 0 0 0 0 0 0 0 0 0 0 0 0 0 0 0 0 0 0 0 0 0 0 0 0 0 0 0 0 0 0 0 0 0 0 0 0 0 0 0 0 0 0 0 0 0 0 0
0 3 2 11 1 14 13 33 7 9 6 20 28 10 8 22 44 12 40 19 4 26 43 18 45 25 29 36 34 24 17 21 48 5 35 30 27 23 16 41 47 42 15 46 51 50 53 31 37 39 49 59 54 56 32 57 38 58 52 55 60 61 0 0 0 0 0 0 0 0 0 0 0 0 0 0 0 0 0 0 0 0 0 0 0 0 0 0 0 0 0 0 0 0 0 0 0 0 0 0 0 0 0 0 0 0 0 0 0 0 0 0 0 0 0 0 0 0 0 0 0 0 0 0
0 1 3 15 9 7 8 19 12 14 34 35 2 41 28 44 13 24 17 18 6 22 40 4 32 23 39 11 26 5 10 25 37 16 33 45 20 47 29 38 52 43 27 36 49 46 55 31 48 51 53 60 54 21 30 56 42 50 59 57 58 61 0 0 0 0 0 0 0 0 0 0 0 0 0 0 0 0 0 0 0 0 0 0 0 0 0 0 0 0 0 0 0 0 0 0 0 0 0 0 0 0 0 0 0 0 0 0 0 0 0 0 0 0 0 0 0 0 0 0 0 0 0 0
0 3 15 1 9 10 2 6 11 44 36 22 14 28 13 33 20 18 7 8 19 12 34 26 29 17 4 5 35 41 32 40 25 43 48 24 21 23 45 27 30 39 47 16 37 38 31 52 49 42 55 50 59 57 46 51 60 53 54 56 58 61 0 0 0 0 0 0 0 0 0 0 0 0 0 0 0 0 0 0 0 0 0 0 0 0 0 0 0 0 0 0 0 0 0 0 0 0 0 0 0 0 0 0 0 0 0 0 0 0 0 0 0 0 0 0 0 0 0 0 0 0 0 0
0 1 4 2 3 11 13 15 28 18 5 33 23 9 37 14 16 7 21 24 19 39 26 10 36 6 22 8 20 12 44 17 25 31 40 30 43 49 42 34 48 35 45 41 57 47 29 32 38 27 46 50 51 52 59 53 54 56 55 58 60 61 0 0 0 0 0 0 0 0 0 0 0 0 0 0 0 0 0 0 0 0 0 0 0 0 0 0 0 0 0 0 0 0 0 0 0 0 0 0 0 0 0 0 0 0 0 0 0 0 0 0 0 0 0 0 0 0 0 0 0 0 0 0
0 1 4 2 3 11 13 15 28 18 5 33 23 9 37 14 16 7 21 24 19 39 26 10 36 6 22 8 20 12 44 17 25 31 40 30 43 49 42 34 48 35 45 41 57 47 29 32 38 27 46 50 51 52 59 53 54 56 55 58 60 61 0 0 0 0 0 0 0 0 0 0 0 0 0 0 0 0 0 0 0 0 0 0 0 0 0 0 0 0 0 0 0 0 0 0 0 0 0 0 0 0 0 0 0 0 0 0 0 0 0 0 0 0 0 0 0 0 0 0 0 0 0 0
0 3 15 1 9 10 2 6 11 44 36 22 14 28 13 33 20 18 7 8 19 12 34 26 29 17 4 5 35 41 32 40 25 43 48 24 21 23 45 27 30 39 47 16 37 38 31 52 49 42 55 50 59 57 46 51 60 53 54 56 58 61 0 0 0 0 0 0 0 0 0 0 0 0 0 0 0 0 0 0 0 0 0 0 0 0 0 0 0 0 0 0 0 0 0 0 0 0 0 0 0 0 0 0 0 0 0 0 0 0 0 0 0 0 0 0 0 0 0 0 0 0 0 0
0 3 7 1 19 8 4 2 15 13 33 18 6 11 28 14 9 10 36 24 40 5 16 23 45 21 31 25 48 37 22 20 43 49 44 26 29 12 34 35 30 17 41 32 42 27 47 50 46 57 38 51 59 39 53 54 52 55 56 58 60 61 0 0 0 0 0 0 0 0 0 0 0 0 0 0 0 0 0 0 0 0 0 0 0 0 0 0 0 0 0 0 0 0 0 0 0 0 0 0 0 0 0 0 0 0 0 0 0 0 0 0 0 0 0 0 0 0 0 0 0 0 0 0
0 3 7 1 19 8 4 2 15 13 33 18 6 11 28 14 9 10 36 24 40 5 16 23 45 21 31 25 48 37 22 20 43 49 44 26 29 12 34 35 30 17 41 32 42 27 47 50 46 57 38 51 59 39 53 54 52 55 56 58 60 61 0 0 0 0 0 0 0 0 0 0 0 0 0 0 0 0 0 0 0 0 0 0 0 0 0 0 0 0 0 0 0 0 0 0 0 0 0 0 0 0 0 0 0 0 0 0 0 0 0 0 0 0 0 0 0 0 0 0 0 0 0 0
0 3 7 1 19 8 4 2 15 13 33 18 6 11 28 14 9 10 36 24 40 5 16 23 45 21 31 25 48 37 22 20 43 49 44 26 29 12 34 35 30 17 41 32 42 27 47 50 46 57 38 51 59 39 53 54 52 55 56 58 60 61 0 0 0 0 0 0 0 0 0 0 0 0 0 0 0 0 0 0 0 0 0 0 0 0 0 0 0 0 0 0 0 0 0 0 0 0 0 0 0 0 0 0 0 0 0 0 0 0 0 0 0 0 0 0 0 0 0 0 0 0 0 0
0 3 15 1 14 7 11 8 24 34 2 19 39 6 28 22 40 26 20 35 13 18 29 45 9 33 41 10 36 12 25 17 4 5 27 21 32 46 37 48 38 43 49 51 44 53 30 23 47 54 52 16 31 42 55 60 50 59 56 57 58 61 0 0 0 0 0 0 0 0 0 0 0 0 0 0 0 0 0 0 0 0 0 0 0 0 0 0 0 0 0 0 0 0 0 0 0 0 0 0 0 0 0 0 0 0 0 0 0 0 0 0 0 0 0 0 0 0 0 0 0 0 0 0
0 3 1 4 23 14 24 7 19 2 13 18 11 9 21 6 15 30 28 20 8 33 26 10 39 22 5 43 36 34 29 40 25 16 12 17 32 45 37 48 35 44 38 49 52 42 50 55 57 31 59 41 27 46 47 51 60 53 54 56 58 61 0 0 0 0 0 0 0 0 0 0 0 0 0 0 0 0 0 0 0 0 0 0 0 0 0 0 0 0 0 0 0 0 0 0 0 0 0 0 0 0 0 0 0 0 0 0 0 0 0 0 0 0 0 0 0 0 0 0 0 0 0 0
0 1 14 24 4 3 7 23 19 2 21 9 39 5 28 30 6 16 10 44 8 11 34 20 15 22 35 37 40 25 48 13 36 26 18 45 12 17 32 29 41 47 42 57 33 38 50 43 49 31 52 59 55 27 60 46 51 53 54 56 58 61 0 0 0 0 0 0 0 0 0 0 0 0 0 0 0 0 0 0 0 0 0 0 0 0 0 0 0 0 0 0 0 0 0 0 0 0 0 0 0 0 0 0 0 0 0 0 0 0 0 0 0 0 0 0 0 0 0 0 0 0 0 0
0 3 7 19 8 11 12 2 28 15 13 17 32 40 34 26 18 1 33 29 6 4 45 21 22 35 23 14 5 41 9 47 27 16 10 30 37 43 49 36 42 20 38 24 50 25 48 31 44 57 39 52 55 46 59 51 60 53 54 56 58 61 0 0 0 0 0 0 0 0 0 0 0 0 0 0 0 0 0 0 0 0 0 0 0 0 0 0 0 0 0 0 0 0 0 0 0 0 0 0 0 0 0 0 0 0 0 0 0 0 0 0 0 0 0 0 0 0 0 0 0 0 0 0
0 1 14 4 9 44 23 3 10 2 25 15 7 28 6 8 22 12 19 34 11 5 37 48 21 16 36 24 39 31 13 30 40 35 45 33 41 26 43 20 47 29 17 32 38 18 52 27 55 49 60 46 42 50 51 59 53 54 57 56 58 61 0 0 0 0 0 0 0 0 0 0 0 0 0 0 0 0 0 0 0 0 0 0 0 0 0 0 0 0 0 0 0 0 0 0 0 0 0 0 0 0 0 0 0 0 0 0 0 0 0 0 0 0 0 0 0 0 0 0 0 0 0 0
0 1 4 9 23 10 3 15 5 14 25 21 2 16 24 36 11 13 28 44 33 48 43 7 19 39 31 8 6 12 20 18 17 26 34 22 30 27 42 37 49 35 40 32 45 50 59 41 47 57 46 29 38 52 51 55 53 60 54 56 58 61 0 0 0 0 0 0 0 0 0 0 0 0 0 0 0 0 0 0 0 0 0 0 0 0 0 0 0 0 0 0 0 0 0 0 0 0 0 0 0 0 0 0 0 0 0 0 0 0 0 0 0 0 0 0 0 0 0 0 0 0 0 0
0 1 14 24 4 3 7 23 19 2 21 9 39 5 28 30 6 16 10 44 8 11 34 20 15 22 35 37 40 25 48 13 36 26 18 45 12 17 32 29 41 47 42 57 33 38 50 43 49 31 52 59 55 27 60 46 51 53 54 56 58 61 0 0 0 0 0 0 0 0 0 0 0 0 0 0 0 0 0 0 0 0 0 0 0 0 0 0 0 0 0 0 0 0 0 0 0 0 0 0 0 0 0 0 0 0 0 0 0 0 0 0 0 0 0 0 0 0 0 0 0 0 0 0
0 1 14 4 9 44 23 3 10 2 25 15 7 28 6 8 22 12 19 34 11 5 37 48 21 16 36 24 39 31 13 30 40 35 45 33 41 26 43 20 47 29 17 32 38 18 52 27 55 49 60 46 42 50 51 59 53 54 57 56 58 61 0 0 0 0 0 0 0 0 0 0 0 0 0 0 0 0 0 0 0 0 0 0 0 0 0 0 0 0 0 0 0 0 0 0 0 0 0 0 0 0 0 0 0 0 0 0 0 0 0 0 0 0 0 0 0 0 0 0 0 0 0 0
0 3 2 28 40 7 19 11 26 6 22 15 13 1 9 44 45 10 18 36 33 43 8 34 20 12 17 35 4 29 41 21 14 25 32 38 30 48 27 46 24 23 5 16 51 53 37 49 31 47 54 42 39 52 56 57 50 55 58 60 59 61 0 0 0 0 0 0 0 0 0 0 0 0 0 0 0 0 0 0 0 0 0 0 0 0 0 0 0 0 0 0 0 0 0 0 0 0 0 0 0 0 0 0 0 0 0 0 0 0 0 0 0 0 0 0 0 0 0 0 0 0 0 0
0 1 14 24 3 7 19 11 2 13 15 9 8 20 44 28 10 36 12 40 17 6 25 18 33 43 4 5 37 48 45 34 35 16 31 23 22 26 49 21 39 30 27 46 32 51 29 42 57 38 50 53 59 41 52 55 47 54 60 56 58 61 0 0 0 0 0 0 0 0 0 0 0 0 0 0 0 0 0 0 0 0 0 0 0 0 0 0 0 0 0 0 0 0 0 0 0 0 0 0 0 0 0 0 0 0 0 0 0 0 0 0 0 0 0 0 0 0 0 0 0 0 0 0
0 1 14 24 3 7 19 11 2 13 15 9 8 20 44 28 10 36 12 40 17 6 25 18 33 43 4 5 37 48 45 34 35 16 31 23 22 26 49 21 39 30 27 46 32 51 29 42 57 38 50 53 59 41 52 55 47 54 60 56 58 61 0 0 0 0 0 0 0 0 0 0 0 0 0 0 0 0 0 0 0 0 0 0 0 0 0 0 0 0 0 0 0 0 0 0 0 0 0 0 0 0 0 0 0 0 0 0 0 0 0 0 0 0 0 0 0 0 0 0 0 0 0 0
0 3 11 1 9 10 7 19 44 20 8 25 14 26 15 4 23 2 13 6 5 28 48 16 36 33 18 24 21 40 31 12 34 35 30 29 22 37 39 41 17 27 47 32 42 46 57 38 43 49 52 45 51 53 55 60 50 54 56 58 59 61 0 0 0 0 0 0 0 0 0 0 0 0 0 0 0 0 0 0 0 0 0 0 0 0 0 0 0 0 0 0 0 0 0 0 0 0 0 0 0 0 0 0 0 0 0 0 0 0 0 0 0 0 0 0 0 0 0 0 0 0 0 0
0 3 11 1 9 10 7 19 44 20 8 25 14 26 15 4 23 2 13 6 5 28 48 16 36 33 18 24 21 40 31 12 34 35 30 29 22 37 39 41 17 27 47 32 42 46 57 38 43 49 52 45 51 53 55 60 50 54 56 58 59 61 0 0 0 0 0 0 0 0 0 0 0 0 0 0 0 0 0 0 0 0 0 0 0 0 0 0 0 0 0 0 0 0 0 0 0 0 0 0 0 0 0 0 0 0 0 0 0 0 0 0 0 0 0 0 0 0 0 0 0 0 0 0
0 3 7 19 11 8 12 1 9 34 14 24 15 44 39 2 26 4 10 36 35 21 23 41 28 25 29 6 20 48 47 30 5 37 22 40 16 31 13 17 33 18 27 42 43 45 32 57 46 38 51 49 53 52 50 55 60 54 56 59 58 61 0 0 0 0 0 0 0 0 0 0 0 0 0 0 0 0 0 0 0 0 0 0 0 0 0 0 0 0 0 0 0 0 0 0 0 0 0 0 0 0 0 0 0 0 0 0 0 0 0 0 0 0 0 0 0 0 0 0 0 0 0 0
0 1 9 4 10 14 23 21 44 5 3 36 15 37 2 16 28 11 7 13 6 33 40 22 18 25 43 45 49 24 20 48 39 31 19 8 30 42 12 26 50 29 17 57 34 27 32 46 51 59 53 35 38 52 41 55 60 47 54 56 58 61 0 0 0 0 0 0 0 0 0 0 0 0 0 0 0 0 0 0 0 0 0 0 0 0 0 0 0 0 0 0 0 0 0 0 0 0 0 0 0 0 0 0 0 0 0 0 0 0 0 0 0 0 0 0 0 0 0 0 0 0 0 0
0 1 9 4 10 14 23 21 44 5 3 36 15 37 2 16 28 11 7 13 6 33 40 22 18 25 43 45 49 24 20 48 39 31 19 8 30 42 12 26 50 29 17 57 34 27 32 46 51 59 53 35 38 52 41 55 60 47 54 56 58 61 0 0 0 0 0 0 0 0 0 0 0 0 0 0 0 0 0 0 0 0 0 0 0 0 0 0 0 0 0 0 0 0 0 0 0 0 0 0 0 0 0 0 0 0 0 0 0 0 0 0 0 0 0 0 0 0 0 0 0 0 0 0
0 2 28 1 4 23 13 21 33 5 16 6 18 31 3 15 40 11 20 45 7 8 14 24 39 34 22 19 12 9 10 44 36 25 43 48 17 26 29 30 42 37 35 49 50 57 27 41 47 32 59 46 38 51 53 54 56 52 55 60 58 61 0 0 0 0 0 0 0 0 0 0 0 0 0 0 0 0 0 0 0 0 0 0 0 0 0 0 0 0 0 0 0 0 0 0 0 0 0 0 0 0 0 0 0 0 0 0 0 0 0 0 0 0 0 0 0 0 0 0 0 0 0 0
0 2 28 1 4 23 13 21 33 5 16 6 18 31 3 15 40 11 20 45 7 8 14 24 39 34 22 19 12 9 10 44 36 25 43 48 17 26 29 30 42 37 35 49 50 57 27 41 47 32 59 46 38 51 53 54 56 52 55 60 58 61 0 0 0 0 0 0 0 0 0 0 0 0 0 0 0 0 0 0 0 0 0 0 0 0 0 0 0 0 0 0 0 0 0 0 0 0 0 0 0 0 0 0 0 0 0 0 0 0 0 0 0 0 0 0 0 0 0 0 0 0 0 0
0 2 28 1 4 23 13 21 33 5 16 6 18 31 3 15 40 11 20 45 7 8 14 24 39 34 22 19 12 9 10 44 36 25 43 48 17 26 29 30 42 37 35 49 50 57 27 41 47 32 59 46 38 51 53 54 56 52 55 60 58 61 0 0 0 0 0 0 0 0 0 0 0 0 0 0 0 0 0 0 0 0 0 0 0 0 0 0 0 0 0 0 0 0 0 0 0 0 0 0 0 0 0 0 0 0 0 0 0 0 0 0 0 0 0 0 0 0 0 0 0 0 0 0
0 2 28 1 4 23 13 21 33 5 16 6 18 31 3 15 40 11 20 45 7 8 14 24 39 34 22 19 12 9 10 44 36 25 43 48 17 26 29 30 42 37 35 49 50 57 27 41 47 32 59 46 38 51 53 54 56 52 55 60 58 61 0 0 0 0 0 0 0 0 0 0 0 0 0 0 0 0 0 0 0 0 0 0 0 0 0 0 0 0 0 0 0 0 0 0 0 0 0 0 0 0 0 0 0 0 0 0 0 0 0 0 0 0 0 0 0 0 0 0 0 0 0 0
0 2 6 13 22 18 3 33 1 7 15 9 4 14 28 23 19 11 8 12 44 34 17 26 29 20 35 21 24 30 10 40 43 5 41 36 25 27 46 45 48 51 37 49 32 38 47 39 52 55 16 53 54 42 50 57 59 60 31 56 58 61 0 0 0 0 0 0 0 0 0 0 0 0 0 0 0 0 0 0 0 0 0 0 0 0 0 0 0 0 0 0 0 0 0 0 0 0 0 0 0 0 0 0 0 0 0 0 0 0 0 0 0 0 0 0 0 0 0 0 0 0 0 0
0 2 28 6 13 1 14 3 18 9 4 24 44 21 23 15 7 19 10 8 11 33 30 40 20 12 45 43 22 36 5 37 25 16 49 26 34 17 35 41 32 38 29 47 27 48 42 31 50 39 46 59 52 55 60 51 57 53 54 56 58 61 0 0 0 0 0 0 0 0 0 0 0 0 0 0 0 0 0 0 0 0 0 0 0 0 0 0 0 0 0 0 0 0 0 0 0 0 0 0 0 0 0 0 0 0 0 0 0 0 0 0 0 0 0 0 0 0 0 0 0 0 0 0
0 2 3 1 4 5 13 33 23 9 11 15 28 18 40 7 6 19 20 26 8 29 12 34 22 35 41 44 47 14 10 17 16 27 24 43 36 25 48 31 21 37 46 45 49 51 30 42 57 39 32 50 53 54 38 52 59 55 60 56 58 61 0 0 0 0 0 0 0 0 0 0 0 0 0 0 0 0 0 0 0 0 0 0 0 0 0 0 0 0 0 0 0 0 0 0 0 0 0 0 0 0 0 0 0 0 0 0 0 0 0 0 0 0 0 0 0 0 0 0 0 0 0 0
0 2 28 6 13 1 14 3 18 9 4 24 44 21 23 15 7 19 10 8 11 33 30 40 20 12 45 43 22 36 5 37 25 16 49 26 34 17 35 41 32 38 29 47 27 48 42 31 50 39 46 59 52 55 60 51 57 53 54 56 58 61 0 0 0 0 0 0 0 0 0 0 0 0 0 0 0 0 0 0 0 0 0 0 0 0 0 0 0 0 0 0 0 0 0 0 0 0 0 0 0 0 0 0 0 0 0 0 0 0 0 0 0 0 0 0 0 0 0 0 0 0 0 0
0 2 3 1 4 5 13 33 23 9 11 15 28 18 40 7 6 19 20 26 8 29 12 34 22 35 41 44 47 14 10 17 16 27 24 43 36 25 48 31 21 37 46 45 49 51 30 42 57 39 32 50 53 54 38 52 59 55 60 56 58 61 0 0 0 0 0 0 0 0 0 0 0 0 0 0 0 0 0 0 0 0 0 0 0 0 0 0 0 0 0 0 0 0 0 0 0 0 0 0 0 0 0 0 0 0 0 0 0 0 0 0 0 0 0 0 0 0 0 0 0 0 0 0
0 3 1 2 13 33 14 11 28 7 4 23 8 5 37 20 24 12 21 19 26 34 15 6 35 22 39 16 31 17 41 9 30 42 29 44 32 38 40 50 47 45 52 10 55 36 25 43 48 49 57 18 27 46 51 53 59 60 54 56 58 61 0 0 0 0 0 0 0 0 0 0 0 0 0 0 0 0 0 0 0 0 0 0 0 0 0 0 0 0 0 0 0 0 0 0 0 0 0 0 0 0 0 0 0 0 0 0 0 0 0 0 0 0 0 0 0 0 0 0 0 0 0 0
0 3 11 7 19 1 2 15 14 8 34 24 20 9 28 40 10 44 36 13 4 6 35 5 39 37 18 21 16 23 22 12 17 31 32 25 27 38 30 42 41 57 48 52 46 26 50 51 45 33 53 29 43 59 55 49 60 47 54 56 58 61 0 0 0 0 0 0 0 0 0 0 0 0 0 0 0 0 0 0 0 0 0 0 0 0 0 0 0 0 0 0 0 0 0 0 0 0 0 0 0 0 0 0 0 0 0 0 0 0 0 0 0 0 0 0 0 0 0 0 0 0 0 0
0 2 28 1 6 3 40 15 4 14 11 23 20 13 33 21 22 45 18 9 5 24 10 36 37 43 49 25 48 7 8 34 16 19 39 35 30 41 44 42 12 17 47 32 27 31 38 26 57 29 50 59 52 46 55 60 51 53 54 56 58 61 0 0 0 0 0 0 0 0 0 0 0 0 0 0 0 0 0 0 0 0 0 0 0 0 0 0 0 0 0 0 0 0 0 0 0 0 0 0 0 0 0 0 0 0 0 0 0 0 0 0 0 0 0 0 0 0 0 0 0 0 0 0
0 2 28 6 22 3 40 7 8 13 15 34 18 45 19 12 1 11 26 4 9 14 20 17 23 27 29 32 35 46 5 37 41 24 47 51 33 39 38 16 31 44 21 52 10 55 30 25 53 43 48 36 49 42 54 56 60 50 59 57 58 61 0 0 0 0 0 0 0 0 0 0 0 0 0 0 0 0 0 0 0 0 0 0 0 0 0 0 0 0 0 0 0 0 0 0 0 0 0 0 0 0 0 0 0 0 0 0 0 0 0 0 0 0 0 0 0 0 0 0 0 0 0 0
0 2 28 6 22 3 40 7 8 13 15 34 18 45 19 12 1 11 26 4 9 14 20 17 23 27 29 32 35 46 5 37 41 24 47 51 33 39 38 16 31 44 21 52 10 55 30 25 53 43 48 36 49 42 54 56 60 50 59 57 58 61 0 0 0 0 0 0 0 0 0 0 0 0 0 0 0 0 0 0 0 0 0 0 0 0 0 0 0 0 0 0 0 0 0 0 0 0 0 0 0 0 0 0 0 0 0 0 0 0 0 0 0 0 0 0 0 0 0 0 0 0 0 0
0 3 2 13 7 8 11 20 19 1 9 14 4 24 34 12 5 44 37 16 15 21 39 23 26 10 6 29 35 28 31 40 30 25 22 36 48 41 45 33 47 17 18 43 32 42 57 50 49 27 59 38 52 46 55 51 53 54 56 60 58 61 0 0 0 0 0 0 0 0 0 0 0 0 0 0 0 0 0 0 0 0 0 0 0 0 0 0 0 0 0 0 0 0 0 0 0 0 0 0 0 0 0 0 0 0 0 0 0 0 0 0 0 0 0 0 0 0 0 0 0 0 0 0
0 3 2 13 7 8 11 20 19 1 9 14 4 24 34 12 5 44 37 16 15 21 39 23 26 10 6 29 35 28 31 40 30 25 22 36 48 41 45 33 47 17 18 43 32 42 57 50 49 27 59 38 52 46 55 51 53 54 56 60 58 61 0 0 0 0 0 0 0 0 0 0 0 0 0 0 0 0 0 0 0 0 0 0 0 0 0 0 0 0 0 0 0 0 0 0 0 0 0 0 0 0 0 0 0 0 0 0 0 0 0 0 0 0 0 0 0 0 0 0 0 0 0 0
0 1 2 9 4 21 6 22 28 14 44 10 25 48 24 40 45 36 5 3 16 37 7 8 13 33 15 11 31 18 12 20 23 19 43 26 39 17 32 27 46 51 29 34 35 30 42 53 38 41 52 55 57 50 47 54 56 49 60 59 58 61 0 0 0 0 0 0 0 0 0 0 0 0 0 0 0 0 0 0 0 0 0 0 0 0 0 0 0 0 0 0 0 0 0 0 0 0 0 0 0 0 0 0 0 0 0 0 0 0 0 0 0 0 0 0 0 0 0 0 0 0 0 0
0 2 3 28 11 7 1 15 8 14 20 24 39 4 40 6 13 5 34 22 19 23 21 33 16 18 31 45 9 12 44 10 37 25 36 48 43 49 35 41 17 32 47 26 27 29 38 52 55 30 42 50 46 60 57 51 59 53 54 56 58 61 0 0 0 0 0 0 0 0 0 0 0 0 0 0 0 0 0 0 0 0 0 0 0 0 0 0 0 0 0 0 0 0 0 0 0 0 0 0 0 0 0 0 0 0 0 0 0 0 0 0 0 0 0 0 0 0 0 0 0 0 0 0
0 2 3 28 11 7 1 15 8 14 20 24 39 4 40 6 13 5 34 22 19 23 21 33 16 18 31 45 9 12 44 10 37 25 36 48 43 49 35 41 17 32 47 26 27 29 38 52 55 30 42 50 46 60 57 51 59 53 54 56 58 61 0 0 0 0 0 0 0 0 0 0 0 0 0 0 0 0 0 0 0 0 0 0 0 0 0 0 0 0 0 0 0 0 0 0 0 0 0 0 0 0 0 0 0 0 0 0 0 0 0 0 0 0 0 0 0 0 0 0 0 0 0 0
0 2 3 28 11 7 1 15 8 14 20 24 39 4 40 6 13 5 34 22 19 23 21 33 16 18 31 45 9 12 44 10 37 25 36 48 43 49 35 41 17 32 47 26 27 29 38 52 55 30 42 50 46 60 57 51 59 53 54 56 58 61 0 0 0 0 0 0 0 0 0 0 0 0 0 0 0 0 0 0 0 0 0 0 0 0 0 0 0 0 0 0 0 0 0 0 0 0 0 0 0 0 0 0 0 0 0 0 0 0 0 0 0 0 0 0 0 0 0 0 0 0 0 0
0 2 3 28 11 7 1 15 8 14 20 24 39 4 40 6 13 5 34 22 19 23 21 33 16 18 31 45 9 12 44 10 37 25 36 48 43 49 35 41 17 32 47 26 27 29 38 52 55 30 42 50 46 60 57 51 59 53 54 56 58 61 0 0 0 0 0 0 0 0 0 0 0 0 0 0 0 0 0 0 0 0 0 0 0 0 0 0 0 0 0 0 0 0 0 0 0 0 0 0 0 0 0 0 0 0 0 0 0 0 0 0 0 0 0 0 0 0 0 0 0 0 0 0
0 1 2 9 4 21 6 22 28 14 44 10 25 48 24 40 45 36 5 3 16 37 7 8 13 33 15 11 31 18 12 20 23 19 43 26 39 17 32 27 46 51 29 34 35 30 42 53 38 41 52 55 57 50 47 54 56 49 60 59 58 61 0 0 0 0 0 0 0 0 0 0 0 0 0 0 0 0 0 0 0 0 0 0 0 0 0 0 0 0 0 0 0 0 0 0 0 0 0 0 0 0 0 0 0 0 0 0 0 0 0 0 0 0 0 0 0 0 0 0 0 0 0 0
0 2 1 3 15 14 9 4 10 36 24 28 13 33 18 6 11 7 23 22 21 5 37 16 19 39 26 44 40 31 20 8 30 43 12 17 25 48 32 27 46 49 51 34 45 35 53 38 41 52 47 54 29 55 42 50 59 60 56 57 58 61 0 0 0 0 0 0 0 0 0 0 0 0 0 0 0 0 0 0 0 0 0 0 0 0 0 0 0 0 0 0 0 0 0 0 0 0 0 0 0 0 0 0 0 0 0 0 0 0 0 0 0 0 0 0 0 0 0 0 0 0 0 0
0 3 1 14 2 15 28 6 13 18 33 4 40 45 22 21 9 44 7 5 23 24 39 11 8 19 10 26 36 43 12 30 17 29 20 32 16 31 42 57 25 50 27 34 37 38 48 35 49 41 52 47 59 55 46 51 60 53 54 56 58 61 0 0 0 0 0 0 0 0 0 0 0 0 0 0 0 0 0 0 0 0 0 0 0 0 0 0 0 0 0 0 0 0 0 0 0 0 0 0 0 0 0 0 0 0 0 0 0 0 0 0 0 0 0 0 0 0 0 0 0 0 0 0
0 2 6 28 40 13 33 22 1 45 9 18 14 3 11 7 24 10 8 15 4 5 19 37 12 44 23 16 43 26 49 25 20 34 48 39 36 31 35 21 17 27 29 30 32 38 41 52 46 55 51 42 53 57 47 54 56 60 50 59 58 61 0 0 0 0 0 0 0 0 0 0 0 0 0 0 0 0 0 0 0 0 0 0 0 0 0 0 0 0 0 0 0 0 0 0 0 0 0 0 0 0 0 0 0 0 0 0 0 0 0 0 0 0 0 0 0 0 0 0 0 0 0 0
0 2 1 3 15 14 9 4 10 36 24 28 13 33 18 6 11 7 23 22 21 5 37 16 19 39 26 44 40 31 20 8 30 43 12 17 25 48 32 27 46 49 51 34 45 35 53 38 41 52 47 54 29 55 42 50 59 60 56 57 58 61 0 0 0 0 0 0 0 0 0 0 0 0 0 0 0 0 0 0 0 0 0 0 0 0 0 0 0 0 0 0 0 0 0 0 0 0 0 0 0 0 0 0 0 0 0 0 0 0 0 0 0 0 0 0 0 0 0 0 0 0 0 0
0 3 1 14 2 15 28 6 13 18 33 4 40 45 22 21 9 44 7 5 23 24 39 11 8 19 10 26 36 43 12 30 17 29 20 32 16 31 42 57 25 50 27 34 37 38 48 35 49 41 52 47 59 55 46 51 60 53 54 56 58 61 0 0 0 0 0 0 0 0 0 0 0 0 0 0 0 0 0 0 0 0 0 0 0 0 0 0 0 0 0 0 0 0 0 0 0 0 0 0 0 0 0 0 0 0 0 0 0 0 0 0 0 0 0 0 0 0 0 0 0 0 0 0
0 2 1 3 15 14 9 4 10 36 24 28 13 33 18 6 11 7 23 22 21 5 37 16 19 39 26 44 40 31 20 8 30 43 12 17 25 48 32 27 46 49 51 34 45 35 53 38 41 52 47 54 29 55 42 50 59 60 56 57 58 61 0 0 0 0 0 0 0 0 0 0 0 0 0 0 0 0 0 0 0 0 0 0 0 0 0 0 0 0 0 0 0 0 0 0 0 0 0 0 0 0 0 0 0 0 0 0 0 0 0 0 0 0 0 0 0 0 0 0 0 0 0 0
0 2 6 28 40 13 33 22 1 45 9 18 14 3 11 7 24 10 8 15 4 5 19 37 12 44 23 16 43 26 49 25 20 34 48 39 36 31 35 21 17 27 29 30 32 38 41 52 46 55 51 42 53 57 47 54 56 60 50 59 58 61 0 0 0 0 0 0 0 0 0 0 0 0 0 0 0 0 0 0 0 0 0 0 0 0 0 0 0 0 0 0 0 0 0 0 0 0 0 0 0 0 0 0 0 0 0 0 0 0 0 0 0 0 0 0 0 0 0 0 0 0 0 0
0 3 15 2 1 13 33 18 7 19 8 4 12 23 6 22 28 17 32 5 16 34 37 31 35 14 40 45 27 9 10 44 36 21 24 11 39 43 30 26 29 25 46 48 41 47 20 42 57 49 38 52 55 51 50 53 60 59 54 56 58 61 0 0 0 0 0 0 0 0 0 0 0 0 0 0 0 0 0 0 0 0 0 0 0 0 0 0 0 0 0 0 0 0 0 0 0 0 0 0 0 0 0 0 0 0 0 0 0 0 0 0 0 0 0 0 0 0 0 0 0 0 0 0
0 3 15 2 1 13 33 18 7 19 8 4 12 23 6 22 28 17 32 5 16 34 37 31 35 14 40 45 27 9 10 44 36 21 24 11 39 43 30 26 29 25 46 48 41 47 20 42 57 49 38 52 55 51 50 53 60 59 54 56 58 61 0 0 0 0 0 0 0 0 0 0 0 0 0 0 0 0 0 0 0 0 0 0 0 0 0 0 0 0 0 0 0 0 0 0 0 0 0 0 0 0 0 0 0 0 0 0 0 0 0 0 0 0 0 0 0 0 0 0 0 0 0 0
0 2 1 9 14 3 28 10 44 40 15 7 6 19 4 23 5 37 11 13 8 45 12 18 26 24 17 22 25 20 16 29 32 33 39 27 48 36 46 34 35 41 31 43 21 51 38 49 52 47 55 60 30 53 54 42 56 50 59 57 58 61 0 0 0 0 0 0 0 0 0 0 0 0 0 0 0 0 0 0 0 0 0 0 0 0 0 0 0 0 0 0 0 0 0 0 0 0 0 0 0 0 0 0 0 0 0 0 0 0 0 0 0 0 0 0 0 0 0 0 0 0 0 0
0 2 1 9 14 3 28 10 44 40 15 7 6 19 4 23 5 37 11 13 8 45 12 18 26 24 17 22 25 20 16 29 32 33 39 27 48 36 46 34 35 41 31 43 21 51 38 49 52 47 55 60 30 53 54 42 56 50 59 57 58 61 0 0 0 0 0 0 0 0 0 0 0 0 0 0 0 0 0 0 0 0 0 0 0 0 0 0 0 0 0 0 0 0 0 0 0 0 0 0 0 0 0 0 0 0 0 0 0 0 0 0 0 0 0 0 0 0 0 0 0 0 0 0
0 2 1 9 14 3 28 10 44 40 15 7 6 19 4 23 5 37 11 13 8 45 12 18 26 24 17 22 25 20 16 29 32 33 39 27 48 36 46 34 35 41 31 43 21 51 38 49 52 47 55 60 30 53 54 42 56 50 59 57 58 61 0 0 0 0 0 0 0 0 0 0 0 0 0 0 0 0 0 0 0 0 0 0 0 0 0 0 0 0 0 0 0 0 0 0 0 0 0 0 0 0 0 0 0 0 0 0 0 0 0 0 0 0 0 0 0 0 0 0 0 0 0 0
0 2 1 9 14 3 28 10 44 40 15 7 6 19 4 23 5 37 11 13 8 45 12 18 26 24 17 22 25 20 16 29 32 33 39 27 48 36 46 34 35 41 31 43 21 51 38 49 52 47 55 60 30 53 54 42 56 50 59 57 58 61 0 0 0 0 0 0 0 0 0 0 0 0 0 0 0 0 0 0 0 0 0 0 0 0 0 0 0 0 0 0 0 0 0 0 0 0 0 0 0 0 0 0 0 0 0 0 0 0 0 0 0 0 0 0 0 0 0 0 0 0 0 0
0 1 14 4 23 3 9 11 2 10 25 20 13 6 44 5 7 19 8 26 15 12 36 24 21 34 35 30 29 28 33 48 16 18 40 31 22 45 43 39 17 37 27 42 32 49 50 38 46 41 47 52 55 60 57 51 59 53 54 56 58 61 0 0 0 0 0 0 0 0 0 0 0 0 0 0 0 0 0 0 0 0 0 0 0 0 0 0 0 0 0 0 0 0 0 0 0 0 0 0 0 0 0 0 0 0 0 0 0 0 0 0 0 0 0 0 0 0 0 0 0 0 0 0
0 1 9 14 2 4 24 44 5 3 11 16 28 13 33 18 10 6 15 7 43 20 31 37 49 19 8 25 22 23 48 21 40 26 39 30 45 29 34 12 17 27 36 32 38 52 35 42 50 41 59 46 51 47 53 57 54 55 56 58 60 61 0 0 0 0 0 0 0 0 0 0 0 0 0 0 0 0 0 0 0 0 0 0 0 0 0 0 0 0 0 0 0 0 0 0 0 0 0 0 0 0 0 0 0 0 0 0 0 0 0 0 0 0 0 0 0 0 0 0 0 0 0 0
0 1 14 4 23 3 9 11 2 10 25 20 13 6 44 5 7 19 8 26 15 12 36 24 21 34 35 30 29 28 33 48 16 18 40 31 22 45 43 39 17 37 27 42 32 49 50 38 46 41 47 52 55 60 57 51 59 53 54 56 58 61 0 0 0 0 0 0 0 0 0 0 0 0 0 0 0 0 0 0 0 0 0 0 0 0 0 0 0 0 0 0 0 0 0 0 0 0 0 0 0 0 0 0 0 0 0 0 0 0 0 0 0 0 0 0 0 0 0 0 0 0 0 0
0 1 14 4 23 3 9 11 2 10 25 20 13 6 44 5 7 19 8 26 15 12 36 24 21 34 35 30 29 28 33 48 16 18 40 31 22 45 43 39 17 37 27 42 32 49 50 38 46 41 47 52 55 60 57 51 59 53 54 56 58 61 0 0 0 0 0 0 0 0 0 0 0 0 0 0 0 0 0 0 0 0 0 0 0 0 0 0 0 0 0 0 0 0 0 0 0 0 0 0 0 0 0 0 0 0 0 0 0 0 0 0 0 0 0 0 0 0 0 0 0 0 0 0
0 1 14 9 3 10 2 36 25 44 7 13 19 8 6 22 12 48 34 33 11 20 43 4 5 16 35 17 24 23 37 39 26 31 28 21 40 49 32 18 38 30 29 27 15 46 41 42 57 51 53 47 45 50 54 52 56 58 59 55 60 61 0 0 0 0 0 0 0 0 0 0 0 0 0 0 0 0 0 0 0 0 0 0 0 0 0 0 0 0 0 0 0 0 0 0 0 0 0 0 0 0 0 0 0 0 0 0 0 0 0 0 0 0 0 0 0 0 0 0 0 0 0 0
0 3 1 15 4 2 21 9 6 22 7 10 14 11 44 20 25 24 5 23 28 36 13 33 8 12 19 26 29 48 16 31 39 37 18 34 40 35 30 41 43 45 42 50 59 17 49 27 47 57 32 46 51 53 54 38 52 55 56 58 60 61 0 0 0 0 0 0 0 0 0 0 0 0 0 0 0 0 0 0 0 0 0 0 0 0 0 0 0 0 0 0 0 0 0 0 0 0 0 0 0 0 0 0 0 0 0 0 0 0 0 0 0 0 0 0 0 0 0 0 0 0 0 0
0 3 1 15 4 2 21 9 6 22 7 10 14 11 44 20 25 24 5 23 28 36 13 33 8 12 19 26 29 48 16 31 39 37 18 34 40 35 30 41 43 45 42 50 59 17 49 27 47 57 32 46 51 53 54 38 52 55 56 58 60 61 0 0 0 0 0 0 0 0 0 0 0 0 0 0 0 0 0 0 0 0 0 0 0 0 0 0 0 0 0 0 0 0 0 0 0 0 0 0 0 0 0 0 0 0 0 0 0 0 0 0 0 0 0 0 0 0 0 0 0 0 0 0
0 3 1 15 4 2 21 9 6 22 7 10 14 11 44 20 25 24 5 23 28 36 13 33 8 12 19 26 29 48 16 31 39 37 18 34 40 35 30 41 43 45 42 50 59 17 49 27 47 57 32 46 51 53 54 38 52 55 56 58 60 61 0 0 0 0 0 0 0 0 0 0 0 0 0 0 0 0 0 0 0 0 0 0 0 0 0 0 0 0 0 0 0 0 0 0 0 0 0 0 0 0 0 0 0 0 0 0 0 0 0 0 0 0 0 0 0 0 0 0 0 0 0 0
0 3 7 19 8 12 15 34 11 35 2 26 13 6 41 1 17 14 28 4 20 33 18 40 9 44 10 29 21 22 23 5 30 27 37 32 25 36 48 45 46 16 24 39 31 43 51 38 52 55 49 60 47 42 50 59 53 57 54 56 58 61 0 0 0 0 0 0 0 0 0 0 0 0 0 0 0 0 0 0 0 0 0 0 0 0 0 0 0 0 0 0 0 0 0 0 0 0 0 0 0 0 0 0 0 0 0 0 0 0 0 0 0 0 0 0 0 0 0 0 0 0 0 0
0 3 2 1 28 13 14 33 24 40 11 6 22 9 15 7 8 12 10 17 32 34 39 36 4 19 23 21 35 20 5 18 43 45 44 16 41 25 38 27 48 26 37 31 30 42 50 59 29 57 49 47 46 52 55 51 60 53 54 56 58 61 0 0 0 0 0 0 0 0 0 0 0 0 0 0 0 0 0 0 0 0 0 0 0 0 0 0 0 0 0 0 0 0 0 0 0 0 0 0 0 0 0 0 0 0 0 0 0 0 0 0 0 0 0 0 0 0 0 0 0 0 0 0
0 3 2 1 28 13 14 33 24 40 11 6 22 9 15 7 8 12 10 17 32 34 39 36 4 19 23 21 35 20 5 18 43 45 44 16 41 25 38 27 48 26 37 31 30 42 50 59 29 57 49 47 46 52 55 51 60 53 54 56 58 61 0 0 0 0 0 0 0 0 0 0 0 0 0 0 0 0 0 0 0 0 0 0 0 0 0 0 0 0 0 0 0 0 0 0 0 0 0 0 0 0 0 0 0 0 0 0 0 0 0 0 0 0 0 0 0 0 0 0 0 0 0 0
0 3 7 19 8 12 15 34 11 35 2 26 13 6 41 1 17 14 28 4 20 33 18 40 9 44 10 29 21 22 23 5 30 27 37 32 25 36 48 45 46 16 24 39 31 43 51 38 52 55 49 60 47 42 50 59 53 57 54 56 58 61 0 0 0 0 0 0 0 0 0 0 0 0 0 0 0 0 0 0 0 0 0 0 0 0 0 0 0 0 0 0 0 0 0 0 0 0 0 0 0 0 0 0 0 0 0 0 0 0 0 0 0 0 0 0 0 0 0 0 0 0 0 0
0 3 7 19 8 12 15 34 11 35 2 26 13 6 41 1 17 14 28 4 20 33 18 40 9 44 10 29 21 22 23 5 30 27 37 32 25 36 48 45 46 16 24 39 31 43 51 38 52 55 49 60 47 42 50 59 53 57 54 56 58 61 0 0 0 0 0 0 0 0 0 0 0 0 0 0 0 0 0 0 0 0 0 0 0 0 0 0 0 0 0 0 0 0 0 0 0 0 0 0 0 0 0 0 0 0 0 0 0 0 0 0 0 0 0 0 0 0 0 0 0 0 0 0
0 3 7 19 1 14 24 2 28 15 39 40 45 8 13 12 17 11 26 34 18 4 21 30 27 9 33 23 5 37 46 32 51 10 36 6 16 31 29 43 20 44 25 48 35 22 49 42 41 57 50 47 38 59 52 55 60 53 54 56 58 61 0 0 0 0 0 0 0 0 0 0 0 0 0 0 0 0 0 0 0 0 0 0 0 0 0 0 0 0 0 0 0 0 0 0 0 0 0 0 0 0 0 0 0 0 0 0 0 0 0 0 0 0 0 0 0 0 0 0 0 0 0 0
0 3 7 19 1 14 24 2 28 15 39 40 45 8 13 12 17 11 26 34 18 4 21 30 27 9 33 23 5 37 46 32 51 10 36 6 16 31 29 43 20 44 25 48 35 22 49 42 41 57 50 47 38 59 52 55 60 53 54 56 58 61 0 0 0 0 0 0 0 0 0 0 0 0 0 0 0 0 0 0 0 0 0 0 0 0 0 0 0 0 0 0 0 0 0 0 0 0 0 0 0 0 0 0 0 0 0 0 0 0 0 0 0 0 0 0 0 0 0 0 0 0 0 0
0 3 7 19 1 14 24 2 28 15 39 40 45 8 13 12 17 11 26 34 18 4 21 30 27 9 33 23 5 37 46 32 51 10 36 6 16 31 29 43 20 44 25 48 35 22 49 42 41 57 50 47 38 59 52 55 60 53 54 56 58 61 0 0 0 0 0 0 0 0 0 0 0 0 0 0 0 0 0 0 0 0 0 0 0 0 0 0 0 0 0 0 0 0 0 0 0 0 0 0 0 0 0 0 0 0 0 0 0 0 0 0 0 0 0 0 0 0 0 0 0 0 0 0
0 3 7 19 1 14 24 2 28 15 39 40 45 8 13 12 17 11 26 34 18 4 21 30 27 9 33 23 5 37 46 32 51 10 36 6 16 31 29 43 20 44 25 48 35 22 49 42 41 57 50 47 38 59 52 55 60 53 54 56 58 61 0 0 0 0 0 0 0 0 0 0 0 0 0 0 0 0 0 0 0 0 0 0 0 0 0 0 0 0 0 0 0 0 0 0 0 0 0 0 0 0 0 0 0 0 0 0 0 0 0 0 0 0 0 0 0 0 0 0 0 0 0 0
0 1 3 14 2 28 11 20 40 7 19 13 9 8 12 15 33 44 10 34 45 17 43 35 26 6 41 4 18 32 24 39 38 27 22 52 29 36 46 25 5 21 48 55 30 23 37 47 16 42 51 50 53 31 57 59 49 60 54 56 58 61 0 0 0 0 0 0 0 0 0 0 0 0 0 0 0 0 0 0 0 0 0 0 0 0 0 0 0 0 0 0 0 0 0 0 0 0 0 0 0 0 0 0 0 0 0 0 0 0 0 0 0 0 0 0 0 0 0 0 0 0 0 0
0 3 2 7 11 15 19 13 28 20 40 33 8 1 34 18 4 6 35 21 22 9 41 14 44 26 10 29 36 43 12 24 17 32 45 30 25 38 27 5 37 23 49 39 16 31 47 52 42 48 55 60 50 46 59 51 53 57 54 56 58 61 0 0 0 0 0 0 0 0 0 0 0 0 0 0 0 0 0 0 0 0 0 0 0 0 0 0 0 0 0 0 0 0 0 0 0 0 0 0 0 0 0 0 0 0 0 0 0 0 0 0 0 0 0 0 0 0 0 0 0 0 0 0
0 3 2 7 11 15 19 13 28 20 40 33 8 1 34 18 4 6 35 21 22 9 41 14 44 26 10 29 36 43 12 24 17 32 45 30 25 38 27 5 37 23 49 39 16 31 47 52 42 48 55 60 50 46 59 51 53 57 54 56 58 61 0 0 0 0 0 0 0 0 0 0 0 0 0 0 0 0 0 0 0 0 0 0 0 0 0 0 0 0 0 0 0 0 0 0 0 0 0 0 0 0 0 0 0 0 0 0 0 0 0 0 0 0 0 0 0 0 0 0 0 0 0 0
0 1 3 14 2 28 11 20 40 7 19 13 9 8 12 15 33 44 10 34 45 17 43 35 26 6 41 4 18 32 24 39 38 27 22 52 29 36 46 25 5 21 48 55 30 23 37 47 16 42 51 50 53 31 57 59 49 60 54 56 58 61 0 0 0 0 0 0 0 0 0 0 0 0 0 0 0 0 0 0 0 0 0 0 0 0 0 0 0 0 0 0 0 0 0 0 0 0 0 0 0 0 0 0 0 0 0 0 0 0 0 0 0 0 0 0 0 0 0 0 0 0 0 0
0 1 4 14 9 21 44 2 13 33 6 28 23 3 5 10 36 24 16 7 39 18 22 8 15 25 34 35 12 37 40 48 31 17 19 41 43 45 32 27 49 46 30 42 57 51 11 53 47 20 26 29 50 38 52 55 60 59 54 56 58 61 0 0 0 0 0 0 0 0 0 0 0 0 0 0 0 0 0 0 0 0 0 0 0 0 0 0 0 0 0 0 0 0 0 0 0 0 0 0 0 0 0 0 0 0 0 0 0 0 0 0 0 0 0 0 0 0 0 0 0 0 0 0
0 1 4 14 9 21 44 2 13 33 6 28 23 3 5 10 36 24 16 7 39 18 22 8 15 25 34 35 12 37 40 48 31 17 19 41 43 45 32 27 49 46 30 42 57 51 11 53 47 20 26 29 50 38 52 55 60 59 54 56 58 61 0 0 0 0 0 0 0 0 0 0 0 0 0 0 0 0 0 0 0 0 0 0 0 0 0 0 0 0 0 0 0 0 0 0 0 0 0 0 0 0 0 0 0 0 0 0 0 0 0 0 0 0 0 0 0 0 0 0 0 0 0 0
0 1 4 14 9 21 44 2 13 33 6 28 23 3 5 10 36 24 16 7 39 18 22 8 15 25 34 35 12 37 40 48 31 17 19 41 43 45 32 27 49 46 30 42 57 51 11 53 47 20 26 29 50 38 52 55 60 59 54 56 58 61 0 0 0 0 0 0 0 0 0 0 0 0 0 0 0 0 0 0 0 0 0 0 0 0 0 0 0 0 0 0 0 0 0 0 0 0 0 0 0 0 0 0 0 0 0 0 0 0 0 0 0 0 0 0 0 0 0 0 0 0 0 0
0 2 3 13 28 15 6 33 18 7 11 8 22 1 20 19 12 9 10 44 36 14 25 40 43 48 24 4 21 23 5 16 31 45 39 34 26 17 29 35 41 32 27 38 37 30 46 51 52 53 49 47 55 54 60 56 42 57 50 58 59 61 0 0 0 0 0 0 0 0 0 0 0 0 0 0 0 0 0 0 0 0 0 0 0 0 0 0 0 0 0 0 0 0 0 0 0 0 0 0 0 0 0 0 0 0 0 0 0 0 0 0 0 0 0 0 0 0 0 0 0 0 0 0
0 3 7 15 1 14 9 10 25 4 24 21 2 5 23 28 6 22 11 44 20 8 12 19 36 13 33 48 43 40 45 18 16 34 39 37 35 31 41 47 49 30 42 26 17 32 38 29 27 57 46 51 50 59 53 52 55 60 54 56 58 61 0 0 0 0 0 0 0 0 0 0 0 0 0 0 0 0 0 0 0 0 0 0 0 0 0 0 0 0 0 0 0 0 0 0 0 0 0 0 0 0 0 0 0 0 0 0 0 0 0 0 0 0 0 0 0 0 0 0 0 0 0 0
0 3 7 15 1 14 9 10 25 4 24 21 2 5 23 28 6 22 11 44 20 8 12 19 36 13 33 48 43 40 45 18 16 34 39 37 35 31 41 47 49 30 42 26 17 32 38 29 27 57 46 51 50 59 53 52 55 60 54 56 58 61 0 0 0 0 0 0 0 0 0 0 0 0 0 0 0 0 0 0 0 0 0 0 0 0 0 0 0 0 0 0 0 0 0 0 0 0 0 0 0 0 0 0 0 0 0 0 0 0 0 0 0 0 0 0 0 0 0 0 0 0 0 0
0 3 7 15 1 14 9 10 25 4 24 21 2 5 23 28 6 22 11 44 20 8 12 19 36 13 33 48 43 40 45 18 16 34 39 37 35 31 41 47 49 30 42 26 17 32 38 29 27 57 46 51 50 59 53 52 55 60 54 56 58 61 0 0 0 0 0 0 0 0 0 0 0 0 0 0 0 0 0 0 0 0 0 0 0 0 0 0 0 0 0 0 0 0 0 0 0 0 0 0 0 0 0 0 0 0 0 0 0 0 0 0 0 0 0 0 0 0 0 0 0 0 0 0
0 2 3 13 28 15 6 33 18 7 11 8 22 1 20 19 12 9 10 44 36 14 25 40 43 48 24 4 21 23 5 16 31 45 39 34 26 17 29 35 41 32 27 38 37 30 46 51 52 53 49 47 55 54 60 56 42 57 50 58 59 61 0 0 0 0 0 0 0 0 0 0 0 0 0 0 0 0 0 0 0 0 0 0 0 0 0 0 0 0 0 0 0 0 0 0 0 0 0 0 0 0 0 0 0 0 0 0 0 0 0 0 0 0 0 0 0 0 0 0 0 0 0 0
0 3 7 15 1 14 9 10 25 4 24 21 2 5 23 28 6 22 11 44 20 8 12 19 36 13 33 48 43 40 45 18 16 34 39 37 35 31 41 47 49 30 42 26 17 32 38 29 27 57 46 51 50 59 53 52 55 60 54 56 58 61 0 0 0 0 0 0 0 0 0 0 0 0 0 0 0 0 0 0 0 0 0 0 0 0 0 0 0 0 0 0 0 0 0 0 0 0 0 0 0 0 0 0 0 0 0 0 0 0 0 0 0 0 0 0 0 0 0 0 0 0 0 0
0 2 3 13 28 15 6 33 18 7 11 8 22 1 20 19 12 9 10 44 36 14 25 40 43 48 24 4 21 23 5 16 31 45 39 34 26 17 29 35 41 32 27 38 37 30 46 51 52 53 49 47 55 54 60 56 42 57 50 58 59 61 0 0 0 0 0 0 0 0 0 0 0 0 0 0 0 0 0 0 0 0 0 0 0 0 0 0 0 0 0 0 0 0 0 0 0 0 0 0 0 0 0 0 0 0 0 0 0 0 0 0 0 0 0 0 0 0 0 0 0 0 0 0
0 2 1 3 11 28 4 6 15 20 40 23 9 44 10 36 22 7 21 5 13 8 45 34 12 19 37 30 14 17 26 18 29 27 35 33 24 16 43 46 41 51 39 42 49 32 31 38 50 25 57 47 52 55 53 60 54 48 59 56 58 61 0 0 0 0 0 0 0 0 0 0 0 0 0 0 0 0 0 0 0 0 0 0 0 0 0 0 0 0 0 0 0 0 0 0 0 0 0 0 0 0 0 0 0 0 0 0 0 0 0 0 0 0 0 0 0 0 0 0 0 0 0 0
