0 2 1 14 3 11 15 7 19 9 44 28 40 24 26 13 8 12 6 4 33 17 18 22 21 23 5 20 10 37 34 16 39 25 45 29 31 32 38 30 35 43 49 52 48 41 42 50 59 47 36 27 46 51 55 53 60 57 54 56 58 61 0 0 0 0 0 0 0 0 0 0 0 0 0 0 0 0 0 1 0 0 0 0 0 0 0 0 0 0 1 0 1 0 1 0 1 0 0 0 0 0 0 0 0 0 0 0 0 0 0 0 0 0 0 0 0 0 0 1 0 0 0 0
0 3 7 8 12 2 1 13 34 18 35 33 9 41 44 15 10 14 28 40 19 45 43 24 36 4 5 23 17 32 27 46 51 47 16 6 11 22 25 31 48 26 21 30 20 39 53 54 38 42 29 56 52 50 37 49 55 60 59 57 58 61 0 0 0 0 0 0 0 0 0 0 0 0 0 0 0 0 0 0 0 0 0 0 0 0 0 0 0 0 0 0 0 0 0 0 0 0 0 0 0 0 0 0 0 0 0 0 0 0 0 0 0 0 0 0 0 0 0 0 0 0 0 0
0 3 7 11 19 1 2 13 9 8 28 4 6 15 20 18 22 33 14 40 12 45 34 24 5 39 17 35 26 41 21 29 10 30 23 44 37 16 27 47 46 42 31 32 43 51 25 53 50 54 56 38 52 36 55 48 49 59 60 57 58 61 0 0 0 0 1 0 0 0 0 0 0 0 0 0 0 0 0 0 0 1 1 0 1 0 0 1 0 0 0 0 0 1 0 0 0 0 0 0 0 0 0 0 0 0 1 0 1 1 0 0 0 0 0 0 0 0 0 1 0 0 1 0
0 3 11 15 2 1 14 13 4 5 16 24 7 19 37 9 28 18 23 33 21 10 40 25 6 8 44 20 12 39 36 26 22 34 43 49 29 17 32 35 38 52 30 48 42 50 27 46 59 45 55 51 53 31 57 41 60 47 54 56 58 61 0 0 0 0 0 0 0 0 0 0 0 0 0 0 0 1 0 0 1 0 1 0 0 0 1 0 0 0 0 0 1 1 0 0 1 0 0 0 0 1 0 0 0 0 1 0 0 0 1 0 0 0 0 0 0 0 0 0 0 0 0 0
0 3 2 7 1 11 19 8 13 15 26 12 4 33 17 6 28 20 22 18 14 34 5 23 40 21 9 29 24 16 10 35 32 27 41 46 44 51 38 25 53 30 36 48 47 43 54 42 39 37 52 31 49 45 55 57 50 60 56 58 59 61 0 0 0 0 1 0 0 0 0 0 0 0 0 1 0 0 0 0 0 0 0 0 0 1 0 0 0 1 0 0 0 0 0 1 0 0 1 0 1 0 0 0 0 0 0 0 0 0 0 0 0 0 0 0 0 1 0 0 0 0 0 0
0 2 1 14 3 11 15 7 19 9 44 28 40 24 26 13 8 12 6 4 33 17 18 22 21 23 5 20 10 37 34 16 39 25 45 29 31 32 38 30 35 43 49 52 48 41 42 50 59 47 36 27 46 51 55 53 60 57 54 56 58 61 0 0 0 0 0 0 0 0 0 0 0 0 0 0 0 0 0 1 0 0 0 0 0 0 0 0 0 0 1 0 1 0 1 0 1 0 0 0 0 0 0 0 0 0 0 0 0 0 0 0 0 0 0 0 0 0 0 1 0 0 0 0
0 3 11 15 2 1 14 13 4 5 16 24 7 19 37 9 28 18 23 33 21 10 40 25 6 8 44 20 12 39 36 26 22 34 43 49 29 17 32 35 38 52 30 48 42 50 27 46 59 45 55 51 53 31 57 41 60 47 54 56 58 61 0 0 0 0 0 0 0 0 0 0 0 0 0 0 0 1 0 0 1 0 1 0 0 0 1 0 0 0 0 0 1 1 0 0 1 0 0 0 0 1 0 0 0 0 1 0 0 0 1 0 0 0 0 0 0 0 0 0 0 0 0 0
0 3 11 15 2 1 14 13 4 5 16 24 7 19 37 9 28 18 23 33 21 10 40 25 6 8 44 20 12 39 36 26 22 34 43 49 29 17 32 35 38 52 30 48 42 50 27 46 59 45 55 51 53 31 57 41 60 47 54 56 58 61 0 0 0 0 0 0 0 0 0 0 0 0 0 0 0 1 0 0 1 0 1 0 0 0 1 0 0 0 0 0 1 1 0 0 1 0 0 0 0 1 0 0 0 0 1 0 0 0 1 0 0 0 0 0 0 0 0 0 0 0 0 0
0 3 7 11 19 1 2 13 9 8 28 4 6 15 20 18 22 33 14 40 12 45 34 24 5 39 17 35 26 41 21 29 10 30 23 44 37 16 27 47 46 42 31 32 43 51 25 53 50 54 56 38 52 36 55 48 49 59 60 57 58 61 0 0 0 0 1 0 0 0 0 0 0 0 0 0 0 0 0 0 0 1 1 0 1 0 0 1 0 0 0 0 0 1 0 0 0 0 0 0 0 0 0 0 0 0 1 0 1 1 0 0 0 0 0 0 0 0 0 1 0 0 1 0
0 3 2 7 1 11 19 8 13 15 26 12 4 33 17 6 28 20 22 18 14 34 5 23 40 21 9 29 24 16 10 35 32 27 41 46 44 51 38 25 53 30 36 48 47 43 54 42 39 37 52 31 49 45 55 57 50 60 56 58 59 61 0 0 0 0 1 0 0 0 0 0 0 0 0 1 0 0 0 0 0 0 0 0 0 1 0 0 0 1 0 0 0 0 0 1 0 0 1 0 1 0 0 0 0 0 0 0 0 0 0 0 0 0 0 0 0 1 0 0 0 0 0 0
0 3 7 11 19 1 2 13 9 8 28 4 6 15 20 18 22 33 14 40 12 45 34 24 5 39 17 35 26 41 21 29 10 30 23 44 37 16 27 47 46 42 31 32 43 51 25 53 50 54 56 38 52 36 55 48 49 59 60 57 58 61 0 0 0 0 1 0 0 0 0 0 0 0 0 0 0 0 0 0 0 1 1 0 1 0 0 1 0 0 0 0 0 1 0 0 0 0 0 0 0 0 0 0 0 0 1 0 1 1 0 0 0 0 0 0 0 0 0 1 0 0 1 0
0 3 15 1 7 2 19 11 14 13 28 4 23 24 40 20 21 9 8 33 12 30 17 34 18 27 32 35 38 5 10 43 6 37 36 22 41 26 46 39 47 29 16 51 44 42 52 25 53 31 50 54 56 49 45 48 59 55 60 57 58 61 0 0 0 0 0 0 0 0 0 0 0 0 0 0 0 0 0 0 0 0 0 0 0 0 0 0 0 0 0 0 0 0 0 0 0 0 0 0 0 0 0 0 0 0 0 0 0 0 0 0 0 0 0 0 0 0 0 0 0 0 0 0
0 1 4 21 23 3 14 9 7 44 19 8 2 11 15 20 28 13 6 33 5 18 10 34 35 25 40 48 24 12 30 43 16 31 37 17 41 39 22 45 32 38 27 36 52 26 46 29 55 42 47 57 50 59 51 49 60 53 54 56 58 61 0 0 0 1 0 0 0 0 0 0 0 0 0 0 0 0 0 0 0 0 1 0 1 1 0 0 1 0 1 1 0 0 0 0 0 0 0 0 0 0 0 0 1 0 0 0 0 0 0 0 0 0 0 0 0 0 0 1 0 0 0 0
0 2 3 1 11 4 15 9 23 44 13 10 6 21 5 22 25 20 18 7 28 36 37 19 26 14 8 48 33 12 16 34 31 43 24 39 49 40 17 30 45 29 32 35 38 41 52 27 47 55 46 42 60 51 53 54 56 57 50 58 59 61 0 0 0 0 0 0 0 0 0 0 0 0 0 0 0 0 0 0 1 0 0 0 1 0 1 0 0 0 1 0 0 1 0 0 1 0 0 0 0 1 0 0 0 0 1 1 0 0 0 0 0 0 0 0 0 0 0 1 0 0 0 0
0 2 13 28 3 15 1 4 21 11 5 23 14 7 6 19 22 18 30 9 37 40 8 33 10 45 24 43 20 26 12 36 34 39 17 35 25 32 44 16 42 29 38 41 50 27 46 52 55 47 49 51 53 48 31 57 59 60 54 56 58 61 0 0 0 0 0 0 0 0 0 0 0 0 0 1 0 1 0 0 1 0 0 0 1 0 0 1 0 0 0 1 1 1 0 0 0 0 1 0 0 0 0 0 1 0 0 0 0 1 0 0 0 0 0 0 0 1 0 1 0 0 1 0
0 2 13 28 3 15 1 4 21 11 5 23 14 7 6 19 22 18 30 9 37 40 8 33 10 45 24 43 20 26 12 36 34 39 17 35 25 32 44 16 42 29 38 41 50 27 46 52 55 47 49 51 53 48 31 57 59 60 54 56 58 61 0 0 0 0 0 0 0 0 0 0 0 0 0 1 0 1 0 0 1 0 0 0 1 0 0 1 0 0 0 1 1 1 0 0 0 0 1 0 0 0 0 0 1 0 0 0 0 1 0 0 0 0 0 0 0 1 0 1 0 0 1 0
0 1 4 21 23 3 14 9 7 44 19 8 2 11 15 20 28 13 6 33 5 18 10 34 35 25 40 48 24 12 30 43 16 31 37 17 41 39 22 45 32 38 27 36 52 26 46 29 55 42 47 57 50 59 51 49 60 53 54 56 58 61 0 0 0 1 0 0 0 0 0 0 0 0 0 0 0 0 0 0 0 0 1 0 1 1 0 0 1 0 1 1 0 0 0 0 0 0 0 0 0 0 0 0 1 0 0 0 0 0 0 0 0 0 0 0 0 0 0 1 0 0 0 0
0 2 3 1 11 4 15 9 23 44 13 10 6 21 5 22 25 20 18 7 28 36 37 19 26 14 8 48 33 12 16 34 31 43 24 39 49 40 17 30 45 29 32 35 38 41 52 27 47 55 46 42 60 51 53 54 56 57 50 58 59 61 0 0 0 0 0 0 0 0 0 0 0 0 0 0 0 0 0 0 1 0 0 0 1 0 1 0 0 0 1 0 0 1 0 0 1 0 0 0 0 1 0 0 0 0 1 1 0 0 0 0 0 0 0 0 0 0 0 1 0 0 0 0
0 1 4 21 23 3 14 9 7 44 19 8 2 11 15 20 28 13 6 33 5 18 10 34 35 25 40 48 24 12 30 43 16 31 37 17 41 39 22 45 32 38 27 36 52 26 46 29 55 42 47 57 50 59 51 49 60 53 54 56 58 61 0 0 0 1 0 0 0 0 0 0 0 0 0 0 0 0 0 0 0 0 1 0 1 1 0 0 1 0 1 1 0 0 0 0 0 0 0 0 0 0 0 0 1 0 0 0 0 0 0 0 0 0 0 0 0 0 0 1 0 0 0 0
0 2 13 28 3 15 1 4 21 11 5 23 14 7 6 19 22 18 30 9 37 40 8 33 10 45 24 43 20 26 12 36 34 39 17 35 25 32 44 16 42 29 38 41 50 27 46 52 55 47 49 51 53 48 31 57 59 60 54 56 58 61 0 0 0 0 0 0 0 0 0 0 0 0 0 1 0 1 0 0 1 0 0 0 1 0 0 1 0 0 0 1 1 1 0 0 0 0 1 0 0 0 0 0 1 0 0 0 0 1 0 0 0 0 0 0 0 1 0 1 0 0 1 0
0 3 15 7 2 8 28 34 6 19 1 40 9 12 11 22 13 33 4 23 14 24 21 44 18 5 10 37 39 30 43 25 35 41 36 49 17 32 47 48 16 31 27 42 45 46 51 26 50 59 20 38 53 29 54 57 56 52 55 60 58 61 0 0 0 0 0 0 0 0 0 0 0 0 0 1 0 0 0 1 1 1 1 0 1 0 0 0 0 0 1 0 0 0 0 0 1 0 0 0 0 0 0 0 0 0 0 0 1 0 0 1 0 0 0 0 0 1 0 1 0 0 0 0
0 3 15 7 2 8 28 34 6 19 1 40 9 12 11 22 13 33 4 23 14 24 21 44 18 5 10 37 39 30 43 25 35 41 36 49 17 32 47 48 16 31 27 42 45 46 51 26 50 59 20 38 53 29 54 57 56 52 55 60 58 61 0 0 0 0 0 0 0 0 0 0 0 0 0 1 0 0 0 1 1 1 1 0 1 0 0 0 0 0 1 0 0 0 0 0 1 0 0 0 0 0 0 0 0 0 0 0 1 0 0 1 0 0 0 0 0 1 0 1 0 0 0 0
0 1 3 4 7 5 11 2 20 28 40 45 9 6 8 34 13 44 18 14 10 37 15 19 22 35 21 30 24 16 36 26 42 12 50 29 17 33 25 39 43 23 49 48 32 27 46 38 51 52 41 55 60 53 31 57 47 59 54 56 58 61 0 0 0 0 0 0 0 0 0 0 0 0 0 0 1 0 0 1 0 1 1 1 0 0 0 0 0 0 1 0 0 1 0 0 0 0 1 0 1 0 0 1 1 0 0 0 0 0 0 0 0 0 0 1 0 0 0 1 0 0 0 0
0 3 7 11 1 15 14 20 2 28 9 4 23 21 13 44 19 8 6 5 33 40 24 39 12 16 22 31 18 45 34 37 17 10 32 38 35 25 48 41 30 43 27 46 49 26 36 29 47 42 52 55 51 53 54 56 60 57 58 50 59 61 0 0 0 0 0 0 1 0 0 0 0 0 0 0 0 0 0 0 0 0 0 0 0 0 0 1 0 0 0 0 1 0 0 0 0 0 0 0 0 1 0 0 1 0 1 0 1 1 0 1 0 0 0 0 0 0 0 1 0 0 0 0
0 1 3 4 7 5 11 2 20 28 40 45 9 6 8 34 13 44 18 14 10 37 15 19 22 35 21 30 24 16 36 26 42 12 50 29 17 33 25 39 43 23 49 48 32 27 46 38 51 52 41 55 60 53 31 57 47 59 54 56 58 61 0 0 0 0 0 0 0 0 0 0 0 0 0 0 1 0 0 1 0 1 1 1 0 0 0 0 0 0 1 0 0 1 0 0 0 0 1 0 1 0 0 1 1 0 0 0 0 0 0 0 0 0 0 1 0 0 0 1 0 0 0 0
0 3 7 11 1 15 14 20 2 28 9 4 23 21 13 44 19 8 6 5 33 40 24 39 12 16 22 31 18 45 34 37 17 10 32 38 35 25 48 41 30 43 27 46 49 26 36 29 47 42 52 55 51 53 54 56 60 57 58 50 59 61 0 0 0 0 0 0 1 0 0 0 0 0 0 0 0 0 0 0 0 0 0 0 0 0 0 1 0 0 0 0 1 0 0 0 0 0 0 0 0 1 0 0 1 0 1 0 1 1 0 1 0 0 0 0 0 0 0 1 0 0 0 0
0 1 3 4 7 5 11 2 20 28 40 45 9 6 8 34 13 44 18 14 10 37 15 19 22 35 21 30 24 16 36 26 42 12 50 29 17 33 25 39 43 23 49 48 32 27 46 38 51 52 41 55 60 53 31 57 47 59 54 56 58 61 0 0 0 0 0 0 0 0 0 0 0 0 0 0 1 0 0 1 0 1 1 1 0 0 0 0 0 0 1 0 0 1 0 0 0 0 1 0 1 0 0 1 1 0 0 0 0 0 0 0 0 0 0 1 0 0 0 1 0 0 0 0
0 3 7 11 1 15 14 20 2 28 9 4 23 21 13 44 19 8 6 5 33 40 24 39 12 16 22 31 18 45 34 37 17 10 32 38 35 25 48 41 30 43 27 46 49 26 36 29 47 42 52 55 51 53 54 56 60 57 58 50 59 61 0 0 0 0 0 0 1 0 0 0 0 0 0 0 0 0 0 0 0 0 0 0 0 0 0 1 0 0 0 0 1 0 0 0 0 0 0 0 0 1 0 0 1 0 1 0 1 1 0 1 0 0 0 0 0 0 0 1 0 0 0 0
0 1 4 23 21 2 14 6 28 40 24 3 5 45 15 16 9 10 31 44 22 36 13 11 20 25 48 7 19 33 8 12 17 18 34 27 46 37 43 26 49 32 29 35 51 53 30 42 41 57 50 47 38 54 59 39 52 56 55 58 60 61 0 0 0 0 1 0 0 0 0 0 1 0 0 0 0 0 0 1 0 0 0 0 0 1 0 0 0 0 0 1 0 1 0 0 0 0 1 1 0 0 0 0 0 0 1 0 0 0 0 0 0 0 0 0 0 0 0 0 0 0 1 0
0 1 4 23 21 2 14 6 28 40 24 3 5 45 15 16 9 10 31 44 22 36 13 11 20 25 48 7 19 33 8 12 17 18 34 27 46 37 43 26 49 32 29 35 51 53 30 42 41 57 50 47 38 54 59 39 52 56 55 58 60 61 0 0 0 0 1 0 0 0 0 0 1 0 0 0 0 0 0 1 0 0 0 0 0 1 0 0 0 0 0 1 0 1 0 0 0 0 1 1 0 0 0 0 0 0 1 0 0 0 0 0 0 0 0 0 0 0 0 0 0 0 1 0
0 3 11 2 7 13 1 6 8 19 9 18 12 17 33 34 27 35 46 26 28 40 15 45 41 14 51 24 29 20 32 39 22 4 5 21 23 30 10 38 43 44 47 36 52 25 55 53 37 49 48 54 16 31 60 56 42 50 57 58 59 61 0 0 0 0 0 0 0 0 0 0 0 0 0 0 0 1 0 0 0 0 1 1 1 1 0 0 0 0 0 0 1 0 0 0 0 0 0 0 0 0 0 0 0 1 0 0 0 0 0 1 0 0 1 0 0 1 0 1 0 0 0 0
0 3 1 15 14 7 8 12 4 9 5 10 21 2 37 6 28 13 11 33 16 20 19 26 29 40 44 34 24 25 39 30 17 18 36 48 32 22 31 42 27 46 23 51 45 57 50 43 49 59 38 52 53 55 60 35 41 47 54 56 58 61 0 0 0 0 0 0 0 0 0 0 0 0 0 0 0 0 0 0 0 1 0 0 0 0 0 0 0 0 0 0 0 1 0 0 0 1 0 0 0 0 0 0 0 0 1 1 0 0 0 1 0 0 0 0 0 0 0 0 0 1 0 0
0 3 1 15 14 7 8 12 4 9 5 10 21 2 37 6 28 13 11 33 16 20 19 26 29 40 44 34 24 25 39 30 17 18 36 48 32 22 31 42 27 46 23 51 45 57 50 43 49 59 38 52 53 55 60 35 41 47 54 56 58 61 0 0 0 0 0 0 0 0 0 0 0 0 0 0 0 0 0 0 0 1 0 0 0 0 0 0 0 0 0 0 0 1 0 0 0 1 0 0 0 0 0 0 0 0 1 1 0 0 0 1 0 0 0 0 0 0 0 0 0 1 0 0
0 3 11 2 7 13 1 6 8 19 9 18 12 17 33 34 27 35 46 26 28 40 15 45 41 14 51 24 29 20 32 39 22 4 5 21 23 30 10 38 43 44 47 36 52 25 55 53 37 49 48 54 16 31 60 56 42 50 57 58 59 61 0 0 0 0 0 0 0 0 0 0 0 0 0 0 0 1 0 0 0 0 1 1 1 1 0 0 0 0 0 0 1 0 0 0 0 0 0 0 0 0 0 0 0 1 0 0 0 0 0 1 0 0 1 0 0 1 0 1 0 0 0 0
0 3 1 15 14 7 8 12 4 9 5 10 21 2 37 6 28 13 11 33 16 20 19 26 29 40 44 34 24 25 39 30 17 18 36 48 32 22 31 42 27 46 23 51 45 57 50 43 49 59 38 52 53 55 60 35 41 47 54 56 58 61 0 0 0 0 0 0 0 0 0 0 0 0 0 0 0 0 0 0 0 1 0 0 0 0 0 0 0 0 0 0 0 1 0 0 0 1 0 0 0 0 0 0 0 0 1 1 0 0 0 1 0 0 0 0 0 0 0 0 0 1 0 0
0 1 4 9 23 5 3 14 10 16 7 24 36 39 8 21 11 2 6 19 44 25 37 26 34 48 35 15 12 28 30 42 20 31 41 40 22 50 47 13 29 33 45 18 59 43 49 17 57 32 27 38 52 55 60 46 51 53 54 56 58 61 0 0 0 0 0 0 0 0 0 0 0 1 0 0 0 0 0 0 0 0 1 0 0 0 0 0 0 0 0 1 0 0 0 0 0 0 0 0 1 0 0 1 0 0 0 0 0 0 0 0 0 0 1 0 0 0 0 1 0 0 0 0
0 1 4 9 23 5 3 14 10 16 7 24 36 39 8 21 11 2 6 19 44 25 37 26 34 48 35 15 12 28 30 42 20 31 41 40 22 50 47 13 29 33 45 18 59 43 49 17 57 32 27 38 52 55 60 46 51 53 54 56 58 61 0 0 0 0 0 0 0 0 0 0 0 1 0 0 0 0 0 0 0 0 1 0 0 0 0 0 0 0 0 1 0 0 0 0 0 0 0 0 1 0 0 1 0 0 0 0 0 0 0 0 0 0 1 0 0 0 0 1 0 0 0 0
0 1 4 9 23 5 3 14 10 16 7 24 36 39 8 21 11 2 6 19 44 25 37 26 34 48 35 15 12 28 30 42 20 31 41 40 22 50 47 13 29 33 45 18 59 43 49 17 57 32 27 38 52 55 60 46 51 53 54 56 58 61 0 0 0 0 0 0 0 0 0 0 0 1 0 0 0 0 0 0 0 0 1 0 0 0 0 0 0 0 0 1 0 0 0 0 0 0 0 0 1 0 0 1 0 0 0 0 0 0 0 0 0 0 1 0 0 0 0 1 0 0 0 0
0 1 14 9 3 2 6 10 13 11 4 5 44 24 28 23 25 33 22 7 16 48 18 31 8 39 34 21 40 35 45 15 37 41 12 47 36 20 43 19 17 26 30 42 27 46 51 29 32 57 53 49 50 38 59 54 52 55 60 56 58 61 0 0 0 0 0 0 0 0 0 0 0 0 0 1 1 1 1 0 1 0 0 0 1 0 1 0 0 0 0 1 0 1 0 1 0 0 0 0 0 0 0 0 0 0 0 1 0 0 0 0 0 0 0 0 0 0 0 0 0 0 0 0
0 1 14 9 3 2 6 10 13 11 4 5 44 24 28 23 25 33 22 7 16 48 18 31 8 39 34 21 40 35 45 15 37 41 12 47 36 20 43 19 17 26 30 42 27 46 51 29 32 57 53 49 50 38 59 54 52 55 60 56 58 61 0 0 0 0 0 0 0 0 0 0 0 0 0 1 1 1 1 0 1 0 0 0 1 0 1 0 0 0 0 1 0 1 0 1 0 0 0 0 0 0 0 0 0 0 0 1 0 0 0 0 0 0 0 0 0 0 0 0 0 0 0 0
0 3 15 7 2 19 1 4 13 8 33 5 9 37 16 28 44 12 6 22 10 18 23 11 20 21 43 25 30 49 42 36 26 14 31 17 29 48 24 34 35 39 41 27 57 32 40 45 38 52 50 59 55 47 46 60 51 53 54 56 58 61 0 0 0 0 0 0 0 0 0 0 1 0 0 1 0 0 0 0 0 0 0 0 0 0 0 0 0 0 1 0 0 0 0 0 1 0 0 0 0 0 0 0 0 0 0 0 1 0 0 0 0 0 0 0 0 0 0 0 0 0 0 0
0 3 15 7 2 19 1 4 13 8 33 5 9 37 16 28 44 12 6 22 10 18 23 11 20 21 43 25 30 49 42 36 26 14 31 17 29 48 24 34 35 39 41 27 57 32 40 45 38 52 50 59 55 47 46 60 51 53 54 56 58 61 0 0 0 0 0 0 0 0 0 0 1 0 0 1 0 0 0 0 0 0 0 0 0 0 0 0 0 0 1 0 0 0 0 0 1 0 0 0 0 0 0 0 0 0 0 0 1 0 0 0 0 0 0 0 0 0 0 0 0 0 0 0
0 3 11 15 2 20 6 28 40 1 13 45 9 7 19 22 10 18 4 5 44 21 8 34 35 33 14 24 26 37 25 39 43 23 12 41 16 49 30 42 50 29 17 31 27 32 36 38 48 47 46 52 51 57 53 54 56 58 59 55 60 61 0 0 0 0 0 0 0 0 0 0 0 0 0 0 0 0 0 1 0 0 0 0 0 1 0 1 1 1 0 0 0 0 0 1 0 0 0 0 0 1 0 0 0 1 0 0 0 0 1 0 0 0 0 1 0 1 0 1 0 0 0 0
0 2 1 14 28 6 13 4 3 23 7 40 11 5 20 9 33 45 8 16 24 34 19 35 15 18 39 37 31 10 43 49 25 48 44 21 22 12 26 17 36 32 29 38 41 30 42 57 47 50 27 52 55 60 59 46 51 53 54 56 58 61 0 0 0 0 0 0 0 0 0 0 0 0 0 0 0 0 0 0 0 0 0 0 0 0 0 0 0 0 0 0 0 0 0 1 0 0 0 0 0 0 0 1 0 0 0 0 0 0 0 0 0 0 0 0 0 1 0 0 0 0 0 0
0 3 11 15 2 20 6 28 40 1 13 45 9 7 19 22 10 18 4 5 44 21 8 34 35 33 14 24 26 37 25 39 43 23 12 41 16 49 30 42 50 29 17 31 27 32 36 38 48 47 46 52 51 57 53 54 56 58 59 55 60 61 0 0 0 0 0 0 0 0 0 0 0 0 0 0 0 0 0 1 0 0 0 0 0 1 0 1 1 1 0 0 0 0 0 1 0 0 0 0 0 1 0 0 0 1 0 0 0 0 1 0 0 0 0 1 0 1 0 1 0 0 0 0
0 2 1 14 28 6 13 4 3 23 7 40 11 5 20 9 33 45 8 16 24 34 19 35 15 18 39 37 31 10 43 49 25 48 44 21 22 12 26 17 36 32 29 38 41 30 42 57 47 50 27 52 55 60 59 46 51 53 54 56 58 61 0 0 0 0 0 0 0 0 0 0 0 0 0 0 0 0 0 0 0 0 0 0 0 0 0 0 0 0 0 0 0 0 0 1 0 0 0 0 0 0 0 1 0 0 0 0 0 0 0 0 0 0 0 0 0 1 0 0 0 0 0 0
0 3 11 15 2 20 6 28 40 1 13 45 9 7 19 22 10 18 4 5 44 21 8 34 35 33 14 24 26 37 25 39 43 23 12 41 16 49 30 42 50 29 17 31 27 32 36 38 48 47 46 52 51 57 53 54 56 58 59 55 60 61 0 0 0 0 0 0 0 0 0 0 0 0 0 0 0 0 0 1 0 0 0 0 0 1 0 1 1 1 0 0 0 0 0 1 0 0 0 0 0 1 0 0 0 1 0 0 0 0 1 0 0 0 0 1 0 1 0 1 0 0 0 0
0 3 1 7 15 9 11 8 34 12 14 19 24 10 44 36 2 6 4 28 5 16 26 31 13 37 23 25 48 35 33 20 39 40 43 49 41 21 29 18 30 42 17 27 57 46 51 47 53 22 32 45 38 54 56 52 58 50 55 60 59 61 0 0 1 0 0 0 0 0 0 0 0 0 0 0 0 0 0 1 0 0 0 1 1 0 0 0 0 0 1 0 0 0 0 0 0 0 0 0 0 0 0 0 0 0 0 0 0 0 0 0 0 0 0 0 0 1 0 1 0 0 0 0
0 2 6 22 3 28 11 40 1 15 13 7 33 19 18 8 12 26 45 9 34 20 29 4 10 35 36 25 41 48 44 21 5 23 17 37 32 30 27 46 38 51 14 53 16 31 43 42 49 57 24 39 50 59 52 47 54 55 60 56 58 61 0 0 0 0 0 0 0 0 0 0 0 0 0 0 0 0 0 0 0 0 0 0 0 0 0 1 0 0 1 0 0 0 1 0 0 0 0 0 0 0 1 0 0 0 0 0 0 0 0 1 0 0 0 0 0 0 0 0 0 0 0 0
0 3 15 11 20 7 1 4 5 16 23 9 37 19 10 14 8 31 24 21 2 6 13 36 28 40 44 33 45 22 43 18 25 49 30 12 26 42 50 48 59 34 35 39 41 47 57 29 17 32 27 38 46 51 52 55 60 53 54 56 58 61 0 0 0 0 0 0 0 0 0 0 0 0 0 0 0 1 0 0 0 0 0 0 1 0 1 0 0 0 0 1 0 0 0 1 0 0 0 0 0 1 0 0 0 0 1 0 1 0 1 0 0 0 0 0 0 0 0 0 0 0 0 0
0 3 15 11 20 7 1 4 5 16 23 9 37 19 10 14 8 31 24 21 2 6 13 36 28 40 44 33 45 22 43 18 25 49 30 12 26 42 50 48 59 34 35 39 41 47 57 29 17 32 27 38 46 51 52 55 60 53 54 56 58 61 0 0 0 0 0 0 0 0 0 0 0 0 0 0 0 1 0 0 0 0 0 0 1 0 1 0 0 0 0 1 0 0 0 1 0 0 0 0 0 1 0 0 0 0 1 0 1 0 1 0 0 0 0 0 0 0 0 0 0 0 0 0
0 2 6 22 3 28 11 40 1 15 13 7 33 19 18 8 12 26 45 9 34 20 29 4 10 35 36 25 41 48 44 21 5 23 17 37 32 30 27 46 38 51 14 53 16 31 43 42 49 57 24 39 50 59 52 47 54 55 60 56 58 61 0 0 0 0 0 0 0 0 0 0 0 0 0 0 0 0 0 0 0 0 0 0 0 0 0 1 0 0 1 0 0 0 1 0 0 0 0 0 0 0 1 0 0 0 0 0 0 0 0 1 0 0 0 0 0 0 0 0 0 0 0 0
0 3 1 7 15 9 11 8 34 12 14 19 24 10 44 36 2 6 4 28 5 16 26 31 13 37 23 25 48 35 33 20 39 40 43 49 41 21 29 18 30 42 17 27 57 46 51 47 53 22 32 45 38 54 56 52 58 50 55 60 59 61 0 0 1 0 0 0 0 0 0 0 0 0 0 0 0 0 0 1 0 0 0 1 1 0 0 0 0 0 1 0 0 0 0 0 0 0 0 0 0 0 0 0 0 0 0 0 0 0 0 0 0 0 0 0 0 1 0 1 0 0 0 0
0 1 9 14 24 10 44 36 2 25 4 28 3 7 15 11 8 34 35 19 12 20 48 26 21 5 29 16 13 31 6 30 23 42 17 18 37 41 33 39 40 43 47 22 45 32 49 27 38 50 46 59 52 55 60 51 53 57 54 56 58 61 0 0 0 0 0 0 0 0 0 0 0 0 0 0 0 1 0 0 1 0 0 0 1 0 0 0 0 0 0 0 0 0 0 1 0 0 0 1 0 0 0 0 0 1 1 0 0 0 1 0 0 0 0 0 0 0 0 1 0 0 0 0
0 1 9 14 24 10 44 36 2 25 4 28 3 7 15 11 8 34 35 19 12 20 48 26 21 5 29 16 13 31 6 30 23 42 17 18 37 41 33 39 40 43 47 22 45 32 49 27 38 50 46 59 52 55 60 51 53 57 54 56 58 61 0 0 0 0 0 0 0 0 0 0 0 0 0 0 0 1 0 0 1 0 0 0 1 0 0 0 0 0 0 0 0 0 0 1 0 0 0 1 0 0 0 0 0 1 1 0 0 0 1 0 0 0 0 0 0 0 0 1 0 0 0 0
0 3 2 11 7 28 1 4 21 13 23 40 45 9 44 10 14 6 24 15 20 8 34 33 25 22 43 12 48 17 32 18 19 30 27 35 5 39 41 26 37 16 31 47 46 51 36 42 57 29 50 53 54 56 59 58 38 52 49 55 60 61 0 0 0 0 0 0 0 0 0 1 0 0 0 0 0 1 0 0 0 0 0 0 0 0 0 0 0 0 0 0 0 0 0 0 1 1 0 0 0 0 0 0 1 0 0 0 0 0 0 0 0 0 0 0 0 1 0 1 0 0 0 0
0 2 1 28 6 13 14 4 22 5 33 3 23 40 21 7 18 11 8 9 19 20 12 34 17 26 35 32 15 27 41 29 24 16 10 37 36 31 25 38 39 48 46 51 53 43 44 45 30 42 52 50 59 47 54 57 49 56 55 60 58 61 0 0 0 0 0 0 1 0 0 0 0 0 0 0 0 1 0 0 1 0 0 1 1 0 1 0 0 0 0 0 0 0 0 1 0 0 0 1 0 0 0 0 0 0 0 0 0 0 0 0 0 0 0 0 0 1 0 0 0 0 0 0
0 2 1 28 6 13 14 4 22 5 33 3 23 40 21 7 18 11 8 9 19 20 12 34 17 26 35 32 15 27 41 29 24 16 10 37 36 31 25 38 39 48 46 51 53 43 44 45 30 42 52 50 59 47 54 57 49 56 55 60 58 61 0 0 0 0 0 0 1 0 0 0 0 0 0 0 0 1 0 0 1 0 0 1 1 0 1 0 0 0 0 0 0 0 0 1 0 0 0 1 0 0 0 0 0 0 0 0 0 0 0 0 0 0 0 0 0 1 0 0 0 0 0 0
0 3 2 11 7 28 1 4 21 13 23 40 45 9 44 10 14 6 24 15 20 8 34 33 25 22 43 12 48 17 32 18 19 30 27 35 5 39 41 26 37 16 31 47 46 51 36 42 57 29 50 53 54 56 59 58 38 52 49 55 60 61 0 0 0 0 0 0 0 0 0 1 0 0 0 0 0 1 0 0 0 0 0 0 0 0 0 0 0 0 0 0 0 0 0 0 1 1 0 0 0 0 0 0 1 0 0 0 0 0 0 0 0 0 0 0 0 1 0 1 0 0 0 0
0 2 1 28 6 13 14 4 22 5 33 3 23 40 21 7 18 11 8 9 19 20 12 34 17 26 35 32 15 27 41 29 24 16 10 37 36 31 25 38 39 48 46 51 53 43 44 45 30 42 52 50 59 47 54 57 49 56 55 60 58 61 0 0 0 0 0 0 1 0 0 0 0 0 0 0 0 1 0 0 1 0 0 1 1 0 1 0 0 0 0 0 0 0 0 1 0 0 0 1 0 0 0 0 0 0 0 0 0 0 0 0 0 0 0 0 0 1 0 0 0 0 0 0
0 1 2 4 6 3 13 28 22 21 11 15 5 16 7 14 18 33 9 23 40 24 19 26 30 39 20 8 12 34 29 37 35 10 41 42 25 48 31 44 50 17 36 45 32 59 27 57 38 46 52 51 47 53 55 54 43 56 58 49 60 61 0 0 0 0 0 0 0 0 0 0 0 0 0 0 0 0 0 0 1 0 1 0 1 0 1 1 0 0 0 0 0 0 0 0 0 0 0 1 0 0 0 0 0 0 0 0 0 0 0 0 0 0 0 0 0 0 0 1 0 0 0 0
0 1 14 9 2 24 13 28 40 3 7 6 33 18 15 11 4 10 23 44 20 43 25 36 48 22 5 21 37 16 8 39 12 49 31 34 35 19 41 26 17 32 30 47 38 45 29 27 46 51 52 55 53 42 57 50 59 60 54 56 58 61 0 0 0 0 0 0 0 0 0 0 0 1 0 1 0 0 0 0 0 0 0 0 0 0 0 1 0 0 0 0 0 0 0 0 0 0 0 0 0 0 0 0 1 0 0 1 0 0 0 0 0 0 0 0 0 0 0 0 0 0 0 0
0 1 2 4 6 3 13 28 22 21 11 15 5 16 7 14 18 33 9 23 40 24 19 26 30 39 20 8 12 34 29 37 35 10 41 42 25 48 31 44 50 17 36 45 32 59 27 57 38 46 52 51 47 53 55 54 43 56 58 49 60 61 0 0 0 0 0 0 0 0 0 0 0 0 0 0 0 0 0 0 1 0 1 0 1 0 1 1 0 0 0 0 0 0 0 0 0 0 0 1 0 0 0 0 0 0 0 0 0 0 0 0 0 0 0 0 0 0 0 1 0 0 0 0
0 1 14 9 2 24 13 28 40 3 7 6 33 18 15 11 4 10 23 44 20 43 25 36 48 22 5 21 37 16 8 39 12 49 31 34 35 19 41 26 17 32 30 47 38 45 29 27 46 51 52 55 53 42 57 50 59 60 54 56 58 61 0 0 0 0 0 0 0 0 0 0 0 1 0 1 0 0 0 0 0 0 0 0 0 0 0 1 0 0 0 0 0 0 0 0 0 0 0 0 0 0 0 0 1 0 0 1 0 0 0 0 0 0 0 0 0 0 0 0 0 0 0 0
0 1 14 9 2 24 13 28 40 3 7 6 33 18 15 11 4 10 23 44 20 43 25 36 48 22 5 21 37 16 8 39 12 49 31 34 35 19 41 26 17 32 30 47 38 45 29 27 46 51 52 55 53 42 57 50 59 60 54 56 58 61 0 0 0 0 0 0 0 0 0 0 0 1 0 1 0 0 0 0 0 0 0 0 0 0 0 1 0 0 0 0 0 0 0 0 0 0 0 0 0 0 0 0 1 0 0 1 0 0 0 0 0 0 0 0 0 0 0 0 0 0 0 0
0 1 14 9 2 24 13 28 40 3 7 6 33 18 15 11 4 10 23 44 20 43 25 36 48 22 5 21 37 16 8 39 12 49 31 34 35 19 41 26 17 32 30 47 38 45 29 27 46 51 52 55 53 42 57 50 59 60 54 56 58 61 0 0 0 0 0 0 0 0 0 0 0 1 0 1 0 0 0 0 0 0 0 0 0 0 0 1 0 0 0 0 0 0 0 0 0 0 0 0 0 0 0 0 1 0 0 1 0 0 0 0 0 0 0 0 0 0 0 0 0 0 0 0
0 3 1 7 19 8 11 26 15 9 14 34 20 2 35 13 33 41 18 12 44 28 10 17 4 32 40 43 5 16 31 23 45 29 21 6 30 25 36 22 38 37 27 49 42 50 48 47 46 24 59 51 39 52 53 54 56 55 57 60 58 61 0 0 0 0 0 0 1 0 0 0 0 0 0 0 0 0 0 1 0 0 0 0 1 1 0 0 0 0 0 0 0 0 0 1 0 0 0 0 0 0 0 0 1 0 0 0 0 0 1 0 0 0 0 0 0 1 0 1 0 0 0 0
0 3 1 15 4 21 2 13 28 11 40 7 6 19 22 18 8 14 45 9 33 24 39 12 10 43 26 36 44 17 29 27 32 20 34 23 5 37 38 16 30 42 31 46 51 52 57 25 48 35 49 53 55 50 41 47 59 54 60 56 58 61 0 0 0 0 0 0 0 0 0 0 0 0 0 0 0 0 0 0 0 0 0 0 1 0 0 0 0 0 0 0 0 1 0 0 1 0 0 0 0 0 0 0 0 1 1 0 0 0 0 0 0 0 0 0 0 1 0 0 0 0 0 0
0 3 1 15 4 21 2 13 28 11 40 7 6 19 22 18 8 14 45 9 33 24 39 12 10 43 26 36 44 17 29 27 32 20 34 23 5 37 38 16 30 42 31 46 51 52 57 25 48 35 49 53 55 50 41 47 59 54 60 56 58 61 0 0 0 0 0 0 0 0 0 0 0 0 0 0 0 0 0 0 0 0 0 0 1 0 0 0 0 0 0 0 0 1 0 0 1 0 0 0 0 0 0 0 0 1 1 0 0 0 0 0 0 0 0 0 0 1 0 0 0 0 0 0
0 3 1 7 19 8 11 26 15 9 14 34 20 2 35 13 33 41 18 12 44 28 10 17 4 32 40 43 5 16 31 23 45 29 21 6 30 25 36 22 38 37 27 49 42 50 48 47 46 24 59 51 39 52 53 54 56 55 57 60 58 61 0 0 0 0 0 0 1 0 0 0 0 0 0 0 0 0 0 1 0 0 0 0 1 1 0 0 0 0 0 0 0 0 0 1 0 0 0 0 0 0 0 0 1 0 0 0 0 0 1 0 0 0 0 0 0 1 0 1 0 0 0 0
0 3 1 7 19 8 11 26 15 9 14 34 20 2 35 13 33 41 18 12 44 28 10 17 4 32 40 43 5 16 31 23 45 29 21 6 30 25 36 22 38 37 27 49 42 50 48 47 46 24 59 51 39 52 53 54 56 55 57 60 58 61 0 0 0 0 0 0 1 0 0 0 0 0 0 0 0 0 0 1 0 0 0 0 1 1 0 0 0 0 0 0 0 0 0 1 0 0 0 0 0 0 0 0 1 0 0 0 0 0 1 0 0 0 0 0 0 1 0 1 0 0 0 0
0 3 1 15 4 21 2 13 28 11 40 7 6 19 22 18 8 14 45 9 33 24 39 12 10 43 26 36 44 17 29 27 32 20 34 23 5 37 38 16 30 42 31 46 51 52 57 25 48 35 49 53 55 50 41 47 59 54 60 56 58 61 0 0 0 0 0 0 0 0 0 0 0 0 0 0 0 0 0 0 0 0 0 0 1 0 0 0 0 0 0 0 0 1 0 0 1 0 0 0 0 0 0 0 0 1 1 0 0 0 0 0 0 0 0 0 0 1 0 0 0 0 0 0
0 3 1 15 4 21 2 13 28 11 40 7 6 19 22 18 8 14 45 9 33 24 39 12 10 43 26 36 44 17 29 27 32 20 34 23 5 37 38 16 30 42 31 46 51 52 57 25 48 35 49 53 55 50 41 47 59 54 60 56 58 61 0 0 0 0 0 0 0 0 0 0 0 0 0 0 0 0 0 0 0 0 0 0 1 0 0 0 0 0 0 0 0 1 0 0 1 0 0 0 0 0 0 0 0 1 1 0 0 0 0 0 0 0 0 0 0 1 0 0 0 0 0 0
0 1 4 5 37 2 16 6 13 3 23 33 15 11 22 7 21 31 28 20 14 9 10 19 18 24 39 8 44 43 12 40 34 45 35 17 27 32 46 51 36 25 48 41 53 38 30 26 29 52 42 47 54 49 50 55 60 57 56 59 58 61 0 0 0 0 0 0 0 0 0 0 0 0 0 0 0 0 0 0 0 0 0 0 1 0 0 0 0 0 0 0 0 0 0 0 0 0 0 0 0 0 0 1 0 0 0 0 0 0 0 0 0 0 1 0 0 0 0 0 0 1 0 0
0 1 4 5 37 2 16 6 13 3 23 33 15 11 22 7 21 31 28 20 14 9 10 19 18 24 39 8 44 43 12 40 34 45 35 17 27 32 46 51 36 25 48 41 53 38 30 26 29 52 42 47 54 49 50 55 60 57 56 59 58 61 0 0 0 0 0 0 0 0 0 0 0 0 0 0 0 0 0 0 0 0 0 0 1 0 0 0 0 0 0 0 0 0 0 0 0 0 0 0 0 0 0 1 0 0 0 0 0 0 0 0 0 0 1 0 0 0 0 0 0 1 0 0
0 1 4 23 9 2 44 6 13 14 22 28 18 21 3 5 24 33 16 10 36 37 40 31 7 11 19 26 29 43 49 25 15 45 30 42 48 8 12 39 34 17 27 20 35 41 47 46 32 38 50 59 52 51 57 53 55 60 54 56 58 61 0 0 0 0 0 0 0 0 0 0 0 0 0 0 0 0 0 0 0 0 0 0 0 0 0 0 0 0 0 0 1 0 0 0 0 0 0 0 0 0 0 0 0 0 1 1 0 0 0 0 1 0 0 0 0 0 0 0 0 0 0 0
0 1 4 23 9 2 44 6 13 14 22 28 18 21 3 5 24 33 16 10 36 37 40 31 7 11 19 26 29 43 49 25 15 45 30 42 48 8 12 39 34 17 27 20 35 41 47 46 32 38 50 59 52 51 57 53 55 60 54 56 58 61 0 0 0 0 0 0 0 0 0 0 0 0 0 0 0 0 0 0 0 0 0 0 0 0 0 0 0 0 0 0 1 0 0 0 0 0 0 0 0 0 0 0 0 0 1 1 0 0 0 0 1 0 0 0 0 0 0 0 0 0 0 0
0 1 4 23 9 2 44 6 13 14 22 28 18 21 3 5 24 33 16 10 36 37 40 31 7 11 19 26 29 43 49 25 15 45 30 42 48 8 12 39 34 17 27 20 35 41 47 46 32 38 50 59 52 51 57 53 55 60 54 56 58 61 0 0 0 0 0 0 0 0 0 0 0 0 0 0 0 0 0 0 0 0 0 0 0 0 0 0 0 0 0 0 1 0 0 0 0 0 0 0 0 0 0 0 0 0 1 1 0 0 0 0 1 0 0 0 0 0 0 0 0 0 0 0
0 1 4 23 9 2 44 6 13 14 22 28 18 21 3 5 24 33 16 10 36 37 40 31 7 11 19 26 29 43 49 25 15 45 30 42 48 8 12 39 34 17 27 20 35 41 47 46 32 38 50 59 52 51 57 53 55 60 54 56 58 61 0 0 0 0 0 0 0 0 0 0 0 0 0 0 0 0 0 0 0 0 0 0 0 0 0 0 0 0 0 0 1 0 0 0 0 0 0 0 0 0 0 0 0 0 1 1 0 0 0 0 1 0 0 0 0 0 0 0 0 0 0 0
0 1 2 6 14 3 13 15 22 9 24 44 18 33 11 4 20 21 7 19 8 5 10 37 16 12 34 35 39 26 36 41 25 43 31 28 29 17 48 23 30 49 42 57 47 50 59 40 27 46 32 38 52 45 51 53 55 60 54 56 58 61 0 0 0 0 0 0 0 0 0 0 0 0 0 0 0 1 0 0 0 0 0 0 0 1 0 0 0 0 0 0 0 0 0 0 0 0 0 0 0 0 0 0 0 0 0 0 0 0 0 0 0 0 0 0 0 0 0 1 0 0 0 0
0 1 2 6 14 3 13 15 22 9 24 44 18 33 11 4 20 21 7 19 8 5 10 37 16 12 34 35 39 26 36 41 25 43 31 28 29 17 48 23 30 49 42 57 47 50 59 40 27 46 32 38 52 45 51 53 55 60 54 56 58 61 0 0 0 0 0 0 0 0 0 0 0 0 0 0 0 1 0 0 0 0 0 0 0 1 0 0 0 0 0 0 0 0 0 0 0 0 0 0 0 0 0 0 0 0 0 0 0 0 0 0 0 0 0 0 0 0 0 1 0 0 0 0
0 2 13 3 1 11 15 6 14 24 28 40 33 45 9 4 23 18 7 19 21 39 10 36 5 8 22 12 17 25 34 35 37 30 16 48 41 26 20 44 31 43 47 32 29 42 27 50 46 59 38 57 51 53 54 56 58 49 52 55 60 61 0 0 0 0 0 1 0 0 0 0 0 0 0 0 0 0 0 0 0 0 0 0 0 0 0 1 0 0 0 0 0 0 0 1 0 0 0 0 1 0 0 0 0 0 0 0 0 0 1 0 0 0 0 0 0 1 0 0 0 0 0 0
0 2 13 3 1 11 15 6 14 24 28 40 33 45 9 4 23 18 7 19 21 39 10 36 5 8 22 12 17 25 34 35 37 30 16 48 41 26 20 44 31 43 47 32 29 42 27 50 46 59 38 57 51 53 54 56 58 49 52 55 60 61 0 0 0 0 0 1 0 0 0 0 0 0 0 0 0 0 0 0 0 0 0 0 0 0 0 1 0 0 0 0 0 0 0 1 0 0 0 0 1 0 0 0 0 0 0 0 0 0 1 0 0 0 0 0 0 1 0 0 0 0 0 0
0 2 1 4 14 24 9 44 13 23 6 28 5 22 10 18 21 3 7 15 33 39 11 40 45 20 16 25 19 43 26 30 31 8 36 37 48 34 49 29 12 17 32 27 38 35 41 47 46 42 52 57 51 50 55 60 53 54 59 56 58 61 0 0 0 0 0 0 0 0 0 0 0 0 0 1 0 0 0 0 0 0 1 0 0 0 0 0 0 0 1 0 0 0 0 0 0 1 0 1 0 0 0 0 0 0 0 0 0 0 0 0 0 0 0 0 0 0 0 1 0 0 0 0
0 1 2 3 14 4 15 5 28 40 9 37 44 24 7 13 19 39 11 26 10 45 29 6 18 21 30 36 22 25 20 8 16 34 35 12 42 17 50 33 48 32 27 46 38 51 59 23 43 53 57 31 49 52 55 41 47 54 60 56 58 61 0 0 0 0 0 0 0 0 0 0 0 0 0 0 0 0 1 0 0 0 0 0 1 0 0 0 0 0 0 0 0 1 0 1 0 0 0 1 0 0 0 0 0 0 0 0 0 0 0 1 0 0 0 0 0 1 0 0 0 0 0 0
0 2 13 1 14 24 9 3 7 44 19 8 12 28 6 39 22 18 17 34 27 10 25 33 48 43 32 15 46 51 11 26 4 53 36 5 40 16 37 21 23 49 45 20 38 52 35 30 31 42 57 29 41 47 55 60 54 50 59 56 58 61 0 0 0 0 0 0 0 0 0 0 0 1 0 0 0 0 0 0 0 0 0 1 0 0 0 0 0 0 0 0 0 1 0 1 0 0 0 0 0 0 0 0 0 0 0 0 0 0 0 0 0 0 0 0 0 0 0 0 0 0 0 0
0 2 3 7 6 19 13 11 22 15 18 1 4 14 20 26 21 30 33 28 5 9 8 37 16 31 12 17 27 46 24 10 40 42 23 29 34 50 44 36 35 25 57 48 41 45 32 43 59 39 38 49 52 55 60 47 51 53 54 56 58 61 0 0 0 0 0 0 0 0 0 0 0 0 0 0 0 0 0 0 0 0 0 0 1 0 0 0 0 0 0 0 0 0 0 0 1 0 0 1 0 0 0 0 0 1 0 0 0 0 1 0 0 0 0 0 0 0 0 0 0 0 0 0
0 2 28 1 3 9 13 4 7 15 14 24 11 10 44 6 33 43 40 18 5 39 45 25 19 22 8 34 35 12 26 36 21 29 17 23 37 49 32 27 41 47 48 30 16 20 42 57 46 51 50 31 59 38 53 52 55 54 60 56 58 61 0 0 0 0 0 0 0 0 0 0 0 0 0 0 0 0 0 0 0 0 0 0 0 0 0 0 0 0 0 0 0 0 0 0 0 0 0 0 0 0 0 0 0 0 0 0 1 0 0 0 0 0 0 0 0 0 0 1 0 0 0 0
0 1 2 3 14 4 15 5 28 40 9 37 44 24 7 13 19 39 11 26 10 45 29 6 18 21 30 36 22 25 20 8 16 34 35 12 42 17 50 33 48 32 27 46 38 51 59 23 43 53 57 31 49 52 55 41 47 54 60 56 58 61 0 0 0 0 0 0 0 0 0 0 0 0 0 0 0 0 1 0 0 0 0 0 1 0 0 0 0 0 0 0 0 1 0 1 0 0 0 1 0 0 0 0 0 0 0 0 0 0 0 1 0 0 0 0 0 1 0 0 0 0 0 0
0 2 28 1 3 9 13 4 7 15 14 24 11 10 44 6 33 43 40 18 5 39 45 25 19 22 8 34 35 12 26 36 21 29 17 23 37 49 32 27 41 47 48 30 16 20 42 57 46 51 50 31 59 38 53 52 55 54 60 56 58 61 0 0 0 0 0 0 0 0 0 0 0 0 0 0 0 0 0 0 0 0 0 0 0 0 0 0 0 0 0 0 0 0 0 0 0 0 0 0 0 0 0 0 0 0 0 0 1 0 0 0 0 0 0 0 0 0 0 1 0 0 0 0
0 2 3 7 6 19 13 11 22 15 18 1 4 14 20 26 21 30 33 28 5 9 8 37 16 31 12 17 27 46 24 10 40 42 23 29 34 50 44 36 35 25 57 48 41 45 32 43 59 39 38 49 52 55 60 47 51 53 54 56 58 61 0 0 0 0 0 0 0 0 0 0 0 0 0 0 0 0 0 0 0 0 0 0 1 0 0 0 0 0 0 0 0 0 0 0 1 0 0 1 0 0 0 0 0 1 0 0 0 0 1 0 0 0 0 0 0 0 0 0 0 0 0 0
0 2 28 1 3 9 13 4 7 15 14 24 11 10 44 6 33 43 40 18 5 39 45 25 19 22 8 34 35 12 26 36 21 29 17 23 37 49 32 27 41 47 48 30 16 20 42 57 46 51 50 31 59 38 53 52 55 54 60 56 58 61 0 0 0 0 0 0 0 0 0 0 0 0 0 0 0 0 0 0 0 0 0 0 0 0 0 0 0 0 0 0 0 0 0 0 0 0 0 0 0 0 0 0 0 0 0 0 1 0 0 0 0 0 0 0 0 0 0 1 0 0 0 0
0 2 13 1 14 24 9 3 7 44 19 8 12 28 6 39 22 18 17 34 27 10 25 33 48 43 32 15 46 51 11 26 4 53 36 5 40 16 37 21 23 49 45 20 38 52 35 30 31 42 57 29 41 47 55 60 54 50 59 56 58 61 0 0 0 0 0 0 0 0 0 0 0 1 0 0 0 0 0 0 0 0 0 1 0 0 0 0 0 0 0 0 0 1 0 1 0 0 0 0 0 0 0 0 0 0 0 0 0 0 0 0 0 0 0 0 0 0 0 0 0 0 0 0
0 2 28 1 3 9 13 4 7 15 14 24 11 10 44 6 33 43 40 18 5 39 45 25 19 22 8 34 35 12 26 36 21 29 17 23 37 49 32 27 41 47 48 30 16 20 42 57 46 51 50 31 59 38 53 52 55 54 60 56 58 61 0 0 0 0 0 0 0 0 0 0 0 0 0 0 0 0 0 0 0 0 0 0 0 0 0 0 0 0 0 0 0 0 0 0 0 0 0 0 0 0 0 0 0 0 0 0 1 0 0 0 0 0 0 0 0 0 0 1 0 0 0 0
0 2 28 1 3 9 13 4 7 15 14 24 11 10 44 6 33 43 40 18 5 39 45 25 19 22 8 34 35 12 26 36 21 29 17 23 37 49 32 27 41 47 48 30 16 20 42 57 46 51 50 31 59 38 53 52 55 54 60 56 58 61 0 0 0 0 0 0 0 0 0 0 0 0 0 0 0 0 0 0 0 0 0 0 0 0 0 0 0 0 0 0 0 0 0 0 0 0 0 0 0 0 0 0 0 0 0 0 1 0 0 0 0 0 0 0 0 0 0 1 0 0 0 0
0 2 1 4 14 24 9 44 13 23 6 28 5 22 10 18 21 3 7 15 33 39 11 40 45 20 16 25 19 43 26 30 31 8 36 37 48 34 49 29 12 17 32 27 38 35 41 47 46 42 52 57 51 50 55 60 53 54 59 56 58 61 0 0 0 0 0 0 0 0 0 0 0 0 0 1 0 0 0 0 0 0 1 0 0 0 0 0 0 0 1 0 0 0 0 0 0 1 0 1 0 0 0 0 0 0 0 0 0 0 0 0 0 0 0 0 0 0 0 1 0 0 0 0
0 2 3 7 6 19 13 11 22 15 18 1 4 14 20 26 21 30 33 28 5 9 8 37 16 31 12 17 27 46 24 10 40 42 23 29 34 50 44 36 35 25 57 48 41 45 32 43 59 39 38 49 52 55 60 47 51 53 54 56 58 61 0 0 0 0 0 0 0 0 0 0 0 0 0 0 0 0 0 0 0 0 0 0 1 0 0 0 0 0 0 0 0 0 0 0 1 0 0 1 0 0 0 0 0 1 0 0 0 0 1 0 0 0 0 0 0 0 0 0 0 0 0 0
0 2 13 1 14 24 9 3 7 44 19 8 12 28 6 39 22 18 17 34 27 10 25 33 48 43 32 15 46 51 11 26 4 53 36 5 40 16 37 21 23 49 45 20 38 52 35 30 31 42 57 29 41 47 55 60 54 50 59 56 58 61 0 0 0 0 0 0 0 0 0 0 0 1 0 0 0 0 0 0 0 0 0 1 0 0 0 0 0 0 0 0 0 1 0 1 0 0 0 0 0 0 0 0 0 0 0 0 0 0 0 0 0 0 0 0 0 0 0 0 0 0 0 0
0 2 3 1 11 6 28 7 22 4 14 5 13 40 24 33 39 45 8 19 9 16 18 31 26 34 37 10 36 35 43 12 25 49 21 44 29 20 15 17 23 41 32 48 27 47 30 38 52 42 46 50 59 51 55 60 53 57 54 56 58 61 0 0 0 0 0 0 0 0 0 0 0 0 0 0 0 1 0 0 0 0 0 0 0 0 0 0 0 0 0 0 0 0 0 1 0 0 0 0 0 0 0 0 0 0 0 0 0 0 0 0 0 0 0 0 0 0 0 1 0 0 0 0
0 3 15 11 7 19 20 8 26 34 35 12 1 29 41 9 4 5 44 10 14 36 2 21 13 6 18 17 27 22 25 30 24 28 33 43 48 23 40 32 45 46 37 16 31 39 51 49 42 38 57 52 55 47 53 60 54 56 50 59 58 61 0 0 0 0 1 1 0 0 0 0 0 0 0 0 1 0 0 1 0 0 0 0 0 0 0 0 0 0 0 0 0 1 0 0 0 0 0 0 0 0 0 0 0 0 0 0 0 0 0 0 0 0 0 0 1 0 0 0 0 1 0 0
