0 1 5 10 2 3 14 12 7 17 25 11 4 6 9 8 18 15 13 16 26 28 19 21 20 24 27 30 22 23 29 31 0 0 0 0 0 0 0 0 0 0 0 0 0 0 0 0 0 0 0 0 0 0 0 0 0 0 0 0 0 0 0 0
0 1 5 10 2 3 12 7 17 14 25 9 4 11 6 15 8 18 28 19 24 13 20 26 16 27 21 30 22 23 29 31 0 0 0 0 0 0 0 0 0 0 0 0 0 0 0 0 0 0 0 0 0 1 0 0 0 0 0 0 0 0 0 0
0 1 5 10 2 3 14 7 9 12 25 4 17 6 11 8 18 28 15 19 24 13 20 26 16 27 21 30 22 23 29 31 0 0 0 0 0 0 0 0 0 0 0 0 0 0 0 0 0 0 0 0 0 1 0 0 0 0 0 0 0 0 0 0
0 1 3 10 2 5 9 12 7 4 17 14 6 11 25 8 13 18 26 28 15 19 16 20 21 24 27 30 22 23 29 31 0 0 0 0 1 0 0 0 0 0 0 0 0 0 0 0 0 0 0 0 0 0 0 0 0 0 0 0 0 0 0 0
0 1 5 10 2 12 3 8 14 9 4 7 25 15 17 20 6 26 11 18 19 28 27 30 13 16 24 21 22 23 29 31 0 0 0 0 0 0 0 0 0 0 0 0 0 0 0 0 0 0 0 0 0 0 0 0 0 0 0 0 0 0 0 0
0 1 3 5 10 2 12 14 7 25 6 9 8 15 4 17 11 18 13 26 28 16 20 19 21 24 27 30 22 23 29 31 0 0 0 0 0 0 0 0 1 0 0 0 0 0 0 0 0 0 0 0 0 0 0 0 0 0 0 0 0 0 0 0
0 1 5 2 10 3 14 9 7 4 12 25 17 8 11 6 13 26 18 15 28 19 16 21 20 24 27 30 22 23 29 31 0 0 0 0 0 0 0 1 0 0 0 0 0 0 0 0 0 0 0 0 0 0 0 0 0 0 0 0 0 0 0 0
0 3 1 10 5 2 14 9 7 12 4 8 25 11 17 6 18 28 15 19 24 13 20 26 16 21 27 30 22 23 29 31 0 0 0 0 0 0 0 1 0 0 0 0 0 0 0 0 0 0 0 0 0 1 0 0 0 0 0 0 0 0 0 0
0 1 5 2 3 10 12 9 8 14 4 7 25 17 11 6 18 15 13 28 26 16 20 27 19 21 24 30 22 23 29 31 0 0 0 0 0 0 0 0 0 0 0 0 0 0 0 0 0 0 0 0 0 0 0 0 0 0 0 0 0 0 0 0
0 3 1 10 5 2 14 9 7 12 4 8 25 11 17 6 18 28 15 19 24 13 20 26 16 21 27 30 22 23 29 31 0 0 0 0 0 0 0 1 0 0 0 0 0 0 0 0 0 0 0 0 0 1 0 0 0 0 0 0 0 0 0 0
0 3 1 5 10 2 12 7 25 4 14 9 17 8 11 6 18 15 13 28 26 16 20 27 19 21 24 30 22 23 29 31 0 0 0 0 0 0 0 0 0 0 0 0 0 0 0 0 0 0 0 0 0 0 0 0 0 0 0 0 0 0 0 0
0 1 5 2 3 10 12 9 25 14 7 4 17 11 8 6 18 15 13 28 26 16 20 27 19 21 24 30 22 23 29 31 0 0 0 0 0 0 0 0 0 0 0 0 0 0 0 0 0 0 0 0 0 0 0 0 0 0 0 0 0 0 0 0
0 1 5 2 10 3 14 9 7 4 12 25 17 8 11 6 13 26 18 15 28 19 16 21 20 24 27 30 22 23 29 31 0 0 0 0 0 0 0 1 0 0 0 0 0 0 0 0 0 0 0 0 0 0 0 0 0 0 0 0 0 0 0 0
0 1 3 10 5 2 12 7 17 14 25 11 4 6 9 8 18 15 13 16 26 28 19 21 20 24 27 30 22 23 29 31 0 0 0 0 0 0 0 0 0 0 0 0 0 0 0 0 0 0 0 0 0 0 0 0 0 0 0 0 0 0 0 0
0 1 3 2 5 10 12 14 7 17 11 25 6 4 9 8 18 15 13 26 28 19 16 20 21 24 27 30 22 23 29 31 0 0 0 0 0 0 0 0 1 0 0 0 0 0 0 0 0 0 0 0 0 0 0 0 0 0 0 0 0 0 0 0
0 1 3 5 10 2 12 14 7 25 6 9 8 15 4 17 11 18 13 26 28 16 20 19 21 24 27 30 22 23 29 31 0 0 0 0 0 0 0 0 1 0 0 0 0 0 0 0 0 0 0 0 0 0 0 0 0 0 0 0 0 0 0 0
0 3 1 10 5 2 14 9 7 12 4 8 25 11 17 6 18 28 15 19 24 13 20 26 16 21 27 30 22 23 29 31 0 0 0 0 0 0 0 1 0 0 0 0 0 0 0 0 0 0 0 0 0 1 0 0 0 0 0 0 0 0 0 0
0 1 5 10 3 2 12 14 7 25 6 9 8 15 4 17 20 26 18 19 28 11 13 16 21 24 27 30 22 23 29 31 0 0 0 0 0 0 0 0 1 0 0 0 0 0 0 0 0 0 0 0 0 0 0 0 0 0 0 0 0 0 0 0
0 1 5 10 3 2 12 14 7 25 6 9 8 15 4 17 20 26 18 19 28 11 13 16 21 24 27 30 22 23 29 31 0 0 0 0 0 0 0 0 1 0 0 0 0 0 0 0 0 0 0 0 0 0 0 0 0 0 0 0 0 0 0 0
0 1 3 10 2 5 9 12 7 4 17 14 6 11 25 8 13 26 18 28 15 19 16 20 21 24 27 30 22 23 29 31 0 0 0 0 1 0 0 0 0 0 0 0 0 0 0 0 0 0 0 0 0 0 0 0 0 0 0 0 0 0 0 0
0 1 3 10 5 2 12 14 7 9 25 4 17 6 11 8 18 28 15 19 24 13 20 26 16 27 21 30 22 23 29 31 0 0 0 0 0 0 0 0 0 0 0 0 0 0 0 0 0 0 0 0 0 1 0 0 0 0 0 0 0 0 0 0
0 1 5 2 10 3 14 9 7 4 12 25 17 11 8 15 18 6 13 28 19 26 16 20 21 24 27 30 22 23 29 31 0 0 0 0 0 0 0 1 0 0 0 0 0 0 0 0 0 0 0 0 0 0 0 0 0 0 0 0 0 0 0 0
0 3 1 10 5 2 14 7 4 9 12 8 25 11 17 6 18 28 15 19 24 13 20 26 16 21 27 30 22 23 29 31 0 0 0 0 0 0 0 0 0 1 0 0 0 0 0 0 0 0 0 0 0 1 0 0 0 0 0 0 0 0 0 0
0 3 1 5 10 2 12 25 7 17 11 4 14 8 9 15 20 6 26 18 19 28 27 30 13 16 21 24 22 23 29 31 0 0 0 0 0 0 0 0 0 0 0 0 0 0 0 0 0 0 0 0 0 0 0 0 0 0 0 0 0 0 0 0
0 1 5 10 3 2 12 14 7 25 6 9 8 15 4 17 20 26 18 19 28 11 13 16 21 24 27 30 22 23 29 31 0 0 0 0 0 0 0 0 1 0 0 0 0 0 0 0 0 0 0 0 0 0 0 0 0 0 0 0 0 0 0 0
0 1 3 5 10 2 12 14 7 25 6 9 8 15 4 17 11 18 13 26 28 16 20 19 21 24 27 30 22 23 29 31 0 0 0 0 0 0 0 0 1 0 0 0 0 0 0 0 0 0 0 0 0 0 0 0 0 0 0 0 0 0 0 0
0 3 1 10 5 2 14 7 4 9 12 8 25 11 17 6 18 28 15 19 24 13 20 26 16 21 27 30 22 23 29 31 0 0 0 0 0 0 0 0 0 1 0 0 0 0 0 0 0 0 0 0 0 1 0 0 0 0 0 0 0 0 0 0
0 1 5 2 3 10 12 9 8 14 4 7 25 17 11 6 18 15 13 28 26 16 20 27 19 21 24 30 22 23 29 31 0 0 0 0 0 0 0 0 0 0 0 0 0 0 0 0 0 0 0 0 0 0 0 0 0 0 0 0 0 0 0 0
0 1 5 10 2 3 14 7 9 12 25 4 17 6 11 8 18 28 15 19 24 13 20 26 16 27 21 30 22 23 29 31 0 0 0 0 0 0 0 0 0 0 0 0 0 0 0 0 0 0 0 0 0 1 0 0 0 0 0 0 0 0 0 0
0 1 3 10 2 5 9 12 7 4 17 14 6 11 25 8 13 26 18 28 15 19 16 20 21 24 27 30 22 23 29 31 0 0 0 0 1 0 0 0 0 0 0 0 0 0 0 0 0 0 0 0 0 0 0 0 0 0 0 0 0 0 0 0
0 1 5 2 10 3 14 9 7 4 12 25 17 11 8 15 18 6 13 28 19 26 16 20 21 24 27 30 22 23 29 31 0 0 0 0 0 0 0 1 0 0 0 0 0 0 0 0 0 0 0 0 0 0 0 0 0 0 0 0 0 0 0 0
0 1 5 10 2 3 12 7 17 14 25 9 4 11 6 15 8 18 28 19 24 13 20 26 16 27 21 30 22 23 29 31 0 0 0 0 0 0 0 0 0 0 0 0 0 0 0 0 0 0 0 0 0 1 0 0 0 0 0 0 0 0 0 0
0 3 1 10 5 2 14 9 7 12 4 8 25 11 17 6 18 28 15 19 24 13 20 26 16 21 27 30 22 23 29 31 0 0 0 0 0 0 0 1 0 0 0 0 0 0 0 0 0 0 0 0 0 1 0 0 0 0 0 0 0 0 0 0
0 1 5 10 3 2 12 14 7 25 6 9 8 15 4 17 20 26 18 19 28 11 13 16 21 24 27 30 22 23 29 31 0 0 0 0 0 0 0 0 1 0 0 0 0 0 0 0 0 0 0 0 0 0 0 0 0 0 0 0 0 0 0 0
0 1 5 10 2 3 12 7 17 14 25 9 4 11 6 15 8 18 28 19 24 13 20 26 16 27 21 30 22 23 29 31 0 0 0 0 0 0 0 0 0 0 0 0 0 0 0 0 0 0 0 0 0 1 0 0 0 0 0 0 0 0 0 0
0 3 1 5 10 2 12 25 7 17 11 4 14 8 9 15 20 6 26 18 19 28 27 30 13 16 21 24 22 23 29 31 0 0 0 0 0 0 0 0 0 0 0 0 0 0 0 0 0 0 0 0 0 0 0 0 0 0 0 0 0 0 0 0
0 1 5 10 2 3 14 12 7 17 25 11 4 6 9 8 18 15 13 16 26 28 19 21 20 24 27 30 22 23 29 31 0 0 0 0 0 0 0 0 0 0 0 0 0 0 0 0 0 0 0 0 0 0 0 0 0 0 0 0 0 0 0 0
0 1 5 2 10 3 14 9 7 4 12 25 17 11 8 15 18 6 13 28 19 26 16 20 21 24 27 30 22 23 29 31 0 0 0 0 0 0 0 1 0 0 0 0 0 0 0 0 0 0 0 0 0 0 0 0 0 0 0 0 0 0 0 0
0 1 5 10 2 12 3 8 14 9 4 7 25 15 17 20 6 26 11 18 19 28 27 30 13 16 24 21 22 23 29 31 0 0 0 0 0 0 0 0 0 0 0 0 0 0 0 0 0 0 0 0 0 0 0 0 0 0 0 0 0 0 0 0
0 1 3 10 5 2 12 14 7 9 25 4 17 6 11 8 18 28 15 19 24 13 20 26 16 27 21 30 22 23 29 31 0 0 0 0 0 0 0 0 0 0 0 0 0 0 0 0 0 0 0 0 0 1 0 0 0 0 0 0 0 0 0 0
0 1 5 10 2 12 3 8 14 9 4 7 25 15 17 20 6 26 11 18 19 28 27 30 13 16 24 21 22 23 29 31 0 0 0 0 0 0 0 0 0 0 0 0 0 0 0 0 0 0 0 0 0 0 0 0 0 0 0 0 0 0 0 0
0 1 3 10 5 2 14 7 9 12 25 4 17 8 11 6 13 18 15 26 28 16 20 19 21 27 30 24 22 23 29 31 0 0 0 0 0 0 0 0 0 0 0 0 0 0 0 0 0 0 0 0 0 1 0 0 0 0 0 0 0 0 0 0
0 1 3 10 2 5 9 12 7 4 17 14 6 11 25 8 13 18 26 28 15 19 16 20 21 24 27 30 22 23 29 31 0 0 0 0 1 0 0 0 0 0 0 0 0 0 0 0 0 0 0 0 0 0 0 0 0 0 0 0 0 0 0 0
0 1 3 10 5 2 14 7 9 12 25 4 17 8 11 6 13 18 15 26 28 16 20 19 21 27 30 24 22 23 29 31 0 0 0 0 0 0 0 0 0 0 0 0 0 0 0 0 0 0 0 0 0 1 0 0 0 0 0 0 0 0 0 0
0 1 3 10 5 2 14 7 9 12 25 4 17 8 11 6 13 18 15 26 28 16 20 19 21 27 30 24 22 23 29 31 0 0 0 0 0 0 0 0 0 0 0 0 0 0 0 0 0 0 0 0 0 1 0 0 0 0 0 0 0 0 0 0
0 3 1 5 10 2 14 7 9 25 12 17 6 4 11 8 18 15 13 28 26 16 20 27 19 21 24 30 22 23 29 31 0 0 0 0 0 0 0 0 0 0 0 0 0 0 0 0 0 0 0 0 0 0 0 0 0 0 0 0 0 0 0 0
0 3 1 5 10 2 14 7 9 25 12 17 6 4 11 8 18 15 13 28 26 16 20 27 19 21 24 30 22 23 29 31 0 0 0 0 0 0 0 0 0 0 0 0 0 0 0 0 0 0 0 0 0 0 0 0 0 0 0 0 0 0 0 0
0 3 1 5 10 2 14 7 9 25 12 17 6 4 11 8 18 15 13 28 26 16 20 27 19 21 24 30 22 23 29 31 0 0 0 0 0 0 0 0 0 0 0 0 0 0 0 0 0 0 0 0 0 0 0 0 0 0 0 0 0 0 0 0
0 3 1 5 10 2 14 7 9 25 12 17 6 4 11 8 18 15 13 28 26 16 20 27 19 21 24 30 22 23 29 31 0 0 0 0 0 0 0 0 0 0 0 0 0 0 0 0 0 0 0 0 0 0 0 0 0 0 0 0 0 0 0 0
0 3 1 10 5 2 14 9 7 12 4 25 17 8 11 6 18 28 15 19 24 13 20 26 16 21 27 30 22 23 29 31 0 0 0 0 0 0 0 1 0 0 0 0 0 0 0 0 0 0 0 0 0 1 0 0 0 0 0 0 0 0 0 0
0 3 1 10 5 2 14 9 7 4 12 25 17 8 11 6 13 26 18 15 28 19 16 20 21 24 27 30 22 23 29 31 0 0 0 0 0 0 0 1 0 0 0 0 0 0 0 0 0 0 0 0 0 0 0 0 0 0 0 0 0 0 0 0
0 3 1 10 5 2 14 9 7 4 12 25 17 8 11 6 13 26 18 15 28 19 16 20 21 24 27 30 22 23 29 31 0 0 0 0 0 0 0 1 0 0 0 0 0 0 0 0 0 0 0 0 0 0 0 0 0 0 0 0 0 0 0 0
0 3 1 10 5 2 14 9 7 12 4 25 17 8 11 6 18 28 15 19 24 13 20 26 16 21 27 30 22 23 29 31 0 0 0 0 0 0 0 1 0 0 0 0 0 0 0 0 0 0 0 0 0 1 0 0 0 0 0 0 0 0 0 0
0 3 1 10 5 2 14 9 7 12 4 25 17 8 11 6 18 28 15 19 24 13 20 26 16 21 27 30 22 23 29 31 0 0 0 0 0 0 0 1 0 0 0 0 0 0 0 0 0 0 0 0 0 1 0 0 0 0 0 0 0 0 0 0
0 3 1 10 5 2 14 9 7 12 4 25 17 8 11 6 18 28 15 19 24 13 20 26 16 21 27 30 22 23 29 31 0 0 0 0 0 0 0 1 0 0 0 0 0 0 0 0 0 0 0 0 0 1 0 0 0 0 0 0 0 0 0 0
0 1 5 10 3 2 14 7 12 9 4 25 17 11 8 6 18 15 20 26 19 28 13 16 21 24 27 30 22 23 29 31 0 0 0 0 0 0 0 0 0 0 0 0 0 0 0 0 0 0 0 0 0 0 0 0 0 0 0 0 0 0 0 0
0 1 3 10 5 2 12 7 17 11 4 14 25 9 8 6 18 15 20 26 19 28 13 16 21 24 27 30 22 23 29 31 0 0 0 0 0 0 0 0 0 0 0 0 0 0 0 0 0 0 0 0 0 0 0 0 0 0 0 0 0 0 0 0
0 1 3 10 5 2 12 7 17 11 4 14 25 9 8 6 18 15 20 26 19 28 13 16 21 24 27 30 22 23 29 31 0 0 0 0 0 0 0 0 0 0 0 0 0 0 0 0 0 0 0 0 0 0 0 0 0 0 0 0 0 0 0 0
0 1 3 10 5 2 12 7 17 11 4 14 25 9 8 6 18 15 20 26 19 28 13 16 21 24 27 30 22 23 29 31 0 0 0 0 0 0 0 0 0 0 0 0 0 0 0 0 0 0 0 0 0 0 0 0 0 0 0 0 0 0 0 0
0 1 3 5 10 9 2 12 14 7 4 8 25 11 17 6 18 15 20 26 19 28 13 16 21 24 27 30 22 23 29 31 0 0 0 0 0 0 0 0 0 0 0 0 0 0 0 0 0 0 0 0 0 0 0 0 0 0 0 0 0 0 0 0
0 1 5 10 3 2 14 7 12 9 4 25 17 11 8 6 18 15 20 26 19 28 13 16 21 24 27 30 22 23 29 31 0 0 0 0 0 0 0 0 0 0 0 0 0 0 0 0 0 0 0 0 0 0 0 0 0 0 0 0 0 0 0 0
0 1 3 10 5 2 12 7 17 11 4 14 25 9 8 6 18 15 20 26 19 28 13 16 21 24 27 30 22 23 29 31 0 0 0 0 0 0 0 0 0 0 0 0 0 0 0 0 0 0 0 0 0 0 0 0 0 0 0 0 0 0 0 0
0 1 3 10 5 2 12 7 17 14 25 4 9 8 11 6 18 15 13 16 20 26 19 28 21 24 27 30 22 23 29 31 0 0 0 0 0 0 0 0 0 0 0 0 0 0 0 0 0 0 0 0 0 0 0 0 0 0 0 0 0 0 0 0
0 1 3 10 5 2 12 7 17 14 25 4 9 8 11 6 18 15 13 16 20 26 19 28 21 24 27 30 22 23 29 31 0 0 0 0 0 0 0 0 0 0 0 0 0 0 0 0 0 0 0 0 0 0 0 0 0 0 0 0 0 0 0 0
0 1 3 10 5 2 12 7 17 14 25 4 9 8 11 6 18 15 13 16 20 26 19 28 21 24 27 30 22 23 29 31 0 0 0 0 0 0 0 0 0 0 0 0 0 0 0 0 0 0 0 0 0 0 0 0 0 0 0 0 0 0 0 0
0 1 3 10 5 2 12 7 17 14 25 4 9 8 11 6 18 15 13 16 20 26 19 28 21 24 27 30 22 23 29 31 0 0 0 0 0 0 0 0 0 0 0 0 0 0 0 0 0 0 0 0 0 0 0 0 0 0 0 0 0 0 0 0
0 1 3 10 5 2 12 7 17 14 25 4 9 8 11 6 18 15 13 16 20 26 19 28 21 24 27 30 22 23 29 31 0 0 0 0 0 0 0 0 0 0 0 0 0 0 0 0 0 0 0 0 0 0 0 0 0 0 0 0 0 0 0 0
0 1 3 2 5 10 14 9 7 12 25 4 8 15 17 11 18 6 13 28 19 24 26 16 20 21 27 30 22 23 29 31 0 0 0 0 0 0 0 1 0 0 0 0 0 0 0 0 0 0 0 0 0 0 0 0 0 0 0 0 0 0 0 0
0 1 3 2 5 10 14 9 7 12 25 4 8 15 17 11 18 6 13 28 19 24 26 16 20 21 27 30 22 23 29 31 0 0 0 0 0 0 0 1 0 0 0 0 0 0 0 0 0 0 0 0 0 0 0 0 0 0 0 0 0 0 0 0
0 1 3 2 5 10 14 9 7 12 25 4 8 15 17 11 18 6 13 28 19 24 26 16 20 21 27 30 22 23 29 31 0 0 0 0 0 0 0 1 0 0 0 0 0 0 0 0 0 0 0 0 0 0 0 0 0 0 0 0 0 0 0 0
0 1 3 2 5 10 14 9 7 12 25 4 8 15 17 11 18 6 13 28 19 24 26 16 20 21 27 30 22 23 29 31 0 0 0 0 0 0 0 1 0 0 0 0 0 0 0 0 0 0 0 0 0 0 0 0 0 0 0 0 0 0 0 0
0 1 3 2 5 10 14 9 7 12 25 4 8 15 17 11 18 6 13 28 19 24 26 16 20 21 27 30 22 23 29 31 0 0 0 0 0 0 0 1 0 0 0 0 0 0 0 0 0 0 0 0 0 0 0 0 0 0 0 0 0 0 0 0
0 1 3 5 10 2 12 14 7 9 25 17 11 4 8 15 20 6 26 18 19 28 27 30 13 16 21 24 22 23 29 31 0 0 0 0 0 0 0 0 0 0 0 0 0 0 0 0 0 0 0 0 0 0 0 0 0 0 0 0 0 0 0 0
0 1 5 10 2 3 14 7 9 25 12 17 11 4 8 15 20 6 26 18 19 28 27 30 13 16 21 24 22 23 29 31 0 0 0 0 0 0 0 0 0 0 0 0 0 0 0 0 0 0 0 0 0 0 0 0 0 0 0 0 0 0 0 0
0 1 3 2 5 10 9 14 4 8 25 7 12 11 15 17 20 6 26 18 19 28 27 30 13 16 21 24 22 23 29 31 0 0 0 0 0 0 0 0 0 0 0 0 0 0 0 0 0 0 0 0 0 0 0 0 0 0 0 0 0 0 0 0
0 1 3 5 10 2 12 14 7 9 25 17 11 4 8 15 20 6 26 18 19 28 27 30 13 16 21 24 22 23 29 31 0 0 0 0 0 0 0 0 0 0 0 0 0 0 0 0 0 0 0 0 0 0 0 0 0 0 0 0 0 0 0 0
0 1 3 5 10 2 12 14 7 9 25 17 11 4 8 15 20 6 26 18 19 28 27 30 13 16 21 24 22 23 29 31 0 0 0 0 0 0 0 0 0 0 0 0 0 0 0 0 0 0 0 0 0 0 0 0 0 0 0 0 0 0 0 0
0 1 3 5 10 2 12 14 7 9 25 17 11 4 8 15 20 6 26 18 19 28 27 30 13 16 21 24 22 23 29 31 0 0 0 0 0 0 0 0 0 0 0 0 0 0 0 0 0 0 0 0 0 0 0 0 0 0 0 0 0 0 0 0
0 1 3 2 5 10 9 14 4 8 25 7 12 11 15 17 20 6 26 18 19 28 27 30 13 16 21 24 22 23 29 31 0 0 0 0 0 0 0 0 0 0 0 0 0 0 0 0 0 0 0 0 0 0 0 0 0 0 0 0 0 0 0 0
0 1 3 2 5 10 9 14 4 8 25 7 12 11 15 17 20 6 26 18 19 28 27 30 13 16 21 24 22 23 29 31 0 0 0 0 0 0 0 0 0 0 0 0 0 0 0 0 0 0 0 0 0 0 0 0 0 0 0 0 0 0 0 0
0 3 1 2 5 10 25 7 12 17 14 9 4 11 8 6 18 15 13 26 28 16 20 19 21 27 30 24 22 23 29 31 0 0 0 0 0 0 0 0 0 0 0 0 0 0 0 0 0 0 0 0 0 0 0 0 0 0 0 0 0 0 0 0
0 1 3 5 10 9 2 12 14 7 4 8 25 11 17 6 13 26 18 28 15 16 20 19 21 27 30 24 22 23 29 31 0 0 0 0 0 0 0 0 0 0 0 0 0 0 0 0 0 0 0 0 0 0 0 0 0 0 0 0 0 0 0 0
0 3 1 10 5 2 14 9 25 12 7 4 17 6 11 8 13 18 26 28 15 16 19 21 20 24 27 30 22 23 29 31 0 0 0 0 0 0 0 1 0 0 0 0 0 0 0 0 0 0 0 0 0 0 0 0 0 0 0 0 0 0 0 0
0 3 1 10 5 2 14 12 7 25 6 9 17 11 4 8 15 20 26 18 19 28 27 30 13 16 21 24 22 23 29 31 0 0 0 0 0 0 0 0 0 0 0 0 0 0 0 0 0 0 0 0 0 0 0 0 0 0 0 0 0 0 0 0
0 3 1 10 5 2 14 9 7 4 12 17 11 25 6 8 13 18 15 28 26 16 19 20 21 24 27 30 22 23 29 31 0 0 0 0 0 0 0 1 0 0 0 0 0 0 0 0 0 0 0 0 0 0 0 0 0 0 0 0 0 0 0 0
0 1 5 10 3 2 14 7 9 12 25 4 17 6 11 8 18 28 15 19 24 13 26 16 20 27 21 30 22 23 29 31 0 0 0 0 0 0 0 0 0 0 0 0 0 0 0 0 0 0 0 0 0 0 0 0 0 0 0 0 0 0 0 0
0 3 1 10 5 2 14 9 7 4 12 17 11 25 6 8 13 18 15 28 26 16 19 20 21 24 27 30 22 23 29 31 0 0 0 0 0 0 0 1 0 0 0 0 0 0 0 0 0 0 0 0 0 0 0 0 0 0 0 0 0 0 0 0
0 3 1 10 5 2 14 12 7 25 6 9 17 11 4 8 15 20 26 18 19 28 27 30 13 16 21 24 22 23 29 31 0 0 0 0 0 0 0 0 0 0 0 0 0 0 0 0 0 0 0 0 0 0 0 0 0 0 0 0 0 0 0 0
0 1 5 10 3 2 14 7 9 12 25 4 17 6 11 8 18 28 15 19 24 13 26 16 20 27 21 30 22 23 29 31 0 0 0 0 0 0 0 0 0 0 0 0 0 0 0 0 0 0 0 0 0 0 0 0 0 0 0 0 0 0 0 0
0 1 5 10 2 12 3 8 9 25 14 7 4 15 11 6 17 13 26 18 28 16 19 21 20 24 27 30 22 23 29 31 0 0 0 0 0 0 0 0 0 0 0 0 0 0 0 0 0 0 0 0 0 0 0 0 0 0 0 0 0 0 0 0
0 1 3 5 10 2 4 12 7 14 25 17 9 8 11 6 15 18 13 28 19 26 16 20 21 24 27 30 22 23 29 31 0 0 0 0 0 0 0 0 0 0 0 0 0 0 0 0 0 0 0 0 0 0 0 0 0 0 0 0 0 0 0 0
0 3 1 10 5 2 14 9 25 12 7 4 17 6 11 8 13 18 26 28 15 16 19 21 20 24 27 30 22 23 29 31 0 0 0 0 0 0 0 1 0 0 0 0 0 0 0 0 0 0 0 0 0 0 0 0 0 0 0 0 0 0 0 0
0 3 1 10 5 2 14 9 25 12 7 4 17 6 11 8 13 18 26 28 15 16 19 21 20 24 27 30 22 23 29 31 0 0 0 0 0 0 0 1 0 0 0 0 0 0 0 0 0 0 0 0 0 0 0 0 0 0 0 0 0 0 0 0
0 1 3 5 10 2 4 12 7 14 25 17 9 8 11 6 15 18 13 28 19 26 16 20 21 24 27 30 22 23 29 31 0 0 0 0 0 0 0 0 0 0 0 0 0 0 0 0 0 0 0 0 0 0 0 0 0 0 0 0 0 0 0 0
0 3 1 2 5 10 12 25 7 4 17 14 9 11 8 6 18 15 13 26 28 16 20 19 21 24 27 30 22 23 29 31 0 0 0 0 0 0 0 0 0 0 0 0 0 0 0 0 0 0 0 0 0 0 0 0 0 0 0 0 0 0 0 0
0 1 5 10 3 9 2 12 14 7 17 11 4 8 6 18 13 26 25 15 28 19 16 20 27 30 21 24 22 23 29 31 0 0 0 0 0 0 0 0 0 0 0 0 0 0 0 0 0 0 0 0 0 0 0 0 0 0 0 0 0 0 0 0
0 1 2 5 3 10 12 14 7 9 4 8 11 6 25 17 13 26 18 28 16 15 20 19 21 24 27 30 22 23 29 31 0 0 0 0 0 0 0 0 0 0 0 0 0 0 0 0 0 0 0 0 0 0 0 0 0 0 0 0 0 0 0 0
0 1 3 5 10 2 4 12 7 17 9 14 6 11 25 8 18 15 13 28 19 26 16 21 24 20 27 30 22 23 29 31 0 0 0 0 0 0 0 0 0 0 0 0 0 0 0 0 0 0 0 0 0 0 0 0 0 0 0 0 0 0 0 0
0 3 1 2 5 10 12 7 17 11 4 14 9 8 25 6 15 18 13 26 28 16 20 19 21 24 27 30 22 23 29 31 0 0 0 0 0 0 0 0 0 0 0 0 0 0 0 0 0 0 0 0 0 0 0 0 0 0 0 0 0 0 0 0
0 1 2 5 10 3 14 7 9 4 25 12 17 11 8 6 18 15 13 28 19 26 16 21 24 20 27 30 22 23 29 31 0 0 0 0 0 0 0 0 0 0 0 0 0 0 0 0 0 0 0 0 0 0 0 0 0 0 0 0 0 0 0 0
