0 3 2 15 7 1 28 40 11 8 19 26 45 6 22 14 24 12 4 34 5 21 20 37 39 29 30 23 13 18 17 35 9 44 16 33 31 32 27 10 36 46 25 41 38 43 42 50 48 51 52 57 53 49 55 60 59 47 54 56 58 61 0 0 0 0 0 0 0 0 0 0 0 0 0 0 0 0 0 0 0 0 0 0 0 0 0 0 0 0 0 0 0 0 0 0 0 0 0 0 0 0 0 0 0 0 0 0 0 0 0 0 0 0 0 0 0 0 0 0 0 0 0 0
0 3 1 14 15 2 7 19 24 9 6 11 39 28 4 44 23 26 20 21 29 13 5 33 18 8 16 34 10 25 31 22 37 30 43 49 12 48 42 40 17 50 59 27 46 45 51 35 41 32 38 52 53 36 47 54 55 57 60 56 58 61 0 0 0 0 0 0 0 0 0 0 0 0 0 0 0 0 0 0 0 0 0 0 0 0 0 0 0 0 0 0 0 0 0 0 0 0 0 0 0 0 0 0 0 0 0 0 0 0 0 0 0 0 0 0 0 0 0 0 0 0 0 0
0 3 2 11 7 8 1 9 12 6 13 15 28 22 20 18 40 45 14 4 24 39 33 23 21 5 16 17 34 32 19 27 46 35 26 38 41 10 47 51 37 31 36 44 29 25 53 48 43 49 54 52 56 30 55 42 50 57 59 60 58 61 0 0 0 0 0 0 0 0 0 0 0 0 0 0 0 0 0 0 0 0 0 0 0 0 0 0 0 0 0 0 0 0 0 0 0 0 0 0 0 0 0 0 0 0 0 0 0 0 0 0 0 0 0 0 0 0 0 0 0 0 0 0
0 1 9 10 4 14 2 36 5 6 23 44 21 24 13 3 11 15 7 20 37 8 19 34 25 12 48 26 30 29 28 33 40 39 43 18 49 22 16 17 35 45 31 32 38 41 42 57 50 47 59 27 46 51 53 52 55 54 60 56 58 61 0 0 0 0 0 0 0 0 0 0 0 0 0 0 0 0 0 0 0 0 0 0 0 0 0 0 0 0 0 0 0 0 0 0 0 0 0 0 0 0 0 0 0 0 0 0 0 0 0 0 0 0 0 0 0 0 0 0 0 0 0 0
0 3 2 6 22 1 7 11 13 15 20 28 14 19 24 8 4 9 12 10 23 34 5 18 16 40 25 37 17 45 27 46 44 35 33 36 41 47 51 39 53 54 32 48 31 56 43 49 21 26 29 30 38 52 42 55 57 60 50 58 59 61 0 0 0 0 0 0 0 0 0 0 0 0 0 0 0 0 0 0 0 0 0 0 0 0 0 0 0 0 0 0 0 0 0 0 0 0 0 0 0 0 0 0 0 0 0 0 0 0 0 0 0 0 0 0 0 0 0 0 0 0 0 0
0 1 2 28 13 6 3 11 14 7 20 24 18 4 5 23 15 16 37 21 31 8 39 9 12 40 34 33 35 22 45 19 26 30 10 25 36 44 48 29 17 43 27 32 38 46 41 47 51 52 55 53 54 42 57 49 60 50 56 58 59 61 0 0 0 0 0 0 0 0 0 0 0 0 0 0 0 0 0 0 0 0 0 0 0 0 0 0 0 0 0 0 0 0 0 0 0 0 0 0 0 0 0 0 0 0 0 0 0 0 0 0 0 0 0 0 0 0 0 0 0 0 0 0
0 1 9 10 4 14 2 36 5 6 23 44 21 24 13 3 11 15 7 20 37 8 19 34 25 12 48 26 30 29 28 33 40 39 43 18 49 22 16 17 35 45 31 32 38 41 42 57 50 47 59 27 46 51 53 52 55 54 60 56 58 61 0 0 0 0 0 0 0 0 0 0 0 0 0 0 0 0 0 0 0 0 0 0 0 0 0 0 0 0 0 0 0 0 0 0 0 0 0 0 0 0 0 0 0 0 0 0 0 0 0 0 0 0 0 0 0 0 0 0 0 0 0 0
0 3 2 6 22 1 7 11 13 15 20 28 14 19 24 8 4 9 12 10 23 34 5 18 16 40 25 37 17 45 27 46 44 35 33 36 41 47 51 39 53 54 32 48 31 56 43 49 21 26 29 30 38 52 42 55 57 60 50 58 59 61 0 0 0 0 0 0 0 0 0 0 0 0 0 0 0 0 0 0 0 0 0 0 0 0 0 0 0 0 0 0 0 0 0 0 0 0 0 0 0 0 0 0 0 0 0 0 0 0 0 0 0 0 0 0 0 0 0 0 0 0 0 0
0 3 2 11 7 8 1 9 12 6 13 15 28 22 20 18 40 45 14 4 24 39 33 23 21 5 16 17 34 32 19 27 46 35 26 38 41 10 47 51 37 31 36 44 29 25 53 48 43 49 54 52 56 30 55 42 50 57 59 60 58 61 0 0 0 0 0 0 0 0 0 0 0 0 0 0 0 0 0 0 0 0 0 0 0 0 0 0 0 0 0 0 0 0 0 0 0 0 0 0 0 0 0 0 0 0 0 0 0 0 0 0 0 0 0 0 0 0 0 0 0 0 0 0
0 3 2 15 7 1 28 40 11 8 19 26 45 6 22 14 24 12 4 34 5 21 20 37 39 29 30 23 13 18 17 35 9 44 16 33 31 32 27 10 36 46 25 41 38 43 42 50 48 51 52 57 53 49 55 60 59 47 54 56 58 61 0 0 0 0 0 0 0 0 0 0 0 0 0 0 0 0 0 0 0 0 0 0 0 0 0 0 0 0 0 0 0 0 0 0 0 0 0 0 0 0 0 0 0 0 0 0 0 0 0 0 0 0 0 0 0 0 0 0 0 0 0 0
0 1 2 28 13 6 3 11 14 7 20 24 18 4 5 23 15 16 37 21 31 8 39 9 12 40 34 33 35 22 45 19 26 30 10 25 36 44 48 29 17 43 27 32 38 46 41 47 51 52 55 53 54 42 57 49 60 50 56 58 59 61 0 0 0 0 0 0 0 0 0 0 0 0 0 0 0 0 0 0 0 0 0 0 0 0 0 0 0 0 0 0 0 0 0 0 0 0 0 0 0 0 0 0 0 0 0 0 0 0 0 0 0 0 0 0 0 0 0 0 0 0 0 0
0 3 2 15 7 1 28 40 11 8 19 26 45 6 22 14 24 12 4 34 5 21 20 37 39 29 30 23 13 18 17 35 9 44 16 33 31 32 27 10 36 46 25 41 38 43 42 50 48 51 52 57 53 49 55 60 59 47 54 56 58 61 0 0 0 0 0 0 0 0 0 0 0 0 0 0 0 0 0 0 0 0 0 0 0 0 0 0 0 0 0 0 0 0 0 0 0 0 0 0 0 0 0 0 0 0 0 0 0 0 0 0 0 0 0 0 0 0 0 0 0 0 0 0
0 3 2 11 7 8 1 9 12 6 13 15 28 22 20 18 40 45 14 4 24 39 33 23 21 5 16 17 34 32 19 27 46 35 26 38 41 10 47 51 37 31 36 44 29 25 53 48 43 49 54 52 56 30 55 42 50 57 59 60 58 61 0 0 0 0 0 0 0 0 0 0 0 0 0 0 0 0 0 0 0 0 0 0 0 0 0 0 0 0 0 0 0 0 0 0 0 0 0 0 0 0 0 0 0 0 0 0 0 0 0 0 0 0 0 0 0 0 0 0 0 0 0 0
0 1 9 10 4 14 2 36 5 6 23 44 21 24 13 3 11 15 7 20 37 8 19 34 25 12 48 26 30 29 28 33 40 39 43 18 49 22 16 17 35 45 31 32 38 41 42 57 50 47 59 27 46 51 53 52 55 54 60 56 58 61 0 0 0 0 0 0 0 0 0 0 0 0 0 0 0 0 0 0 0 0 0 0 0 0 0 0 0 0 0 0 0 0 0 0 0 0 0 0 0 0 0 0 0 0 0 0 0 0 0 0 0 0 0 0 0 0 0 0 0 0 0 0
0 1 14 3 2 9 10 28 44 4 13 6 33 22 15 5 16 37 36 23 7 21 19 18 40 30 24 42 31 45 25 43 49 11 8 12 20 26 48 29 34 35 41 39 17 32 57 27 50 59 46 47 51 53 38 54 52 56 55 58 60 61 0 0 0 0 0 0 0 0 0 0 0 0 0 0 0 0 0 0 0 0 0 0 0 0 0 0 0 0 0 0 0 0 0 0 0 0 0 0 0 0 0 0 0 0 0 0 0 0 0 0 0 0 0 0 0 0 0 0 0 0 0 0
0 1 14 3 2 9 10 28 44 4 13 6 33 22 15 5 16 37 36 23 7 21 19 18 40 30 24 42 31 45 25 43 49 11 8 12 20 26 48 29 34 35 41 39 17 32 57 27 50 59 46 47 51 53 38 54 52 56 55 58 60 61 0 0 0 0 0 0 0 0 0 0 0 0 0 0 0 0 0 0 0 0 0 0 0 0 0 0 0 0 0 0 0 0 0 0 0 0 0 0 0 0 0 0 0 0 0 0 0 0 0 0 0 0 0 0 0 0 0 0 0 0 0 0
0 1 14 3 2 9 10 28 44 4 13 6 33 22 15 5 16 37 36 23 7 21 19 18 40 30 24 42 31 45 25 43 49 11 8 12 20 26 48 29 34 35 41 39 17 32 57 27 50 59 46 47 51 53 38 54 52 56 55 58 60 61 0 0 0 0 0 0 0 0 0 0 0 0 0 0 0 0 0 0 0 0 0 0 0 0 0 0 0 0 0 0 0 0 0 0 0 0 0 0 0 0 0 0 0 0 0 0 0 0 0 0 0 0 0 0 0 0 0 0 0 0 0 0
0 3 1 15 4 14 9 23 7 10 11 5 20 2 36 44 21 28 24 8 34 40 37 13 33 16 39 12 43 31 18 35 41 47 49 19 26 29 30 17 27 46 32 25 48 38 52 6 22 51 42 45 55 60 50 53 54 57 56 59 58 61 0 0 0 0 0 0 0 0 0 0 0 0 0 0 0 0 0 0 0 0 0 0 0 0 0 0 0 0 0 0 0 0 0 0 0 0 0 0 0 0 0 0 0 0 0 0 0 0 0 0 0 0 0 0 0 0 0 0 0 0 0 0
0 3 15 2 13 11 7 33 1 19 26 29 28 6 9 10 36 44 14 4 5 20 8 12 16 34 40 24 21 23 18 35 25 31 48 17 22 43 27 45 30 46 51 32 41 38 47 39 52 55 53 54 37 42 49 50 59 57 60 56 58 61 0 0 0 0 0 0 0 0 0 0 0 0 0 0 0 0 0 0 0 0 0 0 0 0 0 0 0 0 0 0 0 0 0 0 0 0 0 0 0 0 0 0 0 0 0 0 0 0 0 0 0 0 0 0 0 0 0 0 0 0 0 0
0 3 15 2 13 11 7 33 1 19 26 29 28 6 9 10 36 44 14 4 5 20 8 12 16 34 40 24 21 23 18 35 25 31 48 17 22 43 27 45 30 46 51 32 41 38 47 39 52 55 53 54 37 42 49 50 59 57 60 56 58 61 0 0 0 0 0 0 0 0 0 0 0 0 0 0 0 0 0 0 0 0 0 0 0 0 0 0 0 0 0 0 0 0 0 0 0 0 0 0 0 0 0 0 0 0 0 0 0 0 0 0 0 0 0 0 0 0 0 0 0 0 0 0
0 3 15 2 13 11 7 33 1 19 26 29 28 6 9 10 36 44 14 4 5 20 8 12 16 34 40 24 21 23 18 35 25 31 48 17 22 43 27 45 30 46 51 32 41 38 47 39 52 55 53 54 37 42 49 50 59 57 60 56 58 61 0 0 0 0 0 0 0 0 0 0 0 0 0 0 0 0 0 0 0 0 0 0 0 0 0 0 0 0 0 0 0 0 0 0 0 0 0 0 0 0 0 0 0 0 0 0 0 0 0 0 0 0 0 0 0 0 0 0 0 0 0 0
0 1 2 3 13 28 33 14 18 40 4 7 9 15 21 24 8 10 19 12 34 45 5 11 23 20 17 30 39 16 36 43 35 42 27 26 41 37 25 49 46 47 44 6 32 51 53 29 38 54 22 48 52 50 31 57 55 59 56 58 60 61 0 0 0 0 0 0 0 0 0 0 0 0 0 0 0 0 0 0 0 0 0 0 0 0 0 0 0 0 0 0 0 0 0 0 0 0 0 0 0 0 0 0 0 0 0 0 0 0 0 0 0 0 0 0 0 0 0 0 0 0 0 0
0 3 7 1 9 8 2 4 10 15 5 21 44 37 34 16 13 33 28 6 18 23 14 35 41 24 22 43 31 49 11 47 40 39 20 45 25 36 19 12 48 17 30 42 57 32 26 29 50 59 27 38 52 55 60 46 51 53 54 56 58 61 0 0 0 0 0 0 0 0 0 0 0 0 0 0 0 0 0 0 0 0 0 0 0 0 0 0 0 0 0 0 0 0 0 0 0 0 0 0 0 0 0 0 0 0 0 0 0 0 0 0 0 0 0 0 0 0 0 0 0 0 0 0
0 3 15 7 11 1 9 14 2 10 4 20 25 21 28 48 6 22 13 44 19 30 5 18 33 37 24 16 31 23 8 43 39 40 49 42 12 17 34 27 45 46 26 35 29 41 51 32 50 59 53 36 38 57 52 55 60 47 54 56 58 61 0 0 0 0 0 0 0 0 0 0 0 0 0 0 0 0 0 0 0 0 0 0 0 0 0 0 0 0 0 0 0 0 0 0 0 0 0 0 0 0 0 0 0 0 0 0 0 0 0 0 0 0 0 0 0 0 0 0 0 0 0 0
0 1 14 24 2 6 4 23 9 10 44 21 25 28 36 13 18 5 37 3 11 33 40 7 8 34 48 20 35 22 39 43 45 49 15 41 12 17 27 47 46 19 16 31 30 26 32 38 29 51 52 53 42 55 54 57 56 50 58 59 60 61 0 0 0 0 0 0 0 0 0 0 0 0 0 0 0 0 0 0 0 0 0 0 0 0 0 0 0 0 0 0 0 0 0 0 0 0 0 0 0 0 0 0 0 0 0 0 0 0 0 0 0 0 0 0 0 0 0 0 0 0 0 0
0 3 2 1 9 4 10 5 16 31 14 23 11 15 7 19 20 26 8 29 12 34 13 35 41 18 6 28 33 17 27 46 24 39 51 40 21 32 37 47 38 44 52 43 45 22 55 36 25 30 42 49 48 57 50 59 53 54 56 60 58 61 0 0 0 0 0 0 0 0 0 0 0 0 0 0 0 0 0 0 0 0 0 0 0 0 0 0 0 0 0 0 0 0 0 0 0 0 0 0 0 0 0 0 0 0 0 0 0 0 0 0 0 0 0 0 0 0 0 0 0 0 0 0
0 3 2 1 9 4 10 5 16 31 14 23 11 15 7 19 20 26 8 29 12 34 13 35 41 18 6 28 33 17 27 46 24 39 51 40 21 32 37 47 38 44 52 43 45 22 55 36 25 30 42 49 48 57 50 59 53 54 56 60 58 61 0 0 0 0 0 0 0 0 0 0 0 0 0 0 0 0 0 0 0 0 0 0 0 0 0 0 0 0 0 0 0 0 0 0 0 0 0 0 0 0 0 0 0 0 0 0 0 0 0 0 0 0 0 0 0 0 0 0 0 0 0 0
0 3 2 13 7 8 33 1 18 15 9 10 28 6 12 4 19 25 36 48 11 14 26 21 17 27 5 20 46 22 40 37 30 34 51 43 23 29 53 45 16 32 24 49 44 42 57 39 35 50 31 38 52 59 55 60 41 47 54 56 58 61 0 0 0 0 0 0 0 0 0 0 0 0 0 0 0 0 0 0 0 0 0 0 0 0 0 0 0 0 0 0 0 0 0 0 0 0 0 0 0 0 0 0 0 0 0 0 0 0 0 0 0 0 0 0 0 0 0 0 0 0 0 0
0 3 15 1 4 9 11 7 21 23 44 2 13 14 5 20 37 10 36 6 24 28 16 31 40 18 33 45 22 39 25 8 48 43 34 35 49 12 19 17 30 26 29 41 42 32 38 50 57 52 59 47 27 55 60 46 51 53 54 56 58 61 0 0 0 0 0 0 0 0 0 0 0 0 0 0 0 0 0 0 0 0 0 0 0 0 0 0 0 0 0 0 0 0 0 0 0 0 0 0 0 0 0 0 0 0 0 0 0 0 0 0 0 0 0 0 0 0 0 0 0 0 0 0
0 3 15 1 4 9 11 7 21 23 44 2 13 14 5 20 37 10 36 6 24 28 16 31 40 18 33 45 22 39 25 8 48 43 34 35 49 12 19 17 30 26 29 41 42 32 38 50 57 52 59 47 27 55 60 46 51 53 54 56 58 61 0 0 0 0 0 0 0 0 0 0 0 0 0 0 0 0 0 0 0 0 0 0 0 0 0 0 0 0 0 0 0 0 0 0 0 0 0 0 0 0 0 0 0 0 0 0 0 0 0 0 0 0 0 0 0 0 0 0 0 0 0 0
0 3 15 1 4 9 11 7 21 23 44 2 13 14 5 20 37 10 36 6 24 28 16 31 40 18 33 45 22 39 25 8 48 43 34 35 49 12 19 17 30 26 29 41 42 32 38 50 57 52 59 47 27 55 60 46 51 53 54 56 58 61 0 0 0 0 0 0 0 0 0 0 0 0 0 0 0 0 0 0 0 0 0 0 0 0 0 0 0 0 0 0 0 0 0 0 0 0 0 0 0 0 0 0 0 0 0 0 0 0 0 0 0 0 0 0 0 0 0 0 0 0 0 0
0 3 1 9 4 11 15 14 20 7 23 8 10 44 25 48 34 19 2 36 13 26 28 35 12 29 6 33 21 17 32 18 5 43 22 30 27 38 24 39 16 37 41 49 40 31 47 46 52 45 55 42 50 57 51 60 53 59 54 56 58 61 0 0 0 0 0 0 0 0 0 0 0 0 0 0 0 0 0 0 0 0 0 0 0 0 0 0 0 0 0 0 0 0 0 0 0 0 0 0 0 0 0 0 0 0 0 0 0 0 0 0 0 0 0 0 0 0 0 0 0 0 0 0
0 3 11 15 7 19 20 26 8 29 12 34 2 1 9 4 10 5 16 31 14 23 24 36 13 28 33 39 37 21 25 18 35 30 43 42 41 47 44 40 17 6 49 45 48 32 22 27 46 51 38 52 55 53 60 54 57 56 50 59 58 61 0 0 0 0 0 0 0 0 0 0 0 0 0 0 0 0 0 0 0 0 0 0 0 0 0 0 0 0 0 0 0 0 0 0 0 0 0 0 0 0 0 0 0 0 0 0 0 0 0 0 0 0 0 0 0 0 0 0 0 0 0 0
0 1 9 10 2 4 44 23 5 16 25 31 48 3 11 7 20 13 19 26 6 29 33 22 8 12 17 15 32 14 18 24 39 27 36 21 37 28 40 45 43 49 34 35 41 47 30 42 57 38 46 51 53 50 52 54 56 58 55 59 60 61 0 0 0 0 0 0 0 0 0 0 0 0 0 0 0 0 0 0 0 0 0 0 0 0 0 0 0 0 0 0 0 0 0 0 0 0 0 0 0 0 0 0 0 0 0 0 0 0 0 0 0 0 0 0 0 0 0 0 0 0 0 0
0 1 9 10 2 4 44 23 5 16 25 31 48 3 11 7 20 13 19 26 6 29 33 22 8 12 17 15 32 14 18 24 39 27 36 21 37 28 40 45 43 49 34 35 41 47 30 42 57 38 46 51 53 50 52 54 56 58 55 59 60 61 0 0 0 0 0 0 0 0 0 0 0 0 0 0 0 0 0 0 0 0 0 0 0 0 0 0 0 0 0 0 0 0 0 0 0 0 0 0 0 0 0 0 0 0 0 0 0 0 0 0 0 0 0 0 0 0 0 0 0 0 0 0
0 3 11 15 7 19 20 26 8 29 12 34 2 1 9 4 10 5 16 31 14 23 24 36 13 28 33 39 37 21 25 18 35 30 43 42 41 47 44 40 17 6 49 45 48 32 22 27 46 51 38 52 55 53 60 54 57 56 50 59 58 61 0 0 0 0 0 0 0 0 0 0 0 0 0 0 0 0 0 0 0 0 0 0 0 0 0 0 0 0 0 0 0 0 0 0 0 0 0 0 0 0 0 0 0 0 0 0 0 0 0 0 0 0 0 0 0 0 0 0 0 0 0 0
0 1 2 14 24 3 6 15 28 22 9 4 10 13 23 21 18 7 36 39 11 20 8 12 25 33 40 45 19 48 43 34 30 44 17 35 32 38 26 29 52 55 27 5 41 16 47 37 42 46 51 53 50 57 49 60 31 54 56 59 58 61 0 0 0 0 0 0 0 0 0 0 0 0 0 0 0 0 0 0 0 0 0 0 0 0 0 0 0 0 0 0 0 0 0 0 0 0 0 0 0 0 0 0 0 0 0 0 0 0 0 0 0 0 0 0 0 0 0 0 0 0 0 0
0 1 2 14 24 3 6 15 28 22 9 4 10 13 23 21 18 7 36 39 11 20 8 12 25 33 40 45 19 48 43 34 30 44 17 35 32 38 26 29 52 55 27 5 41 16 47 37 42 46 51 53 50 57 49 60 31 54 56 59 58 61 0 0 0 0 0 0 0 0 0 0 0 0 0 0 0 0 0 0 0 0 0 0 0 0 0 0 0 0 0 0 0 0 0 0 0 0 0 0 0 0 0 0 0 0 0 0 0 0 0 0 0 0 0 0 0 0 0 0 0 0 0 0
0 2 1 13 28 3 4 15 11 21 5 7 37 18 9 6 14 10 25 24 36 44 19 22 8 16 23 12 33 30 31 34 17 40 35 43 27 42 26 49 32 46 45 29 39 41 47 48 50 20 59 57 38 52 55 60 51 53 54 56 58 61 0 0 0 0 0 0 0 0 0 0 0 0 0 0 0 0 0 0 0 0 0 0 0 0 0 0 0 0 0 0 0 0 0 0 0 0 0 0 0 0 0 0 0 0 0 0 0 0 0 0 0 0 0 0 0 0 0 0 0 0 0 0
0 2 1 13 28 3 4 15 11 21 5 7 37 18 9 6 14 10 25 24 36 44 19 22 8 16 23 12 33 30 31 34 17 40 35 43 27 42 26 49 32 46 45 29 39 41 47 48 50 20 59 57 38 52 55 60 51 53 54 56 58 61 0 0 0 0 0 0 0 0 0 0 0 0 0 0 0 0 0 0 0 0 0 0 0 0 0 0 0 0 0 0 0 0 0 0 0 0 0 0 0 0 0 0 0 0 0 0 0 0 0 0 0 0 0 0 0 0 0 0 0 0 0 0
0 2 1 13 28 3 4 15 11 21 5 7 37 18 9 6 14 10 25 24 36 44 19 22 8 16 23 12 33 30 31 34 17 40 35 43 27 42 26 49 32 46 45 29 39 41 47 48 50 20 59 57 38 52 55 60 51 53 54 56 58 61 0 0 0 0 0 0 0 0 0 0 0 0 0 0 0 0 0 0 0 0 0 0 0 0 0 0 0 0 0 0 0 0 0 0 0 0 0 0 0 0 0 0 0 0 0 0 0 0 0 0 0 0 0 0 0 0 0 0 0 0 0 0
0 2 13 3 1 11 7 9 15 28 6 19 18 8 33 14 12 26 20 34 29 4 5 23 24 16 37 21 39 35 22 31 40 17 44 45 30 10 25 41 43 47 32 49 42 50 38 48 52 36 59 27 46 51 55 53 54 56 57 58 60 61 0 0 0 0 0 0 0 0 0 0 0 0 0 0 0 0 0 0 0 0 0 0 0 0 0 0 0 0 0 0 0 0 0 0 0 0 0 0 0 0 0 0 0 0 0 0 0 0 0 0 0 0 0 0 0 0 0 0 0 0 0 0
0 2 1 3 6 13 22 28 33 14 24 9 11 18 4 10 44 21 43 23 20 40 7 19 8 30 12 36 25 15 26 45 17 34 48 39 27 32 35 5 16 31 37 29 42 46 51 38 50 52 55 59 41 53 47 57 54 56 58 49 60 61 0 0 0 0 0 0 0 0 0 0 0 0 0 0 0 0 0 0 0 0 0 0 0 0 0 0 0 0 0 0 0 0 0 0 0 0 0 0 0 0 0 0 0 0 0 0 0 0 0 0 0 0 0 0 0 0 0 0 0 0 0 0
0 1 14 3 9 11 2 28 6 40 13 45 22 33 4 23 10 20 21 36 25 18 5 15 24 16 48 7 37 31 44 39 8 34 35 12 43 17 32 41 27 19 46 30 47 49 26 51 38 53 29 54 52 42 50 57 56 55 60 59 58 61 0 0 0 0 0 0 0 0 0 0 0 0 0 0 0 0 0 0 0 0 0 0 0 0 0 0 0 0 0 0 0 0 0 0 0 0 0 0 0 0 0 0 0 0 0 0 0 0 0 0 0 0 0 0 0 0 0 0 0 0 0 0
0 1 14 3 9 11 2 28 6 40 13 45 22 33 4 23 10 20 21 36 25 18 5 15 24 16 48 7 37 31 44 39 8 34 35 12 43 17 32 41 27 19 46 30 47 49 26 51 38 53 29 54 52 42 50 57 56 55 60 59 58 61 0 0 0 0 0 0 0 0 0 0 0 0 0 0 0 0 0 0 0 0 0 0 0 0 0 0 0 0 0 0 0 0 0 0 0 0 0 0 0 0 0 0 0 0 0 0 0 0 0 0 0 0 0 0 0 0 0 0 0 0 0 0
0 2 13 3 1 11 7 9 15 28 6 19 18 8 33 14 12 26 20 34 29 4 5 23 24 16 37 21 39 35 22 31 40 17 44 45 30 10 25 41 43 47 32 49 42 50 38 48 52 36 59 27 46 51 55 53 54 56 57 58 60 61 0 0 0 0 0 0 0 0 0 0 0 0 0 0 0 0 0 0 0 0 0 0 0 0 0 0 0 0 0 0 0 0 0 0 0 0 0 0 0 0 0 0 0 0 0 0 0 0 0 0 0 0 0 0 0 0 0 0 0 0 0 0
0 2 1 3 6 13 22 28 33 14 24 9 11 18 4 10 44 21 43 23 20 40 7 19 8 30 12 36 25 15 26 45 17 34 48 39 27 32 35 5 16 31 37 29 42 46 51 38 50 52 55 59 41 53 47 57 54 56 58 49 60 61 0 0 0 0 0 0 0 0 0 0 0 0 0 0 0 0 0 0 0 0 0 0 0 0 0 0 0 0 0 0 0 0 0 0 0 0 0 0 0 0 0 0 0 0 0 0 0 0 0 0 0 0 0 0 0 0 0 0 0 0 0 0
0 1 14 3 9 11 2 28 6 40 13 45 22 33 4 23 10 20 21 36 25 18 5 15 24 16 48 7 37 31 44 39 8 34 35 12 43 17 32 41 27 19 46 30 47 49 26 51 38 53 29 54 52 42 50 57 56 55 60 59 58 61 0 0 0 0 0 0 0 0 0 0 0 0 0 0 0 0 0 0 0 0 0 0 0 0 0 0 0 0 0 0 0 0 0 0 0 0 0 0 0 0 0 0 0 0 0 0 0 0 0 0 0 0 0 0 0 0 0 0 0 0 0 0
0 2 13 3 1 11 7 9 15 28 6 19 18 8 33 14 12 26 20 34 29 4 5 23 24 16 37 21 39 35 22 31 40 17 44 45 30 10 25 41 43 47 32 49 42 50 38 48 52 36 59 27 46 51 55 53 54 56 57 58 60 61 0 0 0 0 0 0 0 0 0 0 0 0 0 0 0 0 0 0 0 0 0 0 0 0 0 0 0 0 0 0 0 0 0 0 0 0 0 0 0 0 0 0 0 0 0 0 0 0 0 0 0 0 0 0 0 0 0 0 0 0 0 0
0 1 4 5 3 7 2 13 37 21 28 15 11 33 40 45 23 6 22 9 10 44 36 14 20 24 25 43 16 48 31 39 19 8 34 49 18 12 17 32 26 30 35 42 50 29 38 52 57 55 41 27 59 47 46 51 60 53 54 56 58 61 0 0 0 0 0 0 0 0 0 0 0 0 0 0 0 0 0 0 0 0 0 0 0 0 0 0 0 0 0 0 0 0 0 0 0 0 0 0 0 0 0 0 0 0 0 0 0 0 0 0 0 0 0 0 0 0 0 0 0 0 0 0
0 1 4 5 3 7 2 13 37 21 28 15 11 33 40 45 23 6 22 9 10 44 36 14 20 24 25 43 16 48 31 39 19 8 34 49 18 12 17 32 26 30 35 42 50 29 38 52 57 55 41 27 59 47 46 51 60 53 54 56 58 61 0 0 0 0 0 0 0 0 0 0 0 0 0 0 0 0 0 0 0 0 0 0 0 0 0 0 0 0 0 0 0 0 0 0 0 0 0 0 0 0 0 0 0 0 0 0 0 0 0 0 0 0 0 0 0 0 0 0 0 0 0 0
0 1 3 9 10 2 36 25 13 15 6 11 20 7 8 12 14 4 23 5 28 18 33 19 22 16 40 37 26 45 17 31 34 21 30 35 24 42 39 32 41 50 43 27 48 44 29 38 52 55 46 51 47 53 54 56 57 58 59 49 60 61 0 0 0 0 0 0 0 0 0 0 0 0 0 0 0 0 0 0 0 0 0 0 0 0 0 0 0 0 0 0 0 0 0 0 0 0 0 0 0 0 0 0 0 0 0 0 0 0 0 0 0 0 0 0 0 0 0 0 0 0 0 0
0 1 3 9 10 2 36 25 13 15 6 11 20 7 8 12 14 4 23 5 28 18 33 19 22 16 40 37 26 45 17 31 34 21 30 35 24 42 39 32 41 50 43 27 48 44 29 38 52 55 46 51 47 53 54 56 57 58 59 49 60 61 0 0 0 0 0 0 0 0 0 0 0 0 0 0 0 0 0 0 0 0 0 0 0 0 0 0 0 0 0 0 0 0 0 0 0 0 0 0 0 0 0 0 0 0 0 0 0 0 0 0 0 0 0 0 0 0 0 0 0 0 0 0
0 1 14 3 24 7 4 5 2 8 39 6 21 13 22 33 18 15 11 20 37 23 19 26 16 30 34 35 31 28 40 29 45 12 41 17 47 42 50 9 44 10 36 57 25 43 49 48 27 46 32 38 51 59 52 53 54 56 58 55 60 61 0 0 0 0 0 0 0 0 0 0 0 0 0 0 0 0 0 0 0 0 0 0 0 0 0 0 0 0 0 0 0 0 0 0 0 0 0 0 0 0 0 0 0 0 0 0 0 0 0 0 0 0 0 0 0 0 0 0 0 0 0 0
0 1 14 3 24 7 4 5 2 8 39 6 21 13 22 33 18 15 11 20 37 23 19 26 16 30 34 35 31 28 40 29 45 12 41 17 47 42 50 9 44 10 36 57 25 43 49 48 27 46 32 38 51 59 52 53 54 56 58 55 60 61 0 0 0 0 0 0 0 0 0 0 0 0 0 0 0 0 0 0 0 0 0 0 0 0 0 0 0 0 0 0 0 0 0 0 0 0 0 0 0 0 0 0 0 0 0 0 0 0 0 0 0 0 0 0 0 0 0 0 0 0 0 0
0 3 11 7 2 1 4 28 19 5 8 12 13 16 34 9 15 40 14 24 10 20 33 26 29 6 36 44 25 21 18 45 22 23 31 17 35 48 41 39 30 42 37 57 50 47 59 43 49 27 46 51 53 54 32 56 38 58 52 55 60 61 0 0 0 0 0 0 0 0 0 0 0 0 0 0 0 0 0 0 0 0 0 0 0 0 0 0 0 0 0 0 0 0 0 0 0 0 0 0 0 0 0 0 0 0 0 0 0 0 0 0 0 0 0 0 0 0 0 0 0 0 0 0
0 2 28 40 3 15 7 1 11 6 13 18 14 4 23 22 5 37 45 16 33 24 31 21 8 12 19 20 17 32 34 27 9 39 26 29 30 35 44 46 10 51 38 36 43 52 41 49 25 55 48 60 53 42 50 57 59 47 54 56 58 61 0 0 0 0 0 0 0 0 0 0 0 0 0 0 0 0 0 0 0 0 0 0 0 0 0 0 0 0 0 0 0 0 0 0 0 0 0 0 0 0 0 0 0 0 0 0 0 0 0 0 0 0 0 0 0 0 0 0 0 0 0 0
0 2 28 40 3 15 7 1 11 6 13 18 14 4 23 22 5 37 45 16 33 24 31 21 8 12 19 20 17 32 34 27 9 39 26 29 30 35 44 46 10 51 38 36 43 52 41 49 25 55 48 60 53 42 50 57 59 47 54 56 58 61 0 0 0 0 0 0 0 0 0 0 0 0 0 0 0 0 0 0 0 0 0 0 0 0 0 0 0 0 0 0 0 0 0 0 0 0 0 0 0 0 0 0 0 0 0 0 0 0 0 0 0 0 0 0 0 0 0 0 0 0 0 0
0 3 11 7 2 1 4 28 19 5 8 12 13 16 34 9 15 40 14 24 10 20 33 26 29 6 36 44 25 21 18 45 22 23 31 17 35 48 41 39 30 42 37 57 50 47 59 43 49 27 46 51 53 54 32 56 38 58 52 55 60 61 0 0 0 0 0 0 0 0 0 0 0 0 0 0 0 0 0 0 0 0 0 0 0 0 0 0 0 0 0 0 0 0 0 0 0 0 0 0 0 0 0 0 0 0 0 0 0 0 0 0 0 0 0 0 0 0 0 0 0 0 0 0
0 3 11 7 2 1 4 28 19 5 8 12 13 16 34 9 15 40 14 24 10 20 33 26 29 6 36 44 25 21 18 45 22 23 31 17 35 48 41 39 30 42 37 57 50 47 59 43 49 27 46 51 53 54 32 56 38 58 52 55 60 61 0 0 0 0 0 0 0 0 0 0 0 0 0 0 0 0 0 0 0 0 0 0 0 0 0 0 0 0 0 0 0 0 0 0 0 0 0 0 0 0 0 0 0 0 0 0 0 0 0 0 0 0 0 0 0 0 0 0 0 0 0 0
0 2 3 28 6 1 40 9 4 45 22 14 7 23 10 11 36 44 13 18 24 39 21 8 15 20 25 33 5 19 34 48 16 26 12 17 31 32 27 38 46 29 35 37 30 43 49 51 42 52 50 41 59 47 53 57 54 56 55 60 58 61 0 0 0 0 0 0 0 0 0 0 0 0 0 0 0 0 0 0 0 0 0 0 0 0 0 0 0 0 0 0 0 0 0 0 0 0 0 0 0 0 0 0 0 0 0 0 0 0 0 0 0 0 0 0 0 0 0 0 0 0 0 0
0 2 3 7 13 8 19 1 4 5 18 21 6 11 37 16 23 33 12 14 20 28 24 17 34 35 39 41 32 38 31 26 15 30 47 9 42 22 10 36 57 25 29 48 50 40 59 44 45 27 52 55 46 51 53 43 49 54 56 58 60 61 0 0 0 0 0 0 0 0 0 0 0 0 0 0 0 0 0 0 0 0 0 0 0 0 0 0 0 0 0 0 0 0 0 0 0 0 0 0 0 0 0 0 0 0 0 0 0 0 0 0 0 0 0 0 0 0 0 0 0 0 0 0
0 1 14 4 2 3 24 7 13 33 11 5 20 6 21 22 18 15 9 28 40 44 23 19 26 45 30 8 29 10 36 34 35 37 16 31 39 12 42 41 17 47 50 27 32 38 43 25 52 48 55 57 59 46 51 49 53 60 54 56 58 61 0 0 0 0 0 0 0 0 0 0 0 0 0 0 0 0 0 0 0 0 0 0 0 0 0 0 0 0 0 0 0 0 0 0 0 0 0 0 0 0 0 0 0 0 0 0 0 0 0 0 0 0 0 0 0 0 0 0 0 0 0 0
0 1 3 7 11 2 6 22 13 9 4 14 15 23 18 21 28 5 10 44 25 37 16 20 8 19 48 36 24 34 12 35 39 26 30 33 41 43 47 31 42 17 29 50 57 40 32 45 27 38 49 59 46 51 53 52 54 55 60 56 58 61 0 0 0 0 0 0 0 0 0 0 0 0 0 0 0 0 0 0 0 0 0 0 0 0 0 0 0 0 0 0 0 0 0 0 0 0 0 0 0 0 0 0 0 0 0 0 0 0 0 0 0 0 0 0 0 0 0 0 0 0 0 0
0 1 3 7 11 2 6 22 13 9 4 14 15 23 18 21 28 5 10 44 25 37 16 20 8 19 48 36 24 34 12 35 39 26 30 33 41 43 47 31 42 17 29 50 57 40 32 45 27 38 49 59 46 51 53 52 54 55 60 56 58 61 0 0 0 0 0 0 0 0 0 0 0 0 0 0 0 0 0 0 0 0 0 0 0 0 0 0 0 0 0 0 0 0 0 0 0 0 0 0 0 0 0 0 0 0 0 0 0 0 0 0 0 0 0 0 0 0 0 0 0 0 0 0
0 1 14 4 2 3 24 7 13 33 11 5 20 6 21 22 18 15 9 28 40 44 23 19 26 45 30 8 29 10 36 34 35 37 16 31 39 12 42 41 17 47 50 27 32 38 43 25 52 48 55 57 59 46 51 49 53 60 54 56 58 61 0 0 0 0 0 0 0 0 0 0 0 0 0 0 0 0 0 0 0 0 0 0 0 0 0 0 0 0 0 0 0 0 0 0 0 0 0 0 0 0 0 0 0 0 0 0 0 0 0 0 0 0 0 0 0 0 0 0 0 0 0 0
0 1 4 14 3 5 21 16 11 2 7 15 8 20 9 44 19 6 34 28 12 22 24 40 26 13 35 33 23 45 29 18 10 30 17 25 43 48 27 41 42 47 31 46 32 36 39 51 53 37 49 57 50 38 52 54 55 56 58 60 59 61 0 0 0 0 0 0 0 0 0 0 0 0 0 0 0 0 0 0 0 0 0 0 0 0 0 0 0 0 0 0 0 0 0 0 0 0 0 0 0 0 0 0 0 0 0 0 0 0 0 0 0 0 0 0 0 0 0 0 0 0 0 0
0 3 11 20 15 7 2 28 13 1 19 14 9 33 6 10 8 24 26 34 44 18 40 29 35 36 39 25 22 12 41 43 17 32 48 38 4 45 21 30 27 46 5 52 37 16 31 49 51 23 47 55 42 60 53 57 54 56 58 50 59 61 0 0 0 0 0 0 0 0 0 0 0 0 0 0 0 0 0 0 0 0 0 0 0 0 0 0 0 0 0 0 0 0 0 0 0 0 0 0 0 0 0 0 0 0 0 0 0 0 0 0 0 0 0 0 0 0 0 0 0 0 0 0
0 3 7 8 2 11 6 13 15 1 9 12 22 17 10 44 14 32 20 18 25 36 4 23 19 33 5 34 27 24 48 43 39 26 21 46 35 28 16 51 29 53 30 41 38 42 50 47 54 52 57 31 56 58 40 37 45 59 55 49 60 61 0 0 0 0 0 0 0 0 0 0 0 0 0 0 0 0 0 0 0 0 0 0 0 0 0 0 0 0 0 0 0 0 0 0 0 0 0 0 0 0 0 0 0 0 0 0 0 0 0 0 0 0 0 0 0 0 0 0 0 0 0 0
0 3 7 8 2 11 6 13 15 1 9 12 22 17 10 44 14 32 20 18 25 36 4 23 19 33 5 34 27 24 48 43 39 26 21 46 35 28 16 51 29 53 30 41 38 42 50 47 54 52 57 31 56 58 40 37 45 59 55 49 60 61 0 0 0 0 0 0 0 0 0 0 0 0 0 0 0 0 0 0 0 0 0 0 0 0 0 0 0 0 0 0 0 0 0 0 0 0 0 0 0 0 0 0 0 0 0 0 0 0 0 0 0 0 0 0 0 0 0 0 0 0 0 0
0 1 4 14 3 5 21 16 11 2 7 15 8 20 9 44 19 6 34 28 12 22 24 40 26 13 35 33 23 45 29 18 10 30 17 25 43 48 27 41 42 47 31 46 32 36 39 51 53 37 49 57 50 38 52 54 55 56 58 60 59 61 0 0 0 0 0 0 0 0 0 0 0 0 0 0 0 0 0 0 0 0 0 0 0 0 0 0 0 0 0 0 0 0 0 0 0 0 0 0 0 0 0 0 0 0 0 0 0 0 0 0 0 0 0 0 0 0 0 0 0 0 0 0
0 1 4 14 3 5 21 16 11 2 7 15 8 20 9 44 19 6 34 28 12 22 24 40 26 13 35 33 23 45 29 18 10 30 17 25 43 48 27 41 42 47 31 46 32 36 39 51 53 37 49 57 50 38 52 54 55 56 58 60 59 61 0 0 0 0 0 0 0 0 0 0 0 0 0 0 0 0 0 0 0 0 0 0 0 0 0 0 0 0 0 0 0 0 0 0 0 0 0 0 0 0 0 0 0 0 0 0 0 0 0 0 0 0 0 0 0 0 0 0 0 0 0 0
0 2 1 3 4 5 28 21 40 13 45 33 37 16 18 31 7 9 23 11 14 20 15 10 36 8 25 48 24 44 43 6 49 12 39 17 34 22 27 35 41 32 38 52 47 46 19 30 51 26 42 50 29 55 57 59 53 60 54 56 58 61 0 0 0 0 0 0 0 0 0 0 0 0 0 0 0 0 0 0 0 0 0 0 0 0 0 0 0 0 0 0 0 0 0 0 0 0 0 0 0 0 0 0 0 0 0 0 0 0 0 0 0 0 0 0 0 0 0 0 0 0 0 0
0 2 13 6 1 18 3 14 15 7 11 9 22 4 8 5 16 19 23 44 24 12 33 28 21 37 10 25 36 30 48 31 39 20 40 26 42 45 34 43 50 59 29 17 57 49 32 35 41 47 27 46 38 51 52 53 55 54 60 56 58 61 0 0 0 0 0 0 0 0 0 0 0 0 0 0 0 0 0 0 0 0 0 0 0 0 0 0 0 0 0 0 0 0 0 0 0 0 0 0 0 0 0 0 0 0 0 0 0 0 0 0 0 0 0 0 0 0 0 0 0 0 0 0
0 2 13 3 6 7 28 1 9 44 8 11 34 40 18 33 35 22 20 15 19 10 43 4 45 23 41 5 12 36 17 27 26 21 16 47 37 49 25 32 30 14 46 48 31 24 39 51 53 54 42 56 29 57 58 38 50 59 52 55 60 61 0 0 0 0 0 0 0 0 0 0 0 0 0 0 0 0 0 0 0 0 0 0 0 0 0 0 0 0 0 0 0 0 0 0 0 0 0 0 0 0 0 0 0 0 0 0 0 0 0 0 0 0 0 0 0 0 0 0 0 0 0 0
0 1 14 2 9 13 44 24 33 10 4 28 40 5 21 3 18 25 15 48 11 20 7 19 45 16 23 43 31 36 37 26 6 30 29 42 49 39 22 50 8 12 34 35 57 17 27 32 59 41 38 52 55 47 60 46 51 53 54 56 58 61 0 0 0 0 0 0 0 0 0 0 0 0 0 0 0 0 0 0 0 0 0 0 0 0 0 0 0 0 0 0 0 0 0 0 0 0 0 0 0 0 0 0 0 0 0 0 0 0 0 0 0 0 0 0 0 0 0 0 0 0 0 0
0 2 13 6 1 18 3 14 15 7 11 9 22 4 8 5 16 19 23 44 24 12 33 28 21 37 10 25 36 30 48 31 39 20 40 26 42 45 34 43 50 59 29 17 57 49 32 35 41 47 27 46 38 51 52 53 55 54 60 56 58 61 0 0 0 0 0 0 0 0 0 0 0 0 0 0 0 0 0 0 0 0 0 0 0 0 0 0 0 0 0 0 0 0 0 0 0 0 0 0 0 0 0 0 0 0 0 0 0 0 0 0 0 0 0 0 0 0 0 0 0 0 0 0
0 2 13 6 1 18 3 14 15 7 11 9 22 4 8 5 16 19 23 44 24 12 33 28 21 37 10 25 36 30 48 31 39 20 40 26 42 45 34 43 50 59 29 17 57 49 32 35 41 47 27 46 38 51 52 53 55 54 60 56 58 61 0 0 0 0 0 0 0 0 0 0 0 0 0 0 0 0 0 0 0 0 0 0 0 0 0 0 0 0 0 0 0 0 0 0 0 0 0 0 0 0 0 0 0 0 0 0 0 0 0 0 0 0 0 0 0 0 0 0 0 0 0 0
0 2 13 6 1 18 3 14 15 7 11 9 22 4 8 5 16 19 23 44 24 12 33 28 21 37 10 25 36 30 48 31 39 20 40 26 42 45 34 43 50 59 29 17 57 49 32 35 41 47 27 46 38 51 52 53 55 54 60 56 58 61 0 0 0 0 0 0 0 0 0 0 0 0 0 0 0 0 0 0 0 0 0 0 0 0 0 0 0 0 0 0 0 0 0 0 0 0 0 0 0 0 0 0 0 0 0 0 0 0 0 0 0 0 0 0 0 0 0 0 0 0 0 0
0 3 11 20 7 15 8 1 12 14 2 4 23 9 21 6 22 13 18 33 5 10 24 36 44 37 43 25 48 28 40 19 39 30 16 45 34 35 49 26 31 29 17 27 41 47 32 46 42 38 51 52 55 60 50 57 59 53 54 56 58 61 0 0 0 0 0 0 0 0 0 0 0 0 0 0 0 0 0 0 0 0 0 0 0 0 0 0 0 0 0 0 0 0 0 0 0 0 0 0 0 0 0 0 0 0 0 0 0 0 0 0 0 0 0 0 0 0 0 0 0 0 0 0
0 3 11 20 7 15 8 1 12 14 2 4 23 9 21 6 22 13 18 33 5 10 24 36 44 37 43 25 48 28 40 19 39 30 16 45 34 35 49 26 31 29 17 27 41 47 32 46 42 38 51 52 55 60 50 57 59 53 54 56 58 61 0 0 0 0 0 0 0 0 0 0 0 0 0 0 0 0 0 0 0 0 0 0 0 0 0 0 0 0 0 0 0 0 0 0 0 0 0 0 0 0 0 0 0 0 0 0 0 0 0 0 0 0 0 0 0 0 0 0 0 0 0 0
0 3 11 20 7 15 8 1 12 14 2 4 23 9 21 6 22 13 18 33 5 10 24 36 44 37 43 25 48 28 40 19 39 30 16 45 34 35 49 26 31 29 17 27 41 47 32 46 42 38 51 52 55 60 50 57 59 53 54 56 58 61 0 0 0 0 0 0 0 0 0 0 0 0 0 0 0 0 0 0 0 0 0 0 0 0 0 0 0 0 0 0 0 0 0 0 0 0 0 0 0 0 0 0 0 0 0 0 0 0 0 0 0 0 0 0 0 0 0 0 0 0 0 0
0 3 7 8 1 4 34 2 35 21 15 28 13 23 41 14 5 12 40 24 33 11 37 39 9 17 6 45 19 16 30 10 18 22 20 43 26 25 31 36 49 48 47 27 32 38 44 46 51 52 53 54 56 42 57 58 29 50 59 55 60 61 0 0 0 0 0 0 0 0 0 0 0 0 0 0 0 0 0 0 0 0 0 0 0 0 0 0 0 0 0 0 0 0 0 0 0 0 0 0 0 0 0 0 0 0 0 0 0 0 0 0 0 0 0 0 0 0 0 0 0 0 0 0
0 3 7 8 1 4 34 2 35 21 15 28 13 23 41 14 5 12 40 24 33 11 37 39 9 17 6 45 19 16 30 10 18 22 20 43 26 25 31 36 49 48 47 27 32 38 44 46 51 52 53 54 56 42 57 58 29 50 59 55 60 61 0 0 0 0 0 0 0 0 0 0 0 0 0 0 0 0 0 0 0 0 0 0 0 0 0 0 0 0 0 0 0 0 0 0 0 0 0 0 0 0 0 0 0 0 0 0 0 0 0 0 0 0 0 0 0 0 0 0 0 0 0 0
0 1 3 4 14 21 15 11 20 2 24 28 6 7 9 10 36 44 25 48 22 13 39 8 18 33 5 12 34 35 19 41 16 30 43 23 31 26 40 17 32 27 46 51 29 53 45 47 38 37 42 50 57 49 59 52 54 55 56 58 60 61 0 0 0 0 0 0 0 0 0 0 0 0 0 0 0 0 0 0 0 0 0 0 0 0 0 0 0 0 0 0 0 0 0 0 0 0 0 0 0 0 0 0 0 0 0 0 0 0 0 0 0 0 0 0 0 0 0 0 0 0 0 0
0 3 15 7 2 13 11 33 20 6 22 8 19 34 35 28 12 1 18 17 26 27 14 24 39 40 4 29 46 51 32 21 5 38 45 9 37 41 44 52 30 10 55 43 25 36 53 16 42 50 48 23 59 49 57 60 31 47 54 56 58 61 0 0 0 0 0 0 0 0 0 0 0 0 0 0 0 0 0 0 0 0 0 0 0 0 0 0 0 0 0 0 0 0 0 0 0 0 0 0 0 0 0 0 0 0 0 0 0 0 0 0 0 0 0 0 0 0 0 0 0 0 0 0
0 1 3 4 14 21 15 11 20 2 24 28 6 7 9 10 36 44 25 48 22 13 39 8 18 33 5 12 34 35 19 41 16 30 43 23 31 26 40 17 32 27 46 51 29 53 45 47 38 37 42 50 57 49 59 52 54 55 56 58 60 61 0 0 0 0 0 0 0 0 0 0 0 0 0 0 0 0 0 0 0 0 0 0 0 0 0 0 0 0 0 0 0 0 0 0 0 0 0 0 0 0 0 0 0 0 0 0 0 0 0 0 0 0 0 0 0 0 0 0 0 0 0 0
0 3 2 15 6 7 22 13 19 11 8 34 18 35 26 1 33 41 28 14 29 40 4 12 20 17 27 24 21 23 46 39 5 45 37 47 9 10 51 30 25 43 48 36 44 16 32 49 42 31 57 50 38 52 55 59 53 54 56 58 60 61 0 0 0 0 0 0 0 0 0 0 0 0 0 0 0 0 0 0 0 0 0 0 0 0 0 0 0 0 0 0 0 0 0 0 0 0 0 0 0 0 0 0 0 0 0 0 0 0 0 0 0 0 0 0 0 0 0 0 0 0 0 0
0 3 15 7 2 28 13 19 6 8 22 1 9 14 4 33 18 24 12 17 40 45 44 10 25 11 20 48 36 39 34 23 5 37 43 32 16 21 30 49 27 35 38 26 42 52 50 46 41 51 59 53 29 47 54 55 57 31 56 58 60 61 0 0 0 0 0 0 0 0 0 0 0 0 0 0 0 0 0 0 0 0 0 0 0 0 0 0 0 0 0 0 0 0 0 0 0 0 0 0 0 0 0 0 0 0 0 0 0 0 0 0 0 0 0 0 0 0 0 0 0 0 0 0
0 3 15 7 2 28 13 19 6 8 22 1 9 14 4 33 18 24 12 17 40 45 44 10 25 11 20 48 36 39 34 23 5 37 43 32 16 21 30 49 27 35 38 26 42 52 50 46 41 51 59 53 29 47 54 55 57 31 56 58 60 61 0 0 0 0 0 0 0 0 0 0 0 0 0 0 0 0 0 0 0 0 0 0 0 0 0 0 0 0 0 0 0 0 0 0 0 0 0 0 0 0 0 0 0 0 0 0 0 0 0 0 0 0 0 0 0 0 0 0 0 0 0 0
0 1 9 2 14 10 13 33 18 36 24 25 48 44 3 28 6 43 40 7 11 8 39 12 4 20 15 22 34 5 35 41 17 32 37 19 38 52 26 27 46 45 49 16 29 51 21 30 42 57 31 53 50 59 23 47 55 60 54 56 58 61 0 0 0 0 0 0 0 0 0 0 0 0 0 0 0 0 0 0 0 0 0 0 0 0 0 0 0 0 0 0 0 0 0 0 0 0 0 0 0 0 0 0 0 0 0 0 0 0 0 0 0 0 0 0 0 0 0 0 0 0 0 0
0 1 2 3 13 28 33 14 18 7 9 4 15 24 8 19 6 22 10 44 11 40 20 36 45 12 21 34 5 23 16 37 35 30 26 31 29 25 48 39 43 42 57 17 32 49 27 50 41 47 38 46 51 52 53 55 60 59 54 56 58 61 0 0 0 0 0 0 0 0 0 0 0 0 0 0 0 0 0 0 0 0 0 0 0 0 0 0 0 0 0 0 0 0 0 0 0 0 0 0 0 0 0 0 0 0 0 0 0 0 0 0 0 0 0 0 0 0 0 0 0 0 0 0
0 1 2 3 13 28 33 14 18 7 9 4 15 24 8 19 6 22 10 44 11 40 20 36 45 12 21 34 5 23 16 37 35 30 26 31 29 25 48 39 43 42 57 17 32 49 27 50 41 47 38 46 51 52 53 55 60 59 54 56 58 61 0 0 0 0 0 0 0 0 0 0 0 0 0 0 0 0 0 0 0 0 0 0 0 0 0 0 0 0 0 0 0 0 0 0 0 0 0 0 0 0 0 0 0 0 0 0 0 0 0 0 0 0 0 0 0 0 0 0 0 0 0 0
0 2 28 6 22 1 14 40 9 45 44 24 10 3 15 25 11 20 13 7 19 8 4 33 18 12 17 34 21 27 30 5 16 42 36 35 39 26 23 37 41 57 47 29 46 43 49 51 32 38 50 53 48 54 31 59 52 55 60 56 58 61 0 0 0 0 0 0 0 0 0 0 0 0 0 0 0 0 0 0 0 0 0 0 0 0 0 0 0 0 0 0 0 0 0 0 0 0 0 0 0 0 0 0 0 0 0 0 0 0 0 0 0 0 0 0 0 0 0 0 0 0 0 0
0 2 28 6 22 1 14 40 9 45 44 24 10 3 15 25 11 20 13 7 19 8 4 33 18 12 17 34 21 27 30 5 16 42 36 35 39 26 23 37 41 57 47 29 46 43 49 51 32 38 50 53 48 54 31 59 52 55 60 56 58 61 0 0 0 0 0 0 0 0 0 0 0 0 0 0 0 0 0 0 0 0 0 0 0 0 0 0 0 0 0 0 0 0 0 0 0 0 0 0 0 0 0 0 0 0 0 0 0 0 0 0 0 0 0 0 0 0 0 0 0 0 0 0
0 3 11 20 15 1 7 8 14 4 21 23 34 19 24 2 5 16 35 41 12 30 26 29 31 13 17 42 6 33 37 28 40 39 9 10 44 32 18 25 22 47 45 27 36 50 46 51 57 48 59 53 38 52 43 49 54 56 58 55 60 61 0 0 0 0 0 0 0 0 0 0 0 0 0 0 0 0 0 0 0 0 0 0 0 0 0 0 0 0 0 0 0 0 0 0 0 0 0 0 0 0 0 0 0 0 0 0 0 0 0 0 0 0 0 0 0 0 0 0 0 0 0 0
0 3 11 20 15 1 7 8 14 4 21 23 34 19 24 2 5 16 35 41 12 30 26 29 31 13 17 42 6 33 37 28 40 39 9 10 44 32 18 25 22 47 45 27 36 50 46 51 57 48 59 53 38 52 43 49 54 56 58 55 60 61 0 0 0 0 0 0 0 0 0 0 0 0 0 0 0 0 0 0 0 0 0 0 0 0 0 0 0 0 0 0 0 0 0 0 0 0 0 0 0 0 0 0 0 0 0 0 0 0 0 0 0 0 0 0 0 0 0 0 0 0 0 0
0 1 2 3 13 28 33 14 18 7 9 4 15 24 8 19 6 22 10 44 11 40 20 36 45 12 21 34 5 23 16 37 35 30 26 31 29 25 48 39 43 42 57 17 32 49 27 50 41 47 38 46 51 52 53 55 60 59 54 56 58 61 0 0 0 0 0 0 0 0 0 0 0 0 0 0 0 0 0 0 0 0 0 0 0 0 0 0 0 0 0 0 0 0 0 0 0 0 0 0 0 0 0 0 0 0 0 0 0 0 0 0 0 0 0 0 0 0 0 0 0 0 0 0
0 3 15 7 2 28 13 19 6 8 22 1 9 14 4 33 18 24 12 17 40 45 44 10 25 11 20 48 36 39 34 23 5 37 43 32 16 21 30 49 27 35 38 26 42 52 50 46 41 51 59 53 29 47 54 55 57 31 56 58 60 61 0 0 0 0 0 0 0 0 0 0 0 0 0 0 0 0 0 0 0 0 0 0 0 0 0 0 0 0 0 0 0 0 0 0 0 0 0 0 0 0 0 0 0 0 0 0 0 0 0 0 0 0 0 0 0 0 0 0 0 0 0 0
0 1 2 3 13 28 33 14 18 7 9 4 15 24 8 19 6 22 10 44 11 40 20 36 45 12 21 34 5 23 16 37 35 30 26 31 29 25 48 39 43 42 57 17 32 49 27 50 41 47 38 46 51 52 53 55 60 59 54 56 58 61 0 0 0 0 0 0 0 0 0 0 0 0 0 0 0 0 0 0 0 0 0 0 0 0 0 0 0 0 0 0 0 0 0 0 0 0 0 0 0 0 0 0 0 0 0 0 0 0 0 0 0 0 0 0 0 0 0 0 0 0 0 0
