0 2 3 1 12 4 64 11 16 8 43 5 9 52 6 15 20 37 71 46 45 10 27 68 56 7 13 14 21 23 25 18 55 29 50 58 103 33 36 38 22 26 39 53 41 31 96 28 83 59 79 82 17 24 32 100 30 54 34 87 72 84 88 69 60 61 93 40 89 19 44 47 57 63 35 70 75 94 65 67 117 107 92 105 95 110 108 77 80 98 42 66 74 78 99 111 48 49 76 109 85 51 102 62 91 81 112 73 118 90 101 106 115 86 116 97 120 104 114 113 119 121 0 0 0 0 0 0 0 0 0 0 1 0 0 0 0 0 0 0 0 0 0 0 0 0 0 0 0 0 0 0 0 0 0 0 1 0 0 0 0 0 0 0 0 0 0 0 0 0 0 0 0 0 0 0 0 0 0 0 0 0 0 0 0 0 0 0 0 1 0 0 0 0 0 0 0 0 0 0 1 0 0 1 0 0 0 1 0 0 0 0 0 0 0 0 0 0 0 0 0 0 0 0 0 0 0 0 0 0 0 0 0 0 0 0 0 0 0 0 0 0 0 0
0 3 7 2 22 8 14 5 12 28 59 20 21 29 43 37 96 71 4 34 6 46 41 55 30 1 45 10 17 11 19 63 9 13 65 60 74 32 52 38 39 25 35 53 105 58 16 68 33 72 103 23 44 31 93 108 42 40 57 69 95 47 24 26 54 94 50 75 15 77 76 70 87 98 89 64 111 18 80 27 85 48 84 49 61 82 66 117 51 62 79 83 102 78 73 97 36 88 109 67 81 112 91 92 90 101 99 106 56 86 113 107 104 115 100 114 110 119 118 116 120 121 0 1 0 0 0 0 0 0 0 0 0 0 0 0 0 0 0 0 0 0 0 0 0 0 0 0 0 0 0 0 0 0 0 0 0 0 0 0 0 0 0 0 0 0 0 0 0 0 0 0 0 0 0 0 0 0 1 0 0 0 0 0 0 0 0 0 0 1 0 0 0 0 0 0 0 0 0 0 0 0 0 0 0 0 0 0 0 0 0 0 0 1 0 0 0 0 0 0 0 0 0 0 0 0 0 0 0 0 0 0 0 0 0 0 0 0 0 0 0 0 0 0
0 2 5 1 11 9 3 4 37 71 8 64 46 13 12 19 57 25 20 43 6 10 75 7 14 22 83 29 34 28 21 45 38 55 56 31 33 26 47 17 32 15 60 67 16 63 68 23 18 54 41 74 59 30 44 27 103 36 72 92 77 93 69 50 111 94 65 58 82 70 24 80 84 105 52 53 100 79 107 88 87 108 89 39 95 61 96 66 40 35 78 42 110 98 76 85 81 48 102 117 51 99 91 118 62 73 90 49 109 97 113 101 112 86 104 114 119 106 115 116 120 121 0 0 0 0 0 0 0 0 0 0 0 0 0 0 0 0 0 0 0 0 0 0 0 0 0 1 0 0 0 0 0 1 0 0 0 0 0 0 0 0 0 0 0 0 0 0 0 0 0 0 0 0 0 0 0 0 1 1 0 0 0 1 0 0 0 0 0 0 1 0 0 0 0 0 0 0 0 0 0 0 0 0 0 1 0 0 0 0 0 0 0 0 0 0 1 1 1 0 0 0 0 0 0 0 0 0 0 0 0 0 0 0 0 0 0 0 0 0 0 0 0 0
0 1 3 2 4 9 52 11 13 7 5 37 33 19 54 59 22 31 64 16 6 65 23 8 46 57 20 12 50 10 71 17 72 61 75 60 34 47 63 15 67 83 28 25 45 14 32 26 92 18 35 69 27 43 93 77 38 21 82 68 39 53 56 29 55 44 30 87 103 70 80 89 105 42 58 79 88 95 36 94 48 51 49 108 62 66 109 76 73 24 85 86 117 41 78 81 100 110 84 96 90 40 112 101 98 91 102 97 74 106 107 113 99 111 118 115 116 104 120 114 119 121 0 0 0 0 0 0 0 0 0 0 0 0 0 0 0 0 0 0 0 0 0 0 0 0 0 0 0 0 0 0 0 0 0 0 0 0 0 0 0 0 0 0 0 0 0 0 0 0 0 0 0 0 0 0 0 0 0 0 0 0 0 0 0 0 0 0 1 0 0 0 0 0 0 0 0 0 0 1 0 0 0 0 0 0 0 0 0 0 0 0 0 0 0 0 1 0 0 0 0 0 0 0 0 0 0 0 0 1 1 0 0 0 0 0 0 0 0 0 0 0 0 0
0 3 12 43 8 2 15 5 37 20 4 1 45 27 69 68 64 71 11 9 46 19 57 52 94 6 56 10 17 103 83 7 16 25 32 72 60 18 13 14 50 44 23 59 65 70 105 67 22 75 38 24 29 21 34 28 55 63 84 26 58 35 41 79 33 54 40 31 30 100 80 110 39 53 74 61 96 93 92 88 87 107 108 89 47 66 42 78 77 48 76 49 111 81 109 82 36 85 117 112 95 51 91 98 102 62 73 90 86 101 104 99 106 118 97 113 115 116 120 114 119 121 0 0 0 0 0 0 0 0 0 0 0 1 0 0 0 0 0 0 0 0 0 0 0 0 0 0 0 0 0 0 0 0 0 0 1 0 0 0 1 0 0 0 0 1 0 0 0 0 0 0 0 0 0 0 0 0 0 0 0 0 0 0 0 0 0 0 0 0 0 0 0 0 0 0 0 0 0 1 0 0 0 1 0 0 0 0 0 0 0 0 0 0 0 0 1 1 0 0 0 0 0 0 0 0 0 0 0 0 1 0 0 1 0 1 0 0 0 0 0 0 0 0
0 3 1 12 64 8 43 11 15 27 7 2 19 14 5 21 20 9 45 6 4 52 56 10 69 22 59 34 68 28 55 29 63 103 17 16 32 58 96 23 25 13 26 44 24 75 35 41 79 65 18 33 54 37 71 46 60 94 83 50 57 70 31 67 38 72 84 39 74 47 100 92 53 80 77 82 110 36 105 111 30 87 42 88 93 61 40 95 76 66 85 117 91 98 48 78 108 49 51 62 102 107 89 109 112 81 73 99 118 97 113 86 104 90 101 106 115 116 120 114 119 121 0 0 0 0 0 0 0 0 0 0 0 0 0 0 0 0 0 0 1 0 0 0 0 0 0 0 0 0 0 0 0 0 0 0 0 0 0 0 0 0 0 0 0 0 0 0 0 0 0 0 0 0 0 0 0 0 0 0 0 0 0 0 0 0 0 0 0 0 1 0 0 0 0 0 0 0 0 0 0 0 0 0 0 1 0 0 0 1 0 0 0 0 0 0 1 0 0 0 0 0 0 0 0 0 0 0 0 0 0 0 0 0 0 0 0 0 0 0 0 0 0 0
0 2 1 9 4 64 5 6 3 10 11 13 17 60 16 67 8 52 23 19 24 25 12 100 65 72 92 20 31 75 68 45 84 7 15 105 37 69 59 43 107 27 103 14 33 32 22 54 44 61 35 50 46 66 40 78 70 71 83 18 34 81 56 110 94 21 28 93 57 38 42 48 47 51 76 85 30 62 82 77 49 55 96 109 39 58 29 41 95 112 63 91 79 53 36 73 88 108 98 80 117 102 90 86 101 106 74 111 104 114 97 115 116 113 120 26 87 89 99 119 118 121 0 0 0 0 0 0 0 0 0 0 0 0 1 0 0 0 0 0 0 0 0 0 0 0 0 1 0 0 0 0 0 1 0 0 1 0 0 0 0 1 0 0 0 0 0 0 0 0 0 0 0 0 0 0 0 0 0 0 0 0 0 0 0 0 0 0 0 0 0 0 0 0 0 0 0 0 0 0 0 0 0 1 1 0 0 0 0 1 0 0 0 1 0 0 0 0 0 0 0 0 0 0 0 0 0 0 0 0 0 0 0 0 0 0 0 0 0 0 0 0 0 0
0 3 7 2 22 8 14 5 12 28 59 20 21 29 43 37 96 71 4 34 6 46 41 55 30 1 45 10 17 11 19 63 9 13 65 60 74 32 52 38 39 25 35 53 105 58 16 68 33 72 103 23 44 31 93 108 42 40 57 69 95 47 24 26 54 94 50 75 15 77 76 70 87 98 89 64 111 18 80 27 85 48 84 49 61 82 66 117 51 62 79 83 102 78 73 97 36 88 109 67 81 112 91 92 90 101 99 106 56 86 113 107 104 115 100 114 110 119 118 116 120 121 0 1 0 0 0 0 0 0 0 0 0 0 0 0 0 0 0 0 0 0 0 0 0 0 0 0 0 0 0 0 0 0 0 0 0 0 0 0 0 0 0 0 0 0 0 0 0 0 0 0 0 0 0 0 0 0 1 0 0 0 0 0 0 0 0 0 0 1 0 0 0 0 0 0 0 0 0 0 0 0 0 0 0 0 0 0 0 0 0 0 0 1 0 0 0 0 0 0 0 0 0 0 0 0 0 0 0 0 0 0 0 0 0 0 0 0 0 0 0 0 0 0
0 3 7 2 22 8 14 5 12 28 59 20 21 29 43 37 96 71 4 34 6 46 41 55 30 1 45 10 17 11 19 63 9 13 65 60 74 32 52 38 39 25 35 53 105 58 16 68 33 72 103 23 44 31 93 108 42 40 57 69 95 47 24 26 54 94 50 75 15 77 76 70 87 98 89 64 111 18 80 27 85 48 84 49 61 82 66 117 51 62 79 83 102 78 73 97 36 88 109 67 81 112 91 92 90 101 99 106 56 86 113 107 104 115 100 114 110 119 118 116 120 121 0 1 0 0 0 0 0 0 0 0 0 0 0 0 0 0 0 0 0 0 0 0 0 0 0 0 0 0 0 0 0 0 0 0 0 0 0 0 0 0 0 0 0 0 0 0 0 0 0 0 0 0 0 0 0 0 1 0 0 0 0 0 0 0 0 0 0 1 0 0 0 0 0 0 0 0 0 0 0 0 0 0 0 0 0 0 0 0 0 0 0 1 0 0 0 0 0 0 0 0 0 0 0 0 0 0 0 0 0 0 0 0 0 0 0 0 0 0 0 0 0 0
0 2 5 1 11 9 3 4 37 71 8 64 46 13 12 19 57 25 20 43 6 10 75 7 14 22 83 29 34 28 21 45 38 55 56 31 33 26 47 17 32 15 60 67 16 63 68 23 18 54 41 74 59 30 44 27 103 36 72 92 77 93 69 50 111 94 65 58 82 70 24 80 84 105 52 53 100 79 107 88 87 108 89 39 95 61 96 66 40 35 78 42 110 98 76 85 81 48 102 117 51 99 91 118 62 73 90 49 109 97 113 101 112 86 104 114 119 106 115 116 120 121 0 0 0 0 0 0 0 0 0 0 0 0 0 0 0 0 0 0 0 0 0 0 0 0 0 1 0 0 0 0 0 1 0 0 0 0 0 0 0 0 0 0 0 0 0 0 0 0 0 0 0 0 0 0 0 0 1 1 0 0 0 1 0 0 0 0 0 0 1 0 0 0 0 0 0 0 0 0 0 0 0 0 0 1 0 0 0 0 0 0 0 0 0 0 1 1 1 0 0 0 0 0 0 0 0 0 0 0 0 0 0 0 0 0 0 0 0 0 0 0 0 0
0 2 1 9 4 64 5 6 3 10 11 13 17 60 16 67 8 52 23 19 24 25 12 100 65 72 92 20 31 75 68 45 84 7 15 105 37 69 59 43 107 27 103 14 33 32 22 54 44 61 35 50 46 66 40 78 70 71 83 18 34 81 56 110 94 21 28 93 57 38 42 48 47 51 76 85 30 62 82 77 49 55 96 109 39 58 29 41 95 112 63 91 79 53 36 73 88 108 98 80 117 102 90 86 101 106 74 111 104 114 97 115 116 113 120 26 87 89 99 119 118 121 0 0 0 0 0 0 0 0 0 0 0 0 1 0 0 0 0 0 0 0 0 0 0 0 0 1 0 0 0 0 0 1 0 0 1 0 0 0 0 1 0 0 0 0 0 0 0 0 0 0 0 0 0 0 0 0 0 0 0 0 0 0 0 0 0 0 0 0 0 0 0 0 0 0 0 0 0 0 0 0 0 1 1 0 0 0 0 1 0 0 0 1 0 0 0 0 0 0 0 0 0 0 0 0 0 0 0 0 0 0 0 0 0 0 0 0 0 0 0 0 0 0
0 1 3 2 4 9 52 11 13 7 5 37 33 19 54 59 22 31 64 16 6 65 23 8 46 57 20 12 50 10 71 17 72 61 75 60 34 47 63 15 67 83 28 25 45 14 32 26 92 18 35 69 27 43 93 77 38 21 82 68 39 53 56 29 55 44 30 87 103 70 80 89 105 42 58 79 88 95 36 94 48 51 49 108 62 66 109 76 73 24 85 86 117 41 78 81 100 110 84 96 90 40 112 101 98 91 102 97 74 106 107 113 99 111 118 115 116 104 120 114 119 121 0 0 0 0 0 0 0 0 0 0 0 0 0 0 0 0 0 0 0 0 0 0 0 0 0 0 0 0 0 0 0 0 0 0 0 0 0 0 0 0 0 0 0 0 0 0 0 0 0 0 0 0 0 0 0 0 0 0 0 0 0 0 0 0 0 0 1 0 0 0 0 0 0 0 0 0 0 1 0 0 0 0 0 0 0 0 0 0 0 0 0 0 0 0 1 0 0 0 0 0 0 0 0 0 0 0 0 1 1 0 0 0 0 0 0 0 0 0 0 0 0 0
0 2 3 1 12 4 64 11 16 8 43 5 9 52 6 15 20 37 71 46 45 10 27 68 56 7 13 14 21 23 25 18 55 29 50 58 103 33 36 38 22 26 39 53 41 31 96 28 83 59 79 82 17 24 32 100 30 54 34 87 72 84 88 69 60 61 93 40 89 19 44 47 57 63 35 70 75 94 65 67 117 107 92 105 95 110 108 77 80 98 42 66 74 78 99 111 48 49 76 109 85 51 102 62 91 81 112 73 118 90 101 106 115 86 116 97 120 104 114 113 119 121 0 0 0 0 0 0 0 0 0 0 1 0 0 0 0 0 0 0 0 0 0 0 0 0 0 0 0 0 0 0 0 0 0 0 1 0 0 0 0 0 0 0 0 0 0 0 0 0 0 0 0 0 0 0 0 0 0 0 0 0 0 0 0 0 0 0 0 1 0 0 0 0 0 0 0 0 0 0 1 0 0 1 0 0 0 1 0 0 0 0 0 0 0 0 0 0 0 0 0 0 0 0 0 0 0 0 0 0 0 0 0 0 0 0 0 0 0 0 0 0 0 0
0 3 12 43 8 2 15 5 37 20 4 1 45 27 69 68 64 71 11 9 46 19 57 52 94 6 56 10 17 103 83 7 16 25 32 72 60 18 13 14 50 44 23 59 65 70 105 67 22 75 38 24 29 21 34 28 55 63 84 26 58 35 41 79 33 54 40 31 30 100 80 110 39 53 74 61 96 93 92 88 87 107 108 89 47 66 42 78 77 48 76 49 111 81 109 82 36 85 117 112 95 51 91 98 102 62 73 90 86 101 104 99 106 118 97 113 115 116 120 114 119 121 0 0 0 0 0 0 0 0 0 0 0 1 0 0 0 0 0 0 0 0 0 0 0 0 0 0 0 0 0 0 0 0 0 0 1 0 0 0 1 0 0 0 0 1 0 0 0 0 0 0 0 0 0 0 0 0 0 0 0 0 0 0 0 0 0 0 0 0 0 0 0 0 0 0 0 0 0 1 0 0 0 1 0 0 0 0 0 0 0 0 0 0 0 0 1 1 0 0 0 0 0 0 0 0 0 0 0 0 1 0 0 1 0 1 0 0 0 0 0 0 0 0
0 2 5 1 11 9 3 4 37 71 8 64 46 13 12 19 57 25 20 43 6 10 75 7 14 22 83 29 34 28 21 45 38 55 56 31 33 26 47 17 32 15 60 67 16 63 68 23 18 54 41 74 59 30 44 27 103 36 72 92 77 93 69 50 111 94 65 58 82 70 24 80 84 105 52 53 100 79 107 88 87 108 89 39 95 61 96 66 40 35 78 42 110 98 76 85 81 48 102 117 51 99 91 118 62 73 90 49 109 97 113 101 112 86 104 114 119 106 115 116 120 121 0 0 0 0 0 0 0 0 0 0 0 0 0 0 0 0 0 0 0 0 0 0 0 0 0 1 0 0 0 0 0 1 0 0 0 0 0 0 0 0 0 0 0 0 0 0 0 0 0 0 0 0 0 0 0 0 1 1 0 0 0 1 0 0 0 0 0 0 1 0 0 0 0 0 0 0 0 0 0 0 0 0 0 1 0 0 0 0 0 0 0 0 0 0 1 1 1 0 0 0 0 0 0 0 0 0 0 0 0 0 0 0 0 0 0 0 0 0 0 0 0 0
0 2 3 1 12 4 64 11 16 8 43 5 9 52 6 15 20 37 71 46 45 10 27 68 56 7 13 14 21 23 25 18 55 29 50 58 103 33 36 38 22 26 39 53 41 31 96 28 83 59 79 82 17 24 32 100 30 54 34 87 72 84 88 69 60 61 93 40 89 19 44 47 57 63 35 70 75 94 65 67 117 107 92 105 95 110 108 77 80 98 42 66 74 78 99 111 48 49 76 109 85 51 102 62 91 81 112 73 118 90 101 106 115 86 116 97 120 104 114 113 119 121 0 0 0 0 0 0 0 0 0 0 1 0 0 0 0 0 0 0 0 0 0 0 0 0 0 0 0 0 0 0 0 0 0 0 1 0 0 0 0 0 0 0 0 0 0 0 0 0 0 0 0 0 0 0 0 0 0 0 0 0 0 0 0 0 0 0 0 1 0 0 0 0 0 0 0 0 0 0 1 0 0 1 0 0 0 1 0 0 0 0 0 0 0 0 0 0 0 0 0 0 0 0 0 0 0 0 0 0 0 0 0 0 0 0 0 0 0 0 0 0 0 0
0 3 12 43 8 2 15 5 37 20 4 1 45 27 69 68 64 71 11 9 46 19 57 52 94 6 56 10 17 103 83 7 16 25 32 72 60 18 13 14 50 44 23 59 65 70 105 67 22 75 38 24 29 21 34 28 55 63 84 26 58 35 41 79 33 54 40 31 30 100 80 110 39 53 74 61 96 93 92 88 87 107 108 89 47 66 42 78 77 48 76 49 111 81 109 82 36 85 117 112 95 51 91 98 102 62 73 90 86 101 104 99 106 118 97 113 115 116 120 114 119 121 0 0 0 0 0 0 0 0 0 0 0 1 0 0 0 0 0 0 0 0 0 0 0 0 0 0 0 0 0 0 0 0 0 0 1 0 0 0 1 0 0 0 0 1 0 0 0 0 0 0 0 0 0 0 0 0 0 0 0 0 0 0 0 0 0 0 0 0 0 0 0 0 0 0 0 0 0 1 0 0 0 1 0 0 0 0 0 0 0 0 0 0 0 0 1 1 0 0 0 0 0 0 0 0 0 0 0 0 1 0 0 1 0 1 0 0 0 0 0 0 0 0
0 3 1 12 64 8 43 11 15 27 7 2 19 14 5 21 20 9 45 6 4 52 56 10 69 22 59 34 68 28 55 29 63 103 17 16 32 58 96 23 25 13 26 44 24 75 35 41 79 65 18 33 54 37 71 46 60 94 83 50 57 70 31 67 38 72 84 39 74 47 100 92 53 80 77 82 110 36 105 111 30 87 42 88 93 61 40 95 76 66 85 117 91 98 48 78 108 49 51 62 102 107 89 109 112 81 73 99 118 97 113 86 104 90 101 106 115 116 120 114 119 121 0 0 0 0 0 0 0 0 0 0 0 0 0 0 0 0 0 0 1 0 0 0 0 0 0 0 0 0 0 0 0 0 0 0 0 0 0 0 0 0 0 0 0 0 0 0 0 0 0 0 0 0 0 0 0 0 0 0 0 0 0 0 0 0 0 0 0 0 1 0 0 0 0 0 0 0 0 0 0 0 0 0 0 1 0 0 0 1 0 0 0 0 0 0 1 0 0 0 0 0 0 0 0 0 0 0 0 0 0 0 0 0 0 0 0 0 0 0 0 0 0 0
0 1 2 4 25 3 5 11 9 64 6 52 16 19 7 14 37 50 20 8 71 38 45 46 83 12 21 29 10 59 41 23 56 68 75 24 13 17 57 53 31 39 74 55 22 34 32 47 44 77 18 65 15 82 69 94 103 60 27 96 67 100 72 33 93 35 70 40 54 61 28 42 105 30 58 26 76 95 85 87 117 92 63 66 84 80 108 36 107 89 91 99 48 98 111 79 78 102 110 49 109 118 81 51 112 62 43 73 88 86 90 101 97 104 106 114 115 116 120 113 119 121 0 0 0 0 0 0 0 0 0 0 0 0 0 0 0 0 0 0 0 0 0 0 0 0 0 0 1 0 0 0 0 0 0 0 0 0 0 0 0 0 0 0 0 0 0 0 0 0 0 1 0 0 0 0 0 0 0 0 0 0 0 0 0 0 0 0 0 0 1 0 0 0 0 0 0 0 0 1 0 0 0 1 0 0 0 0 0 0 0 0 0 0 0 0 0 0 0 0 0 0 0 0 0 0 0 0 0 0 0 1 0 0 0 0 0 0 0 0 0 0 0 0
0 3 2 1 7 5 59 20 11 37 8 45 14 15 4 46 69 25 94 9 19 12 52 71 16 13 23 18 65 22 56 33 29 50 64 21 105 96 55 6 28 82 34 43 24 84 10 38 57 58 63 31 26 68 79 53 17 32 41 54 30 75 103 87 47 27 35 61 42 88 36 76 85 100 44 91 40 60 83 48 70 80 39 77 108 51 67 62 95 72 92 93 89 66 117 78 98 49 107 110 81 99 102 109 73 90 97 118 113 86 101 104 112 114 119 74 106 111 115 116 120 121 0 0 0 0 0 0 0 0 0 0 0 0 0 0 0 0 0 0 0 0 0 0 0 0 0 0 0 0 0 0 0 1 0 0 0 0 0 0 0 0 0 0 0 0 0 0 0 0 0 0 0 0 0 0 0 0 1 1 0 0 0 1 0 0 0 0 0 0 0 0 0 0 0 0 0 0 0 0 0 0 0 1 0 0 0 0 0 0 1 0 0 0 0 0 0 1 0 0 1 0 0 0 0 0 0 0 0 0 1 0 0 0 0 0 0 0 0 0 0 0 0 0
0 3 2 1 7 5 59 20 11 37 8 45 14 15 4 46 69 25 94 9 19 12 52 71 16 13 23 18 65 22 56 33 29 50 64 21 105 96 55 6 28 82 34 43 24 84 10 38 57 58 63 31 26 68 79 53 17 32 41 54 30 75 103 87 47 27 35 61 42 88 36 76 85 100 44 91 40 60 83 48 70 80 39 77 108 51 67 62 95 72 92 93 89 66 117 78 98 49 107 110 81 99 102 109 73 90 97 118 113 86 101 104 112 114 119 74 106 111 115 116 120 121 0 0 0 0 0 0 0 0 0 0 0 0 0 0 0 0 0 0 0 0 0 0 0 0 0 0 0 0 0 0 0 1 0 0 0 0 0 0 0 0 0 0 0 0 0 0 0 0 0 0 0 0 0 0 0 0 1 1 0 0 0 1 0 0 0 0 0 0 0 0 0 0 0 0 0 0 0 0 0 0 0 1 0 0 0 0 0 0 1 0 0 0 0 0 0 1 0 0 1 0 0 0 0 0 0 0 0 0 1 0 0 0 0 0 0 0 0 0 0 0 0 0
0 1 2 4 25 3 5 11 9 64 6 52 16 19 7 14 37 50 20 8 71 38 45 46 83 12 21 29 10 59 41 23 56 68 75 24 13 17 57 53 31 39 74 55 22 34 32 47 44 77 18 65 15 82 69 94 103 60 27 96 67 100 72 33 93 35 70 40 54 61 28 42 105 30 58 26 76 95 85 87 117 92 63 66 84 80 108 36 107 89 91 99 48 98 111 79 78 102 110 49 109 118 81 51 112 62 43 73 88 86 90 101 97 104 106 114 115 116 120 113 119 121 0 0 0 0 0 0 0 0 0 0 0 0 0 0 0 0 0 0 0 0 0 0 0 0 0 0 1 0 0 0 0 0 0 0 0 0 0 0 0 0 0 0 0 0 0 0 0 0 0 1 0 0 0 0 0 0 0 0 0 0 0 0 0 0 0 0 0 0 1 0 0 0 0 0 0 0 0 1 0 0 0 1 0 0 0 0 0 0 0 0 0 0 0 0 0 0 0 0 0 0 0 0 0 0 0 0 0 0 0 1 0 0 0 0 0 0 0 0 0 0 0 0
0 2 1 5 9 20 3 7 11 64 8 22 19 16 34 4 28 12 15 18 13 37 52 50 6 10 26 45 23 17 32 25 33 69 60 63 31 72 14 44 43 27 47 35 75 65 54 94 82 30 67 24 42 59 68 95 71 48 46 21 49 70 109 61 96 100 56 98 84 77 51 29 76 110 103 107 38 62 55 58 92 79 53 105 93 39 80 40 88 102 87 66 83 89 41 74 57 36 99 117 85 78 111 81 108 118 91 73 97 86 90 113 101 112 106 115 104 114 119 116 120 121 0 0 0 0 0 0 0 0 0 0 0 0 0 0 0 0 0 0 0 0 0 0 0 0 0 0 0 0 0 0 0 0 0 0 0 0 0 0 0 0 1 0 0 0 0 0 0 0 0 0 0 0 0 0 0 0 0 0 0 0 0 0 0 0 0 0 0 0 0 0 1 0 0 0 0 0 0 0 0 0 0 0 0 0 0 0 0 0 0 0 0 1 0 0 0 0 0 0 0 0 0 0 0 0 0 0 0 0 0 0 0 0 0 0 0 0 0 0 0 0 0 0
0 2 1 5 9 20 3 7 11 64 8 22 19 16 34 4 28 12 15 18 13 37 52 50 6 10 26 45 23 17 32 25 33 69 60 63 31 72 14 44 43 27 47 35 75 65 54 94 82 30 67 24 42 59 68 95 71 48 46 21 49 70 109 61 96 100 56 98 84 77 51 29 76 110 103 107 38 62 55 58 92 79 53 105 93 39 80 40 88 102 87 66 83 89 41 74 57 36 99 117 85 78 111 81 108 118 91 73 97 86 90 113 101 112 106 115 104 114 119 116 120 121 0 0 0 0 0 0 0 0 0 0 0 0 0 0 0 0 0 0 0 0 0 0 0 0 0 0 0 0 0 0 0 0 0 0 0 0 0 0 0 0 1 0 0 0 0 0 0 0 0 0 0 0 0 0 0 0 0 0 0 0 0 0 0 0 0 0 0 0 0 0 1 0 0 0 0 0 0 0 0 0 0 0 0 0 0 0 0 0 0 0 0 1 0 0 0 0 0 0 0 0 0 0 0 0 0 0 0 0 0 0 0 0 0 0 0 0 0 0 0 0 0 0
0 3 8 12 43 15 27 1 2 5 64 4 7 6 20 11 45 14 37 38 68 25 9 13 69 56 10 52 46 94 59 22 19 34 16 63 31 71 28 30 95 98 103 17 32 72 57 29 21 60 55 83 96 44 41 53 36 70 93 39 67 33 35 40 58 42 54 26 87 92 89 65 74 80 50 18 61 105 82 79 23 24 100 110 47 117 99 88 84 75 108 76 85 77 111 48 107 51 102 66 49 62 73 109 90 97 118 78 112 113 91 86 81 104 101 114 106 119 115 116 120 121 0 0 0 0 0 0 0 0 0 0 0 0 0 0 0 0 0 0 0 0 0 0 0 0 0 0 0 0 0 0 0 0 0 0 0 0 0 0 0 0 0 0 0 0 0 0 0 0 0 0 0 0 0 0 0 0 0 0 0 0 0 0 0 0 0 0 0 0 0 0 0 0 0 0 0 0 0 1 0 0 0 1 0 0 0 0 0 0 1 0 0 0 0 0 0 0 0 0 0 0 0 0 0 0 0 1 0 0 1 0 0 1 0 0 0 0 0 0 0 0 0 0
0 1 11 64 2 19 13 9 65 5 52 37 6 33 20 105 16 45 3 7 10 71 12 23 68 4 59 25 54 46 18 31 103 24 83 14 100 17 60 57 75 67 8 22 15 69 27 28 84 29 21 56 61 34 94 72 50 107 32 38 53 30 93 110 39 35 82 117 55 42 87 26 40 76 48 89 95 98 66 44 70 92 96 43 36 63 41 85 51 62 78 73 74 81 80 97 49 86 109 102 108 104 90 58 79 91 101 99 47 114 118 113 119 88 77 111 112 106 115 116 120 121 0 0 0 0 0 0 0 0 0 0 0 0 0 0 0 0 0 0 0 0 0 0 0 0 0 1 1 0 0 0 0 0 0 0 0 0 0 0 0 0 0 0 0 0 0 0 0 0 0 0 1 0 0 0 0 0 0 0 0 1 1 0 0 0 0 0 0 0 0 0 0 0 0 0 0 0 0 0 0 0 0 1 0 0 0 0 0 0 0 0 0 1 0 0 0 0 0 0 0 0 0 0 0 0 0 0 0 0 0 0 0 1 0 0 0 0 0 0 0 0 0 0
0 3 8 12 43 15 27 1 2 5 64 4 7 6 20 11 45 14 37 38 68 25 9 13 69 56 10 52 46 94 59 22 19 34 16 63 31 71 28 30 95 98 103 17 32 72 57 29 21 60 55 83 96 44 41 53 36 70 93 39 67 33 35 40 58 42 54 26 87 92 89 65 74 80 50 18 61 105 82 79 23 24 100 110 47 117 99 88 84 75 108 76 85 77 111 48 107 51 102 66 49 62 73 109 90 97 118 78 112 113 91 86 81 104 101 114 106 119 115 116 120 121 0 0 0 0 0 0 0 0 0 0 0 0 0 0 0 0 0 0 0 0 0 0 0 0 0 0 0 0 0 0 0 0 0 0 0 0 0 0 0 0 0 0 0 0 0 0 0 0 0 0 0 0 0 0 0 0 0 0 0 0 0 0 0 0 0 0 0 0 0 0 0 0 0 0 0 0 0 1 0 0 0 1 0 0 0 0 0 0 1 0 0 0 0 0 0 0 0 0 0 0 0 0 0 0 0 1 0 0 1 0 0 1 0 0 0 0 0 0 0 0 0 0
0 1 11 64 2 19 13 9 65 5 52 37 6 33 20 105 16 45 3 7 10 71 12 23 68 4 59 25 54 46 18 31 103 24 83 14 100 17 60 57 75 67 8 22 15 69 27 28 84 29 21 56 61 34 94 72 50 107 32 38 53 30 93 110 39 35 82 117 55 42 87 26 40 76 48 89 95 98 66 44 70 92 96 43 36 63 41 85 51 62 78 73 74 81 80 97 49 86 109 102 108 104 90 58 79 91 101 99 47 114 118 113 119 88 77 111 112 106 115 116 120 121 0 0 0 0 0 0 0 0 0 0 0 0 0 0 0 0 0 0 0 0 0 0 0 0 0 1 1 0 0 0 0 0 0 0 0 0 0 0 0 0 0 0 0 0 0 0 0 0 0 0 1 0 0 0 0 0 0 0 0 1 1 0 0 0 0 0 0 0 0 0 0 0 0 0 0 0 0 0 0 0 0 1 0 0 0 0 0 0 0 0 0 1 0 0 0 0 0 0 0 0 0 0 0 0 0 0 0 0 0 0 0 1 0 0 0 0 0 0 0 0 0 0
0 1 11 19 13 31 3 7 64 8 2 4 16 12 65 22 15 9 18 82 33 27 59 5 25 54 14 34 20 52 68 47 103 63 28 45 30 29 69 61 26 50 38 66 43 75 23 37 6 46 71 94 41 10 17 24 32 57 95 72 39 105 60 35 53 108 77 67 78 81 92 74 36 93 87 83 42 44 70 21 76 96 56 40 55 48 98 51 100 110 49 85 58 111 109 79 62 89 112 80 102 73 97 86 91 117 88 104 84 114 113 107 99 118 90 119 101 106 115 116 120 121 0 0 0 0 0 0 0 0 0 0 0 0 0 0 0 0 0 0 0 0 0 0 0 0 0 0 1 0 1 0 0 1 0 0 0 0 0 0 0 0 0 0 0 0 0 0 0 0 0 0 0 0 0 1 0 0 1 1 0 0 0 0 0 0 0 0 0 0 0 0 0 0 1 0 0 0 0 1 0 0 1 0 0 0 1 0 0 1 0 0 0 0 0 0 1 0 0 0 1 0 0 0 0 0 0 0 0 1 1 0 1 1 0 1 0 0 0 0 0 0 0 0
0 1 64 2 9 5 4 3 12 52 8 7 6 11 16 23 25 15 13 19 14 21 75 38 37 46 71 29 50 24 20 59 96 84 107 27 45 55 68 100 10 43 17 31 58 22 36 41 34 18 83 28 33 47 26 39 69 79 54 77 103 30 65 74 63 32 105 53 87 35 94 82 72 61 108 60 66 78 44 95 81 70 56 57 98 67 92 93 117 110 40 111 42 76 89 48 51 99 62 88 73 85 118 90 101 86 91 49 109 97 112 113 80 106 102 115 116 120 104 114 119 121 0 0 0 0 0 0 0 0 0 0 0 0 0 0 0 0 0 0 0 0 0 0 0 0 0 1 0 0 0 0 0 1 1 0 0 0 0 0 0 0 1 1 0 0 0 0 0 0 0 0 0 0 0 0 0 0 0 0 0 0 0 0 0 0 0 0 0 0 0 0 0 0 0 0 0 0 0 1 0 0 0 1 0 0 0 0 0 0 0 0 0 0 0 1 0 0 0 0 0 0 0 0 0 1 0 0 1 0 0 0 0 0 0 0 0 0 1 0 0 0 0 0
0 1 64 2 9 5 4 3 12 52 8 7 6 11 16 23 25 15 13 19 14 21 75 38 37 46 71 29 50 24 20 59 96 84 107 27 45 55 68 100 10 43 17 31 58 22 36 41 34 18 83 28 33 47 26 39 69 79 54 77 103 30 65 74 63 32 105 53 87 35 94 82 72 61 108 60 66 78 44 95 81 70 56 57 98 67 92 93 117 110 40 111 42 76 89 48 51 99 62 88 73 85 118 90 101 86 91 49 109 97 112 113 80 106 102 115 116 120 104 114 119 121 0 0 0 0 0 0 0 0 0 0 0 0 0 0 0 0 0 0 0 0 0 0 0 0 0 1 0 0 0 0 0 1 1 0 0 0 0 0 0 0 1 1 0 0 0 0 0 0 0 0 0 0 0 0 0 0 0 0 0 0 0 0 0 0 0 0 0 0 0 0 0 0 0 0 0 0 0 1 0 0 0 1 0 0 0 0 0 0 0 0 0 0 0 1 0 0 0 0 0 0 0 0 0 1 0 0 1 0 0 0 0 0 0 0 0 0 1 0 0 0 0 0
0 1 11 19 13 31 3 7 64 8 2 4 16 12 65 22 15 9 18 82 33 27 59 5 25 54 14 34 20 52 68 47 103 63 28 45 30 29 69 61 26 50 38 66 43 75 23 37 6 46 71 94 41 10 17 24 32 57 95 72 39 105 60 35 53 108 77 67 78 81 92 74 36 93 87 83 42 44 70 21 76 96 56 40 55 48 98 51 100 110 49 85 58 111 109 79 62 89 112 80 102 73 97 86 91 117 88 104 84 114 113 107 99 118 90 119 101 106 115 116 120 121 0 0 0 0 0 0 0 0 0 0 0 0 0 0 0 0 0 0 0 0 0 0 0 0 0 0 1 0 1 0 0 1 0 0 0 0 0 0 0 0 0 0 0 0 0 0 0 0 0 0 0 0 0 1 0 0 1 1 0 0 0 0 0 0 0 0 0 0 0 0 0 0 1 0 0 0 0 1 0 0 1 0 0 0 1 0 0 1 0 0 0 0 0 0 1 0 0 0 1 0 0 0 0 0 0 0 0 1 1 0 1 1 0 1 0 0 0 0 0 0 0 0
0 3 2 7 14 22 8 5 15 27 4 59 21 55 12 29 28 34 41 6 26 96 37 20 1 25 71 10 43 17 11 32 36 19 75 58 16 38 23 44 50 60 40 24 46 35 13 39 63 45 68 9 69 56 67 33 64 30 70 103 52 57 65 31 95 105 47 84 77 108 83 100 54 94 61 98 72 93 66 53 87 89 74 79 88 18 42 48 49 76 78 51 62 81 107 73 90 82 101 110 106 80 97 85 86 109 113 117 111 91 112 115 102 92 99 118 104 114 119 116 120 121 0 0 0 0 0 0 0 0 0 0 0 0 0 0 0 0 0 0 0 0 0 0 0 0 0 0 0 0 0 0 0 0 0 0 0 0 0 1 0 0 1 1 0 0 0 0 0 0 0 0 0 0 0 0 0 0 0 0 0 0 0 0 0 0 0 0 0 0 0 0 0 0 0 0 0 0 0 0 0 0 0 0 0 0 0 0 0 0 0 0 0 1 0 0 0 0 0 0 0 0 0 0 0 0 0 0 0 0 0 0 1 0 0 0 0 0 0 1 0 0 0 0
0 3 2 7 14 22 8 5 15 27 4 59 21 55 12 29 28 34 41 6 26 96 37 20 1 25 71 10 43 17 11 32 36 19 75 58 16 38 23 44 50 60 40 24 46 35 13 39 63 45 68 9 69 56 67 33 64 30 70 103 52 57 65 31 95 105 47 84 77 108 83 100 54 94 61 98 72 93 66 53 87 89 74 79 88 18 42 48 49 76 78 51 62 81 107 73 90 82 101 110 106 80 97 85 86 109 113 117 111 91 112 115 102 92 99 118 104 114 119 116 120 121 0 0 0 0 0 0 0 0 0 0 0 0 0 0 0 0 0 0 0 0 0 0 0 0 0 0 0 0 0 0 0 0 0 0 0 0 0 1 0 0 1 1 0 0 0 0 0 0 0 0 0 0 0 0 0 0 0 0 0 0 0 0 0 0 0 0 0 0 0 0 0 0 0 0 0 0 0 0 0 0 0 0 0 0 0 0 0 0 0 0 0 1 0 0 0 0 0 0 0 0 0 0 0 0 0 0 0 0 0 0 1 0 0 0 0 0 0 1 0 0 0 0
0 3 2 7 14 22 8 5 15 27 4 59 21 55 12 29 28 34 41 6 26 96 37 20 1 25 71 10 43 17 11 32 36 19 75 58 16 38 23 44 50 60 40 24 46 35 13 39 63 45 68 9 69 56 67 33 64 30 70 103 52 57 65 31 95 105 47 84 77 108 83 100 54 94 61 98 72 93 66 53 87 89 74 79 88 18 42 48 49 76 78 51 62 81 107 73 90 82 101 110 106 80 97 85 86 109 113 117 111 91 112 115 102 92 99 118 104 114 119 116 120 121 0 0 0 0 0 0 0 0 0 0 0 0 0 0 0 0 0 0 0 0 0 0 0 0 0 0 0 0 0 0 0 0 0 0 0 0 0 1 0 0 1 1 0 0 0 0 0 0 0 0 0 0 0 0 0 0 0 0 0 0 0 0 0 0 0 0 0 0 0 0 0 0 0 0 0 0 0 0 0 0 0 0 0 0 0 0 0 0 0 0 0 1 0 0 0 0 0 0 0 0 0 0 0 0 0 0 0 0 0 0 1 0 0 0 0 0 0 1 0 0 0 0
0 2 9 1 52 4 25 11 13 31 19 5 75 33 3 37 6 16 10 17 7 50 12 20 14 23 71 46 83 22 65 29 18 24 32 82 21 35 8 96 38 59 68 44 28 55 42 76 84 45 39 58 54 57 79 70 61 43 40 41 74 103 72 85 48 105 56 69 53 60 100 67 93 80 26 94 51 117 110 88 64 66 49 78 109 34 15 112 62 92 30 81 47 73 27 90 101 95 77 106 91 97 98 63 111 108 107 113 87 102 36 89 86 104 115 114 116 120 119 99 118 121 0 0 0 0 0 0 0 0 0 0 0 0 0 0 0 0 0 0 0 0 0 0 0 0 0 0 1 0 0 0 0 0 0 0 0 0 0 0 0 0 0 0 0 0 0 0 0 0 0 0 0 0 0 0 0 0 0 0 0 0 0 0 0 0 0 0 0 0 0 1 0 0 0 0 0 0 0 0 0 0 0 0 0 0 0 0 0 0 0 0 0 0 0 0 0 0 0 0 0 0 0 0 0 0 0 0 0 0 0 0 0 0 0 0 0 0 0 0 0 0 0 0
0 2 4 1 9 3 64 5 11 25 7 12 8 6 22 20 14 19 52 29 16 15 26 10 13 21 17 41 31 33 59 45 74 37 55 28 54 38 18 27 58 30 53 61 23 87 71 24 36 60 95 79 50 65 39 98 100 68 34 83 84 89 43 107 105 63 46 75 88 47 77 111 108 96 57 66 69 94 56 103 32 40 82 110 44 72 67 92 78 99 35 93 81 117 70 80 42 118 102 76 85 48 91 49 51 62 109 73 90 101 86 97 113 112 106 115 116 120 104 114 119 121 0 0 0 0 0 0 0 0 0 0 0 0 0 0 0 0 0 0 0 0 0 0 0 0 0 0 0 0 0 0 0 0 1 0 0 0 0 0 0 0 0 0 0 0 0 0 0 0 0 0 0 0 0 0 0 0 0 0 0 1 0 0 0 1 0 0 0 0 0 0 0 0 0 0 1 0 0 0 0 0 0 1 0 0 0 0 0 1 0 0 0 0 0 0 0 0 0 0 0 0 0 0 0 0 0 0 0 0 0 0 0 0 0 0 0 0 0 0 0 0 0 0
0 2 3 1 11 5 16 13 37 23 20 6 4 50 10 19 33 7 45 12 9 59 68 71 8 25 14 38 69 17 94 32 72 35 43 65 21 22 29 64 24 105 52 44 103 46 100 57 60 31 18 75 41 83 96 67 92 54 61 82 15 66 34 26 56 93 53 70 80 42 84 28 110 30 87 55 58 27 95 98 63 36 89 107 74 79 47 48 78 51 117 108 99 76 85 118 102 49 81 77 91 109 111 112 40 62 39 88 73 97 90 113 86 104 101 106 114 119 115 116 120 121 0 0 0 0 0 0 0 0 0 0 0 1 0 0 0 0 0 0 0 0 0 0 0 0 0 1 1 0 0 0 0 0 0 0 0 0 0 0 0 0 0 0 0 0 1 0 0 0 0 0 0 0 0 0 0 0 0 0 0 0 0 0 0 1 0 0 0 0 0 0 0 0 0 0 0 0 0 0 0 0 0 0 0 0 0 0 1 0 0 0 0 0 1 0 0 0 0 0 0 0 0 0 0 0 0 0 0 0 0 0 0 0 0 1 0 0 0 0 0 0 0 0
0 3 1 2 64 8 5 11 4 15 12 16 37 6 25 20 13 7 65 19 22 26 9 33 23 46 45 56 52 10 28 24 18 84 50 14 59 71 38 17 30 29 21 31 105 60 53 39 67 92 95 34 69 32 47 87 96 44 54 94 83 70 61 75 57 35 55 72 58 63 107 43 68 98 40 79 89 100 82 77 93 88 27 117 36 80 103 99 42 110 66 48 41 51 74 78 81 108 102 76 85 49 91 109 111 62 73 86 118 90 97 113 112 104 101 114 119 106 115 116 120 121 0 0 0 0 0 0 0 0 0 0 0 0 1 0 0 0 0 0 0 0 0 0 0 0 0 0 0 1 0 1 0 0 0 0 0 0 0 0 0 0 0 0 0 0 0 0 0 0 0 0 0 0 0 0 0 0 1 0 0 0 0 0 0 1 0 0 0 0 0 0 0 0 0 0 0 0 0 0 0 0 0 0 0 0 0 0 0 1 0 0 0 0 0 0 0 0 0 1 0 0 0 0 0 0 0 0 0 0 0 0 0 0 0 0 0 0 0 0 0 0 0 0
0 2 4 1 9 3 64 5 11 25 7 12 8 6 22 20 14 19 52 29 16 15 26 10 13 21 17 41 31 33 59 45 74 37 55 28 54 38 18 27 58 30 53 61 23 87 71 24 36 60 95 79 50 65 39 98 100 68 34 83 84 89 43 107 105 63 46 75 88 47 77 111 108 96 57 66 69 94 56 103 32 40 82 110 44 72 67 92 78 99 35 93 81 117 70 80 42 118 102 76 85 48 91 49 51 62 109 73 90 101 86 97 113 112 106 115 116 120 104 114 119 121 0 0 0 0 0 0 0 0 0 0 0 0 0 0 0 0 0 0 0 0 0 0 0 0 0 0 0 0 0 0 0 0 1 0 0 0 0 0 0 0 0 0 0 0 0 0 0 0 0 0 0 0 0 0 0 0 0 0 0 1 0 0 0 1 0 0 0 0 0 0 0 0 0 0 1 0 0 0 0 0 0 1 0 0 0 0 0 1 0 0 0 0 0 0 0 0 0 0 0 0 0 0 0 0 0 0 0 0 0 0 0 0 0 0 0 0 0 0 0 0 0 0
0 2 3 1 11 5 16 13 37 23 20 6 4 50 10 19 33 7 45 12 9 59 68 71 8 25 14 38 69 17 94 32 72 35 43 65 21 22 29 64 24 105 52 44 103 46 100 57 60 31 18 75 41 83 96 67 92 54 61 82 15 66 34 26 56 93 53 70 80 42 84 28 110 30 87 55 58 27 95 98 63 36 89 107 74 79 47 48 78 51 117 108 99 76 85 118 102 49 81 77 91 109 111 112 40 62 39 88 73 97 90 113 86 104 101 106 114 119 115 116 120 121 0 0 0 0 0 0 0 0 0 0 0 1 0 0 0 0 0 0 0 0 0 0 0 0 0 1 1 0 0 0 0 0 0 0 0 0 0 0 0 0 0 0 0 0 1 0 0 0 0 0 0 0 0 0 0 0 0 0 0 0 0 0 0 1 0 0 0 0 0 0 0 0 0 0 0 0 0 0 0 0 0 0 0 0 0 0 1 0 0 0 0 0 1 0 0 0 0 0 0 0 0 0 0 0 0 0 0 0 0 0 0 0 0 1 0 0 0 0 0 0 0 0
0 2 4 1 9 3 64 5 11 25 7 12 8 6 22 20 14 19 52 29 16 15 26 10 13 21 17 41 31 33 59 45 74 37 55 28 54 38 18 27 58 30 53 61 23 87 71 24 36 60 95 79 50 65 39 98 100 68 34 83 84 89 43 107 105 63 46 75 88 47 77 111 108 96 57 66 69 94 56 103 32 40 82 110 44 72 67 92 78 99 35 93 81 117 70 80 42 118 102 76 85 48 91 49 51 62 109 73 90 101 86 97 113 112 106 115 116 120 104 114 119 121 0 0 0 0 0 0 0 0 0 0 0 0 0 0 0 0 0 0 0 0 0 0 0 0 0 0 0 0 0 0 0 0 1 0 0 0 0 0 0 0 0 0 0 0 0 0 0 0 0 0 0 0 0 0 0 0 0 0 0 1 0 0 0 1 0 0 0 0 0 0 0 0 0 0 1 0 0 0 0 0 0 1 0 0 0 0 0 1 0 0 0 0 0 0 0 0 0 0 0 0 0 0 0 0 0 0 0 0 0 0 0 0 0 0 0 0 0 0 0 0 0 0
0 2 3 1 11 5 16 13 37 23 20 6 4 50 10 19 33 7 45 12 9 59 68 71 8 25 14 38 69 17 94 32 72 35 43 65 21 22 29 64 24 105 52 44 103 46 100 57 60 31 18 75 41 83 96 67 92 54 61 82 15 66 34 26 56 93 53 70 80 42 84 28 110 30 87 55 58 27 95 98 63 36 89 107 74 79 47 48 78 51 117 108 99 76 85 118 102 49 81 77 91 109 111 112 40 62 39 88 73 97 90 113 86 104 101 106 114 119 115 116 120 121 0 0 0 0 0 0 0 0 0 0 0 1 0 0 0 0 0 0 0 0 0 0 0 0 0 1 1 0 0 0 0 0 0 0 0 0 0 0 0 0 0 0 0 0 1 0 0 0 0 0 0 0 0 0 0 0 0 0 0 0 0 0 0 1 0 0 0 0 0 0 0 0 0 0 0 0 0 0 0 0 0 0 0 0 0 0 1 0 0 0 0 0 1 0 0 0 0 0 0 0 0 0 0 0 0 0 0 0 0 0 0 0 0 1 0 0 0 0 0 0 0 0
0 2 3 1 11 5 16 13 37 23 20 6 4 50 10 19 33 7 45 12 9 59 68 71 8 25 14 38 69 17 94 32 72 35 43 65 21 22 29 64 24 105 52 44 103 46 100 57 60 31 18 75 41 83 96 67 92 54 61 82 15 66 34 26 56 93 53 70 80 42 84 28 110 30 87 55 58 27 95 98 63 36 89 107 74 79 47 48 78 51 117 108 99 76 85 118 102 49 81 77 91 109 111 112 40 62 39 88 73 97 90 113 86 104 101 106 114 119 115 116 120 121 0 0 0 0 0 0 0 0 0 0 0 1 0 0 0 0 0 0 0 0 0 0 0 0 0 1 1 0 0 0 0 0 0 0 0 0 0 0 0 0 0 0 0 0 1 0 0 0 0 0 0 0 0 0 0 0 0 0 0 0 0 0 0 1 0 0 0 0 0 0 0 0 0 0 0 0 0 0 0 0 0 0 0 0 0 0 1 0 0 0 0 0 1 0 0 0 0 0 0 0 0 0 0 0 0 0 0 0 0 0 0 0 0 1 0 0 0 0 0 0 0 0
0 3 1 2 64 8 5 11 4 15 12 16 37 6 25 20 13 7 65 19 22 26 9 33 23 46 45 56 52 10 28 24 18 84 50 14 59 71 38 17 30 29 21 31 105 60 53 39 67 92 95 34 69 32 47 87 96 44 54 94 83 70 61 75 57 35 55 72 58 63 107 43 68 98 40 79 89 100 82 77 93 88 27 117 36 80 103 99 42 110 66 48 41 51 74 78 81 108 102 76 85 49 91 109 111 62 73 86 118 90 97 113 112 104 101 114 119 106 115 116 120 121 0 0 0 0 0 0 0 0 0 0 0 0 1 0 0 0 0 0 0 0 0 0 0 0 0 0 0 1 0 1 0 0 0 0 0 0 0 0 0 0 0 0 0 0 0 0 0 0 0 0 0 0 0 0 0 0 1 0 0 0 0 0 0 1 0 0 0 0 0 0 0 0 0 0 0 0 0 0 0 0 0 0 0 0 0 0 0 1 0 0 0 0 0 0 0 0 0 1 0 0 0 0 0 0 0 0 0 0 0 0 0 0 0 0 0 0 0 0 0 0 0 0
0 2 9 1 52 4 25 11 13 31 19 5 75 33 3 37 6 16 10 17 7 50 12 20 14 23 71 46 83 22 65 29 18 24 32 82 21 35 8 96 38 59 68 44 28 55 42 76 84 45 39 58 54 57 79 70 61 43 40 41 74 103 72 85 48 105 56 69 53 60 100 67 93 80 26 94 51 117 110 88 64 66 49 78 109 34 15 112 62 92 30 81 47 73 27 90 101 95 77 106 91 97 98 63 111 108 107 113 87 102 36 89 86 104 115 114 116 120 119 99 118 121 0 0 0 0 0 0 0 0 0 0 0 0 0 0 0 0 0 0 0 0 0 0 0 0 0 0 1 0 0 0 0 0 0 0 0 0 0 0 0 0 0 0 0 0 0 0 0 0 0 0 0 0 0 0 0 0 0 0 0 0 0 0 0 0 0 0 0 0 0 1 0 0 0 0 0 0 0 0 0 0 0 0 0 0 0 0 0 0 0 0 0 0 0 0 0 0 0 0 0 0 0 0 0 0 0 0 0 0 0 0 0 0 0 0 0 0 0 0 0 0 0 0
0 1 3 2 5 11 8 7 19 14 13 20 12 4 15 45 33 38 31 27 9 75 25 22 28 16 68 29 37 30 71 52 59 39 65 105 41 53 18 64 6 54 87 69 61 21 34 55 103 26 74 23 10 17 43 24 95 94 82 84 46 32 96 100 50 58 98 47 57 63 66 89 60 79 44 72 35 108 83 70 42 56 93 40 117 107 78 80 81 77 111 48 36 88 76 110 85 67 92 91 102 99 51 118 49 62 109 73 86 104 90 101 106 114 115 97 112 113 119 116 120 121 0 0 0 0 0 0 1 0 0 0 0 0 0 0 0 0 0 0 0 0 0 0 0 0 0 0 0 0 0 0 0 0 0 0 0 0 0 0 0 0 0 0 0 0 0 0 0 0 0 0 0 0 0 0 0 0 0 0 0 1 0 0 0 0 0 0 0 0 0 0 0 0 0 0 0 0 0 0 0 0 0 1 0 0 0 0 0 0 0 0 0 0 0 1 0 0 0 0 0 0 0 0 0 0 0 0 0 0 0 0 0 0 0 0 0 0 0 0 0 0 0 0
0 1 11 13 33 3 64 7 12 59 22 28 2 14 21 54 34 26 9 4 16 23 5 61 25 20 45 68 69 55 29 6 10 65 19 24 52 41 43 103 75 38 39 100 84 53 50 17 8 30 95 87 63 89 18 105 107 108 74 31 82 47 98 56 72 77 37 71 46 57 15 66 78 27 60 93 111 58 110 81 36 83 94 32 117 96 35 44 42 76 67 70 48 80 79 49 92 109 51 102 40 99 62 73 90 88 85 91 118 86 97 112 104 101 106 113 115 116 120 114 119 121 0 0 0 0 0 0 0 0 0 0 0 0 0 0 0 0 0 0 0 0 0 0 0 0 0 0 0 0 0 0 0 0 0 0 0 0 0 0 0 0 0 0 0 0 0 0 0 0 0 0 0 0 0 0 0 0 0 0 0 0 0 0 0 1 0 0 1 0 0 0 0 0 0 0 0 0 0 0 0 0 0 0 0 0 1 1 0 0 0 0 0 0 0 0 0 0 0 1 0 0 0 0 1 0 0 0 0 0 1 0 0 1 0 0 0 0 0 0 0 0 0 0
0 1 3 2 5 11 8 7 19 14 13 20 12 4 15 45 33 38 31 27 9 75 25 22 28 16 68 29 37 30 71 52 59 39 65 105 41 53 18 64 6 54 87 69 61 21 34 55 103 26 74 23 10 17 43 24 95 94 82 84 46 32 96 100 50 58 98 47 57 63 66 89 60 79 44 72 35 108 83 70 42 56 93 40 117 107 78 80 81 77 111 48 36 88 76 110 85 67 92 91 102 99 51 118 49 62 109 73 86 104 90 101 106 114 115 97 112 113 119 116 120 121 0 0 0 0 0 0 1 0 0 0 0 0 0 0 0 0 0 0 0 0 0 0 0 0 0 0 0 0 0 0 0 0 0 0 0 0 0 0 0 0 0 0 0 0 0 0 0 0 0 0 0 0 0 0 0 0 0 0 0 1 0 0 0 0 0 0 0 0 0 0 0 0 0 0 0 0 0 0 0 0 0 1 0 0 0 0 0 0 0 0 0 0 0 1 0 0 0 0 0 0 0 0 0 0 0 0 0 0 0 0 0 0 0 0 0 0 0 0 0 0 0 0
0 1 11 13 33 3 64 7 12 59 22 28 2 14 21 54 34 26 9 4 16 23 5 61 25 20 45 68 69 55 29 6 10 65 19 24 52 41 43 103 75 38 39 100 84 53 50 17 8 30 95 87 63 89 18 105 107 108 74 31 82 47 98 56 72 77 37 71 46 57 15 66 78 27 60 93 111 58 110 81 36 83 94 32 117 96 35 44 42 76 67 70 48 80 79 49 92 109 51 102 40 99 62 73 90 88 85 91 118 86 97 112 104 101 106 113 115 116 120 114 119 121 0 0 0 0 0 0 0 0 0 0 0 0 0 0 0 0 0 0 0 0 0 0 0 0 0 0 0 0 0 0 0 0 0 0 0 0 0 0 0 0 0 0 0 0 0 0 0 0 0 0 0 0 0 0 0 0 0 0 0 0 0 0 0 1 0 0 1 0 0 0 0 0 0 0 0 0 0 0 0 0 0 0 0 0 1 1 0 0 0 0 0 0 0 0 0 0 0 1 0 0 0 0 1 0 0 0 0 0 1 0 0 1 0 0 0 0 0 0 0 0 0 0
0 1 64 3 12 11 19 8 2 7 4 15 25 59 13 22 9 14 16 34 50 5 28 18 23 29 33 82 20 24 63 84 37 6 41 68 54 38 27 100 31 46 10 17 52 65 60 53 87 74 32 103 30 105 47 108 36 57 45 71 61 95 72 110 93 75 40 26 39 67 21 55 58 83 92 77 79 88 69 96 56 89 43 98 35 44 42 70 48 80 66 94 51 76 62 102 78 117 81 73 90 85 99 111 101 97 107 91 49 106 113 109 118 112 115 86 104 116 114 120 119 121 0 0 0 0 0 0 0 0 0 0 0 0 0 0 0 0 0 0 0 0 0 0 0 0 0 0 0 0 0 1 0 0 0 0 0 0 0 0 0 0 0 0 0 0 0 1 0 0 1 0 0 0 0 0 0 0 1 1 0 0 0 0 0 0 0 0 0 0 0 0 0 0 0 0 0 0 0 0 0 0 0 1 0 0 0 0 1 0 0 1 0 0 0 0 0 0 1 0 0 0 0 1 0 0 0 0 0 0 0 0 0 0 0 0 0 0 0 0 0 0 0 0
0 2 9 3 7 12 8 52 1 22 14 59 21 55 38 4 64 43 5 53 29 15 58 20 27 28 30 25 68 103 87 95 39 41 45 26 69 11 37 89 6 98 36 13 71 46 16 10 74 23 33 96 31 34 18 79 47 19 77 57 56 50 65 54 82 17 63 60 61 67 32 24 92 94 75 72 35 105 44 93 100 83 84 88 107 66 110 70 80 40 78 42 117 48 49 51 99 81 109 62 76 112 108 111 73 86 97 113 118 85 90 102 101 106 115 91 116 120 104 114 119 121 0 0 0 0 0 0 0 0 0 0 0 0 0 0 0 0 0 0 0 1 0 0 0 0 0 1 0 0 0 0 0 0 0 0 0 0 0 0 0 0 0 0 0 1 0 0 0 0 0 0 0 0 0 0 0 0 1 0 0 0 0 0 0 0 0 0 0 0 0 0 0 0 0 0 0 0 0 0 1 0 0 0 0 0 0 0 0 0 0 0 0 0 1 0 0 0 1 0 0 1 0 0 0 0 0 0 0 0 1 0 0 0 0 0 0 0 0 0 0 0 1 0
0 3 2 4 12 5 9 37 8 25 6 20 52 68 43 1 11 19 75 46 16 50 45 13 65 15 71 56 10 64 17 31 7 23 33 22 26 24 54 34 61 32 69 47 28 60 35 83 44 14 38 67 42 48 57 94 66 59 77 40 70 27 53 29 49 109 18 72 63 51 105 78 82 100 41 21 30 95 110 92 103 84 93 107 98 76 108 55 58 74 96 117 79 80 102 88 36 62 81 85 111 39 87 73 91 97 89 99 118 86 104 90 101 106 115 112 116 120 113 114 119 121 0 0 0 0 0 0 0 0 0 0 0 0 0 0 0 0 0 0 0 0 0 0 0 0 0 0 1 0 0 0 0 0 0 0 0 0 0 0 0 1 1 1 0 0 0 0 0 0 0 0 0 1 0 0 0 0 0 0 0 0 0 0 0 0 0 0 0 0 1 0 0 0 1 0 0 0 0 0 0 0 0 0 0 0 0 0 0 0 1 0 0 0 0 0 1 0 0 0 0 0 0 0 0 0 0 0 1 0 0 0 0 0 0 1 0 0 0 0 0 0 0 0
0 2 9 3 7 12 8 52 1 22 14 59 21 55 38 4 64 43 5 53 29 15 58 20 27 28 30 25 68 103 87 95 39 41 45 26 69 11 37 89 6 98 36 13 71 46 16 10 74 23 33 96 31 34 18 79 47 19 77 57 56 50 65 54 82 17 63 60 61 67 32 24 92 94 75 72 35 105 44 93 100 83 84 88 107 66 110 70 80 40 78 42 117 48 49 51 99 81 109 62 76 112 108 111 73 86 97 113 118 85 90 102 101 106 115 91 116 120 104 114 119 121 0 0 0 0 0 0 0 0 0 0 0 0 0 0 0 0 0 0 0 1 0 0 0 0 0 1 0 0 0 0 0 0 0 0 0 0 0 0 0 0 0 0 0 1 0 0 0 0 0 0 0 0 0 0 0 0 1 0 0 0 0 0 0 0 0 0 0 0 0 0 0 0 0 0 0 0 0 0 1 0 0 0 0 0 0 0 0 0 0 0 0 0 1 0 0 0 1 0 0 1 0 0 0 0 0 0 0 0 1 0 0 0 0 0 0 0 0 0 0 0 1 0
0 1 64 3 12 11 19 8 2 7 4 15 25 59 13 22 9 14 16 34 50 5 28 18 23 29 33 82 20 24 63 84 37 6 41 68 54 38 27 100 31 46 10 17 52 65 60 53 87 74 32 103 30 105 47 108 36 57 45 71 61 95 72 110 93 75 40 26 39 67 21 55 58 83 92 77 79 88 69 96 56 89 43 98 35 44 42 70 48 80 66 94 51 76 62 102 78 117 81 73 90 85 99 111 101 97 107 91 49 106 113 109 118 112 115 86 104 116 114 120 119 121 0 0 0 0 0 0 0 0 0 0 0 0 0 0 0 0 0 0 0 0 0 0 0 0 0 0 0 0 0 1 0 0 0 0 0 0 0 0 0 0 0 0 0 0 0 1 0 0 1 0 0 0 0 0 0 0 1 1 0 0 0 0 0 0 0 0 0 0 0 0 0 0 0 0 0 0 0 0 0 0 0 1 0 0 0 0 1 0 0 1 0 0 0 0 0 0 1 0 0 0 0 1 0 0 0 0 0 0 0 0 0 0 0 0 0 0 0 0 0 0 0 0
0 3 2 4 12 5 9 37 8 25 6 20 52 68 43 1 11 19 75 46 16 50 45 13 65 15 71 56 10 64 17 31 7 23 33 22 26 24 54 34 61 32 69 47 28 60 35 83 44 14 38 67 42 48 57 94 66 59 77 40 70 27 53 29 49 109 18 72 63 51 105 78 82 100 41 21 30 95 110 92 103 84 93 107 98 76 108 55 58 74 96 117 79 80 102 88 36 62 81 85 111 39 87 73 91 97 89 99 118 86 104 90 101 106 115 112 116 120 113 114 119 121 0 0 0 0 0 0 0 0 0 0 0 0 0 0 0 0 0 0 0 0 0 0 0 0 0 0 1 0 0 0 0 0 0 0 0 0 0 0 0 1 1 1 0 0 0 0 0 0 0 0 0 1 0 0 0 0 0 0 0 0 0 0 0 0 0 0 0 0 1 0 0 0 1 0 0 0 0 0 0 0 0 0 0 0 0 0 0 0 1 0 0 0 0 0 1 0 0 0 0 0 0 0 0 0 0 0 1 0 0 0 0 0 0 1 0 0 0 0 0 0 0 0
0 2 9 3 7 12 8 52 1 22 14 59 21 55 38 4 64 43 5 53 29 15 58 20 27 28 30 25 68 103 87 95 39 41 45 26 69 11 37 89 6 98 36 13 71 46 16 10 74 23 33 96 31 34 18 79 47 19 77 57 56 50 65 54 82 17 63 60 61 67 32 24 92 94 75 72 35 105 44 93 100 83 84 88 107 66 110 70 80 40 78 42 117 48 49 51 99 81 109 62 76 112 108 111 73 86 97 113 118 85 90 102 101 106 115 91 116 120 104 114 119 121 0 0 0 0 0 0 0 0 0 0 0 0 0 0 0 0 0 0 0 1 0 0 0 0 0 1 0 0 0 0 0 0 0 0 0 0 0 0 0 0 0 0 0 1 0 0 0 0 0 0 0 0 0 0 0 0 1 0 0 0 0 0 0 0 0 0 0 0 0 0 0 0 0 0 0 0 0 0 1 0 0 0 0 0 0 0 0 0 0 0 0 0 1 0 0 0 1 0 0 1 0 0 0 0 0 0 0 0 1 0 0 0 0 0 0 0 0 0 0 0 1 0
0 2 9 3 7 12 8 52 1 22 14 59 21 55 38 4 64 43 5 53 29 15 58 20 27 28 30 25 68 103 87 95 39 41 45 26 69 11 37 89 6 98 36 13 71 46 16 10 74 23 33 96 31 34 18 79 47 19 77 57 56 50 65 54 82 17 63 60 61 67 32 24 92 94 75 72 35 105 44 93 100 83 84 88 107 66 110 70 80 40 78 42 117 48 49 51 99 81 109 62 76 112 108 111 73 86 97 113 118 85 90 102 101 106 115 91 116 120 104 114 119 121 0 0 0 0 0 0 0 0 0 0 0 0 0 0 0 0 0 0 0 1 0 0 0 0 0 1 0 0 0 0 0 0 0 0 0 0 0 0 0 0 0 0 0 1 0 0 0 0 0 0 0 0 0 0 0 0 1 0 0 0 0 0 0 0 0 0 0 0 0 0 0 0 0 0 0 0 0 0 1 0 0 0 0 0 0 0 0 0 0 0 0 0 1 0 0 0 1 0 0 1 0 0 0 0 0 0 0 0 1 0 0 0 0 0 0 0 0 0 0 0 1 0
0 3 2 4 12 5 9 37 8 25 6 20 52 68 43 1 11 19 75 46 16 50 45 13 65 15 71 56 10 64 17 31 7 23 33 22 26 24 54 34 61 32 69 47 28 60 35 83 44 14 38 67 42 48 57 94 66 59 77 40 70 27 53 29 49 109 18 72 63 51 105 78 82 100 41 21 30 95 110 92 103 84 93 107 98 76 108 55 58 74 96 117 79 80 102 88 36 62 81 85 111 39 87 73 91 97 89 99 118 86 104 90 101 106 115 112 116 120 113 114 119 121 0 0 0 0 0 0 0 0 0 0 0 0 0 0 0 0 0 0 0 0 0 0 0 0 0 0 1 0 0 0 0 0 0 0 0 0 0 0 0 1 1 1 0 0 0 0 0 0 0 0 0 1 0 0 0 0 0 0 0 0 0 0 0 0 0 0 0 0 1 0 0 0 1 0 0 0 0 0 0 0 0 0 0 0 0 0 0 0 1 0 0 0 0 0 1 0 0 0 0 0 0 0 0 0 0 0 1 0 0 0 0 0 0 1 0 0 0 0 0 0 0 0
0 3 2 4 12 5 9 37 8 25 6 20 52 68 43 1 11 19 75 46 16 50 45 13 65 15 71 56 10 64 17 31 7 23 33 22 26 24 54 34 61 32 69 47 28 60 35 83 44 14 38 67 42 48 57 94 66 59 77 40 70 27 53 29 49 109 18 72 63 51 105 78 82 100 41 21 30 95 110 92 103 84 93 107 98 76 108 55 58 74 96 117 79 80 102 88 36 62 81 85 111 39 87 73 91 97 89 99 118 86 104 90 101 106 115 112 116 120 113 114 119 121 0 0 0 0 0 0 0 0 0 0 0 0 0 0 0 0 0 0 0 0 0 0 0 0 0 0 1 0 0 0 0 0 0 0 0 0 0 0 0 1 1 1 0 0 0 0 0 0 0 0 0 1 0 0 0 0 0 0 0 0 0 0 0 0 0 0 0 0 1 0 0 0 1 0 0 0 0 0 0 0 0 0 0 0 0 0 0 0 1 0 0 0 0 0 1 0 0 0 0 0 0 0 0 0 0 0 1 0 0 0 0 0 0 1 0 0 0 0 0 0 0 0
0 1 64 3 12 11 19 8 2 7 4 15 25 59 13 22 9 14 16 34 50 5 28 18 23 29 33 82 20 24 63 84 37 6 41 68 54 38 27 100 31 46 10 17 52 65 60 53 87 74 32 103 30 105 47 108 36 57 45 71 61 95 72 110 93 75 40 26 39 67 21 55 58 83 92 77 79 88 69 96 56 89 43 98 35 44 42 70 48 80 66 94 51 76 62 102 78 117 81 73 90 85 99 111 101 97 107 91 49 106 113 109 118 112 115 86 104 116 114 120 119 121 0 0 0 0 0 0 0 0 0 0 0 0 0 0 0 0 0 0 0 0 0 0 0 0 0 0 0 0 0 1 0 0 0 0 0 0 0 0 0 0 0 0 0 0 0 1 0 0 1 0 0 0 0 0 0 0 1 1 0 0 0 0 0 0 0 0 0 0 0 0 0 0 0 0 0 0 0 0 0 0 0 1 0 0 0 0 1 0 0 1 0 0 0 0 0 0 1 0 0 0 0 1 0 0 0 0 0 0 0 0 0 0 0 0 0 0 0 0 0 0 0 0
0 1 11 13 19 64 65 16 31 75 50 33 2 4 25 9 23 3 54 8 5 12 6 10 43 20 18 17 60 32 7 72 105 35 24 22 68 52 34 15 84 100 44 28 107 67 61 37 45 40 46 59 26 27 56 103 66 14 71 47 29 30 42 63 108 95 78 98 70 21 69 41 48 110 49 55 51 38 36 39 74 58 57 53 79 94 96 109 87 62 83 81 88 77 82 76 80 111 85 102 112 93 89 92 117 91 73 99 118 86 104 97 113 90 101 114 106 115 119 116 120 121 0 0 1 0 0 0 0 0 0 0 0 0 0 0 0 0 0 0 0 0 0 0 0 0 0 0 0 1 1 0 0 0 0 0 0 0 0 0 0 0 0 0 0 1 0 0 0 0 0 0 0 0 0 0 0 0 0 0 0 0 0 0 0 0 0 0 0 0 1 0 0 0 0 0 0 0 0 1 0 0 0 1 0 0 0 0 0 0 0 0 0 0 0 0 0 0 0 0 0 0 0 0 0 0 0 0 0 0 0 0 0 1 0 0 0 0 0 0 0 0 0 0
0 1 11 13 19 64 65 16 31 75 50 33 2 4 25 9 23 3 54 8 5 12 6 10 43 20 18 17 60 32 7 72 105 35 24 22 68 52 34 15 84 100 44 28 107 67 61 37 45 40 46 59 26 27 56 103 66 14 71 47 29 30 42 63 108 95 78 98 70 21 69 41 48 110 49 55 51 38 36 39 74 58 57 53 79 94 96 109 87 62 83 81 88 77 82 76 80 111 85 102 112 93 89 92 117 91 73 99 118 86 104 97 113 90 101 114 106 115 119 116 120 121 0 0 1 0 0 0 0 0 0 0 0 0 0 0 0 0 0 0 0 0 0 0 0 0 0 0 0 1 1 0 0 0 0 0 0 0 0 0 0 0 0 0 0 1 0 0 0 0 0 0 0 0 0 0 0 0 0 0 0 0 0 0 0 0 0 0 0 0 1 0 0 0 0 0 0 0 0 1 0 0 0 1 0 0 0 0 0 0 0 0 0 0 0 0 0 0 0 0 0 0 0 0 0 0 0 0 0 0 0 0 0 1 0 0 0 0 0 0 0 0 0 0
0 1 2 5 4 25 9 52 37 46 6 10 20 3 17 45 12 56 11 71 72 8 43 15 68 60 64 7 13 16 33 14 21 69 59 22 38 32 55 58 93 96 19 44 53 26 103 27 23 75 34 54 29 24 100 61 63 67 41 70 28 83 31 47 94 65 18 30 82 74 57 92 36 77 84 111 105 79 108 110 50 88 107 35 42 80 117 95 87 98 66 89 78 40 99 76 81 102 85 39 118 91 48 51 62 49 73 97 86 113 90 104 101 106 114 119 109 112 115 116 120 121 0 0 0 0 0 0 0 0 0 0 0 0 0 0 0 0 0 0 0 0 0 0 0 0 0 0 0 0 0 0 0 0 0 1 0 0 0 0 0 0 0 0 0 0 0 0 0 0 0 1 0 0 0 0 0 0 0 0 0 0 0 0 0 0 0 0 0 0 0 0 0 0 0 0 0 0 0 0 0 0 0 0 0 0 0 1 0 0 0 0 0 0 0 0 0 0 0 1 0 0 0 0 0 0 0 0 0 0 0 1 0 0 0 0 0 0 0 0 0 0 0 0
0 1 2 5 4 25 9 52 37 46 6 10 20 3 17 45 12 56 11 71 72 8 43 15 68 60 64 7 13 16 33 14 21 69 59 22 38 32 55 58 93 96 19 44 53 26 103 27 23 75 34 54 29 24 100 61 63 67 41 70 28 83 31 47 94 65 18 30 82 74 57 92 36 77 84 111 105 79 108 110 50 88 107 35 42 80 117 95 87 98 66 89 78 40 99 76 81 102 85 39 118 91 48 51 62 49 73 97 86 113 90 104 101 106 114 119 109 112 115 116 120 121 0 0 0 0 0 0 0 0 0 0 0 0 0 0 0 0 0 0 0 0 0 0 0 0 0 0 0 0 0 0 0 0 0 1 0 0 0 0 0 0 0 0 0 0 0 0 0 0 0 1 0 0 0 0 0 0 0 0 0 0 0 0 0 0 0 0 0 0 0 0 0 0 0 0 0 0 0 0 0 0 0 0 0 0 0 1 0 0 0 0 0 0 0 0 0 0 0 1 0 0 0 0 0 0 0 0 0 0 0 1 0 0 0 0 0 0 0 0 0 0 0 0
0 1 11 64 19 16 2 13 3 8 65 33 23 9 5 18 31 20 4 52 7 45 54 12 82 37 75 68 6 10 103 17 25 71 32 35 69 60 67 94 46 14 42 38 43 59 48 44 53 29 56 72 87 41 21 74 51 49 93 50 92 61 22 24 15 27 39 62 55 84 26 57 105 34 100 110 109 28 70 83 30 117 47 107 95 89 76 77 66 73 90 98 97 111 80 78 113 63 102 58 86 36 99 108 81 118 104 112 114 96 40 79 119 101 85 91 88 106 115 116 120 121 0 0 0 0 1 0 0 0 0 0 0 0 0 0 0 0 0 0 0 0 0 0 0 0 0 0 0 0 0 0 0 0 0 0 0 0 1 0 0 0 0 0 0 0 0 0 1 0 0 0 0 0 0 0 1 0 1 0 0 0 0 0 0 1 0 0 0 0 0 0 0 0 0 0 0 0 0 0 0 0 0 0 0 0 0 0 0 0 0 0 0 0 0 0 1 0 0 0 0 0 0 0 0 0 0 0 0 1 0 0 1 0 0 0 0 0 0 0 0 0 0 0
0 3 1 2 64 7 11 19 13 31 33 16 54 61 23 50 75 12 66 65 9 8 14 15 43 27 59 4 5 20 37 22 6 46 71 29 83 45 57 38 28 25 30 34 36 68 39 26 10 18 69 47 24 41 100 103 82 84 77 107 21 55 94 52 58 79 53 96 105 87 74 88 95 56 111 17 89 72 60 67 32 98 40 63 110 35 78 92 99 93 42 81 48 108 44 76 117 85 118 70 80 102 49 51 91 62 73 86 97 104 113 90 109 114 101 106 112 119 115 116 120 121 0 0 0 0 0 0 0 0 1 0 0 0 0 0 0 0 0 0 0 0 0 0 0 0 0 0 0 0 0 0 0 0 1 0 0 0 0 0 0 0 0 0 0 0 0 0 0 0 0 0 0 0 0 0 0 0 0 0 0 0 0 0 0 0 0 0 0 0 0 0 0 0 0 0 0 0 1 1 0 0 0 0 0 0 0 0 0 0 0 0 0 0 0 0 0 0 0 0 0 0 0 0 0 0 0 0 0 0 0 0 0 0 0 0 0 0 0 0 0 0 0 0
0 1 11 64 19 16 2 13 3 8 65 33 23 9 5 18 31 20 4 52 7 45 54 12 82 37 75 68 6 10 103 17 25 71 32 35 69 60 67 94 46 14 42 38 43 59 48 44 53 29 56 72 87 41 21 74 51 49 93 50 92 61 22 24 15 27 39 62 55 84 26 57 105 34 100 110 109 28 70 83 30 117 47 107 95 89 76 77 66 73 90 98 97 111 80 78 113 63 102 58 86 36 99 108 81 118 104 112 114 96 40 79 119 101 85 91 88 106 115 116 120 121 0 0 0 0 1 0 0 0 0 0 0 0 0 0 0 0 0 0 0 0 0 0 0 0 0 0 0 0 0 0 0 0 0 0 0 0 1 0 0 0 0 0 0 0 0 0 1 0 0 0 0 0 0 0 1 0 1 0 0 0 0 0 0 1 0 0 0 0 0 0 0 0 0 0 0 0 0 0 0 0 0 0 0 0 0 0 0 0 0 0 0 0 0 0 1 0 0 0 0 0 0 0 0 0 0 0 0 1 0 0 1 0 0 0 0 0 0 0 0 0 0 0
0 3 1 2 64 7 11 19 13 31 33 16 54 61 23 50 75 12 66 65 9 8 14 15 43 27 59 4 5 20 37 22 6 46 71 29 83 45 57 38 28 25 30 34 36 68 39 26 10 18 69 47 24 41 100 103 82 84 77 107 21 55 94 52 58 79 53 96 105 87 74 88 95 56 111 17 89 72 60 67 32 98 40 63 110 35 78 92 99 93 42 81 48 108 44 76 117 85 118 70 80 102 49 51 91 62 73 86 97 104 113 90 109 114 101 106 112 119 115 116 120 121 0 0 0 0 0 0 0 0 1 0 0 0 0 0 0 0 0 0 0 0 0 0 0 0 0 0 0 0 0 0 0 0 1 0 0 0 0 0 0 0 0 0 0 0 0 0 0 0 0 0 0 0 0 0 0 0 0 0 0 0 0 0 0 0 0 0 0 0 0 0 0 0 0 0 0 0 1 1 0 0 0 0 0 0 0 0 0 0 0 0 0 0 0 0 0 0 0 0 0 0 0 0 0 0 0 0 0 0 0 0 0 0 0 0 0 0 0 0 0 0 0 0
0 3 1 7 8 14 2 15 12 4 5 37 46 43 20 45 68 9 71 69 25 94 6 11 83 52 19 59 13 22 38 103 33 56 54 10 28 31 16 29 57 34 21 23 55 18 58 53 64 96 50 63 47 41 74 27 24 30 82 95 79 17 26 100 65 77 84 32 40 75 36 111 87 105 89 107 61 35 88 42 44 108 60 70 80 48 39 76 72 66 51 98 62 73 49 109 102 90 110 67 92 93 117 85 91 97 113 99 118 86 104 78 81 101 112 114 119 106 115 116 120 121 0 0 0 0 0 0 0 0 0 0 0 0 0 0 0 0 0 0 0 0 0 0 0 0 0 0 0 0 0 0 0 0 0 0 0 0 0 0 0 1 0 0 0 0 0 0 0 0 0 0 0 0 0 0 0 0 0 0 0 1 0 0 0 0 0 0 0 0 0 0 0 0 0 0 0 0 0 1 0 0 0 1 0 0 0 0 1 0 1 0 0 0 1 0 0 0 0 0 0 0 0 0 0 0 0 0 0 0 0 0 0 0 0 0 0 0 0 0 0 0 0 0
0 3 1 7 8 14 2 15 12 4 5 37 46 43 20 45 68 9 71 69 25 94 6 11 83 52 19 59 13 22 38 103 33 56 54 10 28 31 16 29 57 34 21 23 55 18 58 53 64 96 50 63 47 41 74 27 24 30 82 95 79 17 26 100 65 77 84 32 40 75 36 111 87 105 89 107 61 35 88 42 44 108 60 70 80 48 39 76 72 66 51 98 62 73 49 109 102 90 110 67 92 93 117 85 91 97 113 99 118 86 104 78 81 101 112 114 119 106 115 116 120 121 0 0 0 0 0 0 0 0 0 0 0 0 0 0 0 0 0 0 0 0 0 0 0 0 0 0 0 0 0 0 0 0 0 0 0 0 0 0 0 1 0 0 0 0 0 0 0 0 0 0 0 0 0 0 0 0 0 0 0 1 0 0 0 0 0 0 0 0 0 0 0 0 0 0 0 0 0 1 0 0 0 1 0 0 0 0 1 0 1 0 0 0 1 0 0 0 0 0 0 0 0 0 0 0 0 0 0 0 0 0 0 0 0 0 0 0 0 0 0 0 0 0
0 3 1 7 8 14 2 15 12 4 5 37 46 43 20 45 68 9 71 69 25 94 6 11 83 52 19 59 13 22 38 103 33 56 54 10 28 31 16 29 57 34 21 23 55 18 58 53 64 96 50 63 47 41 74 27 24 30 82 95 79 17 26 100 65 77 84 32 40 75 36 111 87 105 89 107 61 35 88 42 44 108 60 70 80 48 39 76 72 66 51 98 62 73 49 109 102 90 110 67 92 93 117 85 91 97 113 99 118 86 104 78 81 101 112 114 119 106 115 116 120 121 0 0 0 0 0 0 0 0 0 0 0 0 0 0 0 0 0 0 0 0 0 0 0 0 0 0 0 0 0 0 0 0 0 0 0 0 0 0 0 1 0 0 0 0 0 0 0 0 0 0 0 0 0 0 0 0 0 0 0 1 0 0 0 0 0 0 0 0 0 0 0 0 0 0 0 0 0 1 0 0 0 1 0 0 0 0 1 0 1 0 0 0 1 0 0 0 0 0 0 0 0 0 0 0 0 0 0 0 0 0 0 0 0 0 0 0 0 0 0 0 0 0
0 3 1 7 8 14 2 15 12 4 5 37 46 43 20 45 68 9 71 69 25 94 6 11 83 52 19 59 13 22 38 103 33 56 54 10 28 31 16 29 57 34 21 23 55 18 58 53 64 96 50 63 47 41 74 27 24 30 82 95 79 17 26 100 65 77 84 32 40 75 36 111 87 105 89 107 61 35 88 42 44 108 60 70 80 48 39 76 72 66 51 98 62 73 49 109 102 90 110 67 92 93 117 85 91 97 113 99 118 86 104 78 81 101 112 114 119 106 115 116 120 121 0 0 0 0 0 0 0 0 0 0 0 0 0 0 0 0 0 0 0 0 0 0 0 0 0 0 0 0 0 0 0 0 0 0 0 0 0 0 0 1 0 0 0 0 0 0 0 0 0 0 0 0 0 0 0 0 0 0 0 1 0 0 0 0 0 0 0 0 0 0 0 0 0 0 0 0 0 1 0 0 0 1 0 0 0 0 1 0 1 0 0 0 1 0 0 0 0 0 0 0 0 0 0 0 0 0 0 0 0 0 0 0 0 0 0 0 0 0 0 0 0 0
0 3 8 15 12 7 1 2 22 34 14 29 28 27 11 59 19 16 30 63 41 50 74 75 64 13 9 65 4 5 23 18 82 95 98 6 33 24 31 36 54 37 10 21 43 38 20 26 55 45 71 58 84 69 107 68 94 96 56 47 17 46 39 77 72 60 79 57 83 88 100 25 67 32 103 61 44 111 93 35 66 92 105 42 108 40 48 78 51 76 62 73 110 49 109 112 97 113 90 86 81 85 70 91 52 117 80 53 87 89 99 102 101 106 104 114 118 115 116 120 119 121 0 0 0 0 0 0 0 0 0 0 1 0 0 0 0 0 0 0 0 0 0 1 0 0 0 0 0 0 0 0 0 0 0 0 1 0 0 0 0 0 0 0 0 0 0 0 0 0 0 0 1 0 0 0 0 0 0 0 0 0 0 0 0 0 1 0 0 0 0 0 0 0 0 0 0 0 0 0 0 0 0 0 0 0 0 0 0 0 1 0 0 0 0 0 0 0 0 1 1 0 0 0 0 0 0 0 0 0 0 0 0 1 0 1 0 0 0 0 0 0 0 0
0 3 8 15 12 7 1 2 22 34 14 29 28 27 11 59 19 16 30 63 41 50 74 75 64 13 9 65 4 5 23 18 82 95 98 6 33 24 31 36 54 37 10 21 43 38 20 26 55 45 71 58 84 69 107 68 94 96 56 47 17 46 39 77 72 60 79 57 83 88 100 25 67 32 103 61 44 111 93 35 66 92 105 42 108 40 48 78 51 76 62 73 110 49 109 112 97 113 90 86 81 85 70 91 52 117 80 53 87 89 99 102 101 106 104 114 118 115 116 120 119 121 0 0 0 0 0 0 0 0 0 0 1 0 0 0 0 0 0 0 0 0 0 1 0 0 0 0 0 0 0 0 0 0 0 0 1 0 0 0 0 0 0 0 0 0 0 0 0 0 0 0 1 0 0 0 0 0 0 0 0 0 0 0 0 0 1 0 0 0 0 0 0 0 0 0 0 0 0 0 0 0 0 0 0 0 0 0 0 0 1 0 0 0 0 0 0 0 0 1 1 0 0 0 0 0 0 0 0 0 0 0 0 1 0 1 0 0 0 0 0 0 0 0
0 3 8 15 12 7 1 2 22 34 14 29 28 27 11 59 19 16 30 63 41 50 74 75 64 13 9 65 4 5 23 18 82 95 98 6 33 24 31 36 54 37 10 21 43 38 20 26 55 45 71 58 84 69 107 68 94 96 56 47 17 46 39 77 72 60 79 57 83 88 100 25 67 32 103 61 44 111 93 35 66 92 105 42 108 40 48 78 51 76 62 73 110 49 109 112 97 113 90 86 81 85 70 91 52 117 80 53 87 89 99 102 101 106 104 114 118 115 116 120 119 121 0 0 0 0 0 0 0 0 0 0 1 0 0 0 0 0 0 0 0 0 0 1 0 0 0 0 0 0 0 0 0 0 0 0 1 0 0 0 0 0 0 0 0 0 0 0 0 0 0 0 1 0 0 0 0 0 0 0 0 0 0 0 0 0 1 0 0 0 0 0 0 0 0 0 0 0 0 0 0 0 0 0 0 0 0 0 0 0 1 0 0 0 0 0 0 0 0 1 1 0 0 0 0 0 0 0 0 0 0 0 0 1 0 1 0 0 0 0 0 0 0 0
0 3 8 15 12 7 1 2 22 34 14 29 28 27 11 59 19 16 30 63 41 50 74 75 64 13 9 65 4 5 23 18 82 95 98 6 33 24 31 36 54 37 10 21 43 38 20 26 55 45 71 58 84 69 107 68 94 96 56 47 17 46 39 77 72 60 79 57 83 88 100 25 67 32 103 61 44 111 93 35 66 92 105 42 108 40 48 78 51 76 62 73 110 49 109 112 97 113 90 86 81 85 70 91 52 117 80 53 87 89 99 102 101 106 104 114 118 115 116 120 119 121 0 0 0 0 0 0 0 0 0 0 1 0 0 0 0 0 0 0 0 0 0 1 0 0 0 0 0 0 0 0 0 0 0 0 1 0 0 0 0 0 0 0 0 0 0 0 0 0 0 0 1 0 0 0 0 0 0 0 0 0 0 0 0 0 1 0 0 0 0 0 0 0 0 0 0 0 0 0 0 0 0 0 0 0 0 0 0 0 1 0 0 0 0 0 0 0 0 1 1 0 0 0 0 0 0 0 0 0 0 0 0 1 0 1 0 0 0 0 0 0 0 0
0 1 3 64 2 7 22 14 28 59 30 95 5 21 12 43 38 34 20 26 55 29 41 45 4 8 98 74 15 56 58 25 27 36 68 69 63 11 37 94 13 96 31 19 16 50 75 9 65 23 18 82 6 33 24 46 54 84 47 61 52 71 105 108 107 53 66 83 10 77 100 87 17 57 79 88 111 103 39 89 72 78 60 67 81 32 92 110 40 35 99 42 93 76 85 48 44 117 70 49 118 51 109 91 80 62 112 73 97 102 113 86 104 90 101 106 114 115 116 120 119 121 0 0 0 1 0 0 0 0 0 0 0 0 0 0 0 0 0 1 0 0 0 0 0 0 0 0 0 0 0 0 0 1 0 0 0 0 0 0 0 0 0 0 0 0 0 0 0 0 0 0 0 0 0 0 0 0 0 0 0 0 0 0 0 0 1 0 1 0 0 0 0 0 0 0 0 0 0 1 0 0 1 0 0 0 0 0 0 0 1 0 0 0 0 0 1 0 0 0 0 0 1 0 0 1 0 0 0 1 0 0 0 1 0 1 1 0 0 0 0 0 1 0
0 1 3 64 2 7 22 14 28 59 30 95 5 21 12 43 38 34 20 26 55 29 41 45 4 8 98 74 15 56 58 25 27 36 68 69 63 11 37 94 13 96 31 19 16 50 75 9 65 23 18 82 6 33 24 46 54 84 47 61 52 71 105 108 107 53 66 83 10 77 100 87 17 57 79 88 111 103 39 89 72 78 60 67 81 32 92 110 40 35 99 42 93 76 85 48 44 117 70 49 118 51 109 91 80 62 112 73 97 102 113 86 104 90 101 106 114 115 116 120 119 121 0 0 0 1 0 0 0 0 0 0 0 0 0 0 0 0 0 1 0 0 0 0 0 0 0 0 0 0 0 0 0 1 0 0 0 0 0 0 0 0 0 0 0 0 0 0 0 0 0 0 0 0 0 0 0 0 0 0 0 0 0 0 0 0 1 0 1 0 0 0 0 0 0 0 0 0 0 1 0 0 1 0 0 0 0 0 0 0 1 0 0 0 0 0 1 0 0 0 0 0 1 0 0 1 0 0 0 1 0 0 0 1 0 1 1 0 0 0 0 0 1 0
0 1 2 5 6 4 9 64 37 20 52 3 46 68 71 12 8 7 10 15 11 19 27 75 17 16 18 45 72 22 14 60 13 25 28 32 29 26 34 33 65 38 31 103 40 47 43 59 82 30 77 41 69 54 50 63 21 83 56 23 95 61 53 87 55 89 24 84 57 107 96 58 67 93 79 74 66 88 44 100 98 110 78 35 94 39 105 70 81 80 102 108 42 76 85 48 51 62 49 109 36 91 117 73 86 90 97 101 111 112 113 104 92 114 99 118 106 115 119 116 120 121 0 0 0 0 0 0 0 0 0 0 0 1 0 0 0 0 0 0 0 0 0 0 0 0 0 0 0 0 0 0 0 0 0 0 0 0 0 0 0 1 1 0 0 0 0 0 0 0 0 0 0 0 0 0 0 0 0 0 0 0 0 0 0 0 0 0 0 0 0 0 1 0 0 0 0 0 0 0 0 0 0 1 0 0 0 1 0 0 0 0 0 0 0 0 0 0 0 0 0 0 0 0 0 0 0 0 0 0 0 0 0 0 0 1 0 0 0 0 0 0 0 0
0 1 2 5 6 4 9 64 37 20 52 3 46 68 71 12 8 7 10 15 11 19 27 75 17 16 18 45 72 22 14 60 13 25 28 32 29 26 34 33 65 38 31 103 40 47 43 59 82 30 77 41 69 54 50 63 21 83 56 23 95 61 53 87 55 89 24 84 57 107 96 58 67 93 79 74 66 88 44 100 98 110 78 35 94 39 105 70 81 80 102 108 42 76 85 48 51 62 49 109 36 91 117 73 86 90 97 101 111 112 113 104 92 114 99 118 106 115 119 116 120 121 0 0 0 0 0 0 0 0 0 0 0 1 0 0 0 0 0 0 0 0 0 0 0 0 0 0 0 0 0 0 0 0 0 0 0 0 0 0 0 1 1 0 0 0 0 0 0 0 0 0 0 0 0 0 0 0 0 0 0 0 0 0 0 0 0 0 0 0 0 0 1 0 0 0 0 0 0 0 0 0 0 1 0 0 0 1 0 0 0 0 0 0 0 0 0 0 0 0 0 0 0 0 0 0 0 0 0 0 0 0 0 0 0 1 0 0 0 0 0 0 0 0
0 1 2 5 6 4 9 64 37 20 52 3 46 68 71 12 8 7 10 15 11 19 27 75 17 16 18 45 72 22 14 60 13 25 28 32 29 26 34 33 65 38 31 103 40 47 43 59 82 30 77 41 69 54 50 63 21 83 56 23 95 61 53 87 55 89 24 84 57 107 96 58 67 93 79 74 66 88 44 100 98 110 78 35 94 39 105 70 81 80 102 108 42 76 85 48 51 62 49 109 36 91 117 73 86 90 97 101 111 112 113 104 92 114 99 118 106 115 119 116 120 121 0 0 0 0 0 0 0 0 0 0 0 1 0 0 0 0 0 0 0 0 0 0 0 0 0 0 0 0 0 0 0 0 0 0 0 0 0 0 0 1 1 0 0 0 0 0 0 0 0 0 0 0 0 0 0 0 0 0 0 0 0 0 0 0 0 0 0 0 0 0 1 0 0 0 0 0 0 0 0 0 0 1 0 0 0 1 0 0 0 0 0 0 0 0 0 0 0 0 0 0 0 0 0 0 0 0 0 0 0 0 0 0 0 1 0 0 0 0 0 0 0 0
0 2 5 4 6 1 9 25 11 19 75 3 52 37 46 12 7 20 10 59 71 68 45 8 17 83 22 15 14 38 39 34 103 16 43 13 33 50 23 31 65 105 54 26 29 69 21 47 32 56 63 60 67 35 96 53 77 94 44 41 70 61 108 40 74 27 57 55 28 42 18 111 24 64 30 84 72 58 66 79 87 107 48 36 95 98 100 110 88 93 80 102 82 78 89 117 49 81 51 92 99 109 118 112 62 76 85 73 90 91 86 97 113 104 114 119 101 106 115 116 120 121 0 0 0 0 0 0 0 0 0 0 0 0 0 0 0 0 0 0 0 0 0 0 0 0 0 0 0 0 0 0 0 0 0 0 0 0 0 0 0 0 0 0 0 0 0 0 0 0 0 0 0 0 0 0 0 0 0 0 1 0 0 0 0 0 0 0 0 0 1 0 0 0 1 0 0 0 0 0 0 0 0 0 0 0 0 0 0 0 0 0 0 0 0 0 0 0 0 0 0 0 0 0 0 0 0 0 0 0 0 0 0 0 0 0 0 0 0 0 0 0 0 0
0 2 5 4 6 1 9 25 11 19 75 3 52 37 46 12 7 20 10 59 71 68 45 8 17 83 22 15 14 38 39 34 103 16 43 13 33 50 23 31 65 105 54 26 29 69 21 47 32 56 63 60 67 35 96 53 77 94 44 41 70 61 108 40 74 27 57 55 28 42 18 111 24 64 30 84 72 58 66 79 87 107 48 36 95 98 100 110 88 93 80 102 82 78 89 117 49 81 51 92 99 109 118 112 62 76 85 73 90 91 86 97 113 104 114 119 101 106 115 116 120 121 0 0 0 0 0 0 0 0 0 0 0 0 0 0 0 0 0 0 0 0 0 0 0 0 0 0 0 0 0 0 0 0 0 0 0 0 0 0 0 0 0 0 0 0 0 0 0 0 0 0 0 0 0 0 0 0 0 0 1 0 0 0 0 0 0 0 0 0 1 0 0 0 1 0 0 0 0 0 0 0 0 0 0 0 0 0 0 0 0 0 0 0 0 0 0 0 0 0 0 0 0 0 0 0 0 0 0 0 0 0 0 0 0 0 0 0 0 0 0 0 0 0
0 2 9 3 5 8 20 15 6 1 11 16 12 7 13 14 10 59 21 64 27 29 45 50 36 31 69 38 41 19 39 65 96 17 32 4 52 55 68 35 60 44 72 56 37 25 53 33 67 93 94 92 40 105 42 71 18 82 46 48 57 54 70 49 61 51 80 43 76 75 66 103 78 74 22 87 83 85 91 109 23 58 79 112 117 24 88 100 62 26 73 84 86 81 34 107 97 110 63 28 90 113 30 89 47 99 108 118 101 77 95 111 106 98 102 115 104 114 119 116 120 121 0 0 0 0 0 0 0 0 0 0 0 0 0 0 0 0 0 0 0 0 0 0 0 0 0 0 0 0 0 0 0 0 0 0 0 0 0 0 0 0 0 0 0 0 0 0 0 0 0 0 0 0 1 0 0 0 1 0 0 0 0 0 0 0 0 0 0 0 1 0 0 0 0 0 0 0 0 0 0 0 0 1 0 0 0 0 0 0 1 0 0 0 0 0 0 0 1 0 0 0 0 0 0 0 0 0 0 0 0 0 0 1 0 0 0 0 0 0 0 0 0 0
0 2 9 3 5 8 20 15 6 1 11 16 12 7 13 14 10 59 21 64 27 29 45 50 36 31 69 38 41 19 39 65 96 17 32 4 52 55 68 35 60 44 72 56 37 25 53 33 67 93 94 92 40 105 42 71 18 82 46 48 57 54 70 49 61 51 80 43 76 75 66 103 78 74 22 87 83 85 91 109 23 58 79 112 117 24 88 100 62 26 73 84 86 81 34 107 97 110 63 28 90 113 30 89 47 99 108 118 101 77 95 111 106 98 102 115 104 114 119 116 120 121 0 0 0 0 0 0 0 0 0 0 0 0 0 0 0 0 0 0 0 0 0 0 0 0 0 0 0 0 0 0 0 0 0 0 0 0 0 0 0 0 0 0 0 0 0 0 0 0 0 0 0 0 1 0 0 0 1 0 0 0 0 0 0 0 0 0 0 0 1 0 0 0 0 0 0 0 0 0 0 0 0 1 0 0 0 0 0 0 1 0 0 0 0 0 0 0 1 0 0 0 0 0 0 0 0 0 0 0 0 0 0 1 0 0 0 0 0 0 0 0 0 0
0 2 3 4 8 15 12 9 43 25 27 5 37 20 71 7 68 22 1 64 14 38 21 103 11 28 52 96 59 26 13 53 33 83 46 6 10 54 45 87 19 61 30 34 89 55 69 29 65 75 16 57 41 95 74 17 56 72 36 58 98 93 63 39 23 60 18 50 24 84 94 67 82 79 92 100 88 99 66 31 47 117 110 32 77 78 107 105 81 44 35 40 42 48 49 70 51 109 76 80 111 62 85 91 108 102 112 118 73 97 113 90 101 86 106 104 114 119 115 116 120 121 0 0 0 0 0 0 0 0 0 0 0 0 0 0 0 0 0 0 0 0 0 0 0 0 0 0 0 0 0 0 0 0 0 0 0 0 0 0 0 0 1 0 0 0 0 0 0 0 0 0 1 0 0 0 0 0 0 0 0 0 0 0 0 0 0 0 0 0 0 0 0 0 0 0 0 0 0 1 0 0 0 0 0 0 0 1 1 0 1 0 0 0 0 0 0 0 1 0 0 0 0 0 0 0 0 0 0 1 0 0 0 1 0 0 1 0 0 0 0 0 0 0
0 2 3 4 8 15 12 9 43 25 27 5 37 20 71 7 68 22 1 64 14 38 21 103 11 28 52 96 59 26 13 53 33 83 46 6 10 54 45 87 19 61 30 34 89 55 69 29 65 75 16 57 41 95 74 17 56 72 36 58 98 93 63 39 23 60 18 50 24 84 94 67 82 79 92 100 88 99 66 31 47 117 110 32 77 78 107 105 81 44 35 40 42 48 49 70 51 109 76 80 111 62 85 91 108 102 112 118 73 97 113 90 101 86 106 104 114 119 115 116 120 121 0 0 0 0 0 0 0 0 0 0 0 0 0 0 0 0 0 0 0 0 0 0 0 0 0 0 0 0 0 0 0 0 0 0 0 0 0 0 0 0 1 0 0 0 0 0 0 0 0 0 1 0 0 0 0 0 0 0 0 0 0 0 0 0 0 0 0 0 0 0 0 0 0 0 0 0 0 1 0 0 0 0 0 0 0 1 1 0 1 0 0 0 0 0 0 0 1 0 0 0 0 0 0 0 0 0 0 1 0 0 0 1 0 0 1 0 0 0 0 0 0 0
0 2 4 5 9 3 25 8 1 52 6 15 12 11 16 43 10 37 20 50 27 45 64 23 71 24 56 69 94 17 68 46 72 7 60 32 44 14 100 40 18 110 67 82 19 22 92 59 83 103 70 21 28 26 29 38 30 84 34 55 39 93 35 80 13 58 95 31 79 107 41 65 63 53 98 47 102 105 36 87 42 76 48 49 57 33 77 75 108 54 51 88 62 61 96 117 85 74 91 73 111 89 66 109 90 99 78 81 97 118 101 113 86 104 114 119 112 106 115 116 120 121 0 0 0 0 0 0 0 0 0 0 0 0 0 0 0 0 0 0 1 0 0 0 0 0 1 0 0 0 0 0 0 0 0 0 0 0 0 0 0 0 0 0 0 0 0 0 0 0 0 0 0 0 0 0 0 0 0 0 0 0 0 0 0 0 0 0 0 0 0 0 0 0 0 0 1 0 0 0 0 0 0 0 0 0 0 0 1 0 0 0 0 0 0 0 0 0 0 0 0 0 0 0 0 0 0 0 0 0 0 0 0 0 0 0 0 0 1 0 0 0 0 0
0 1 3 11 13 31 19 2 64 9 5 20 65 33 105 7 12 16 50 23 75 4 8 45 69 25 52 22 37 59 14 34 26 56 15 29 71 27 83 46 6 54 28 68 43 30 38 21 41 53 55 18 87 36 96 47 63 77 10 108 103 58 24 17 94 72 89 95 82 57 74 100 60 84 61 32 35 93 98 44 67 70 40 79 92 110 42 76 39 48 107 49 51 109 99 88 111 118 80 66 85 78 62 112 73 102 97 91 117 81 90 86 104 101 106 114 113 119 115 116 120 121 0 0 0 0 0 0 0 0 0 0 0 0 0 0 0 0 0 0 0 0 0 0 0 0 0 1 0 1 0 0 0 0 0 0 0 0 0 0 0 0 0 1 0 0 0 0 0 0 0 0 0 0 0 0 0 0 0 0 0 0 0 0 0 0 1 0 0 0 0 0 0 0 0 0 0 0 0 0 0 0 0 1 0 0 0 0 1 0 1 0 0 0 0 0 0 1 1 0 0 0 0 0 0 0 0 0 0 0 0 0 0 0 0 1 0 0 0 1 0 0 0 0
0 1 3 11 13 31 19 2 64 9 5 20 65 33 105 7 12 16 50 23 75 4 8 45 69 25 52 22 37 59 14 34 26 56 15 29 71 27 83 46 6 54 28 68 43 30 38 21 41 53 55 18 87 36 96 47 63 77 10 108 103 58 24 17 94 72 89 95 82 57 74 100 60 84 61 32 35 93 98 44 67 70 40 79 92 110 42 76 39 48 107 49 51 109 99 88 111 118 80 66 85 78 62 112 73 102 97 91 117 81 90 86 104 101 106 114 113 119 115 116 120 121 0 0 0 0 0 0 0 0 0 0 0 0 0 0 0 0 0 0 0 0 0 0 0 0 0 1 0 1 0 0 0 0 0 0 0 0 0 0 0 0 0 1 0 0 0 0 0 0 0 0 0 0 0 0 0 0 0 0 0 0 0 0 0 0 1 0 0 0 0 0 0 0 0 0 0 0 0 0 0 0 0 1 0 0 0 0 1 0 1 0 0 0 0 0 0 1 1 0 0 0 0 0 0 0 0 0 0 0 0 0 0 0 0 1 0 0 0 1 0 0 0 0
0 2 4 5 9 3 25 8 1 52 6 15 12 11 16 43 10 37 20 50 27 45 64 23 71 24 56 69 94 17 68 46 72 7 60 32 44 14 100 40 18 110 67 82 19 22 92 59 83 103 70 21 28 26 29 38 30 84 34 55 39 93 35 80 13 58 95 31 79 107 41 65 63 53 98 47 102 105 36 87 42 76 48 49 57 33 77 75 108 54 51 88 62 61 96 117 85 74 91 73 111 89 66 109 90 99 78 81 97 118 101 113 86 104 114 119 112 106 115 116 120 121 0 0 0 0 0 0 0 0 0 0 0 0 0 0 0 0 0 0 1 0 0 0 0 0 1 0 0 0 0 0 0 0 0 0 0 0 0 0 0 0 0 0 0 0 0 0 0 0 0 0 0 0 0 0 0 0 0 0 0 0 0 0 0 0 0 0 0 0 0 0 0 0 0 0 1 0 0 0 0 0 0 0 0 0 0 0 1 0 0 0 0 0 0 0 0 0 0 0 0 0 0 0 0 0 0 0 0 0 0 0 0 0 0 0 0 0 1 0 0 0 0 0
0 2 4 5 9 3 25 8 1 52 6 15 12 11 16 43 10 37 20 50 27 45 64 23 71 24 56 69 94 17 68 46 72 7 60 32 44 14 100 40 18 110 67 82 19 22 92 59 83 103 70 21 28 26 29 38 30 84 34 55 39 93 35 80 13 58 95 31 79 107 41 65 63 53 98 47 102 105 36 87 42 76 48 49 57 33 77 75 108 54 51 88 62 61 96 117 85 74 91 73 111 89 66 109 90 99 78 81 97 118 101 113 86 104 114 119 112 106 115 116 120 121 0 0 0 0 0 0 0 0 0 0 0 0 0 0 0 0 0 0 1 0 0 0 0 0 1 0 0 0 0 0 0 0 0 0 0 0 0 0 0 0 0 0 0 0 0 0 0 0 0 0 0 0 0 0 0 0 0 0 0 0 0 0 0 0 0 0 0 0 0 0 0 0 0 0 1 0 0 0 0 0 0 0 0 0 0 0 1 0 0 0 0 0 0 0 0 0 0 0 0 0 0 0 0 0 0 0 0 0 0 0 0 0 0 0 0 0 1 0 0 0 0 0
0 1 3 11 13 31 19 2 64 9 5 20 65 33 105 7 12 16 50 23 75 4 8 45 69 25 52 22 37 59 14 34 26 56 15 29 71 27 83 46 6 54 28 68 43 30 38 21 41 53 55 18 87 36 96 47 63 77 10 108 103 58 24 17 94 72 89 95 82 57 74 100 60 84 61 32 35 93 98 44 67 70 40 79 92 110 42 76 39 48 107 49 51 109 99 88 111 118 80 66 85 78 62 112 73 102 97 91 117 81 90 86 104 101 106 114 113 119 115 116 120 121 0 0 0 0 0 0 0 0 0 0 0 0 0 0 0 0 0 0 0 0 0 0 0 0 0 1 0 1 0 0 0 0 0 0 0 0 0 0 0 0 0 1 0 0 0 0 0 0 0 0 0 0 0 0 0 0 0 0 0 0 0 0 0 0 1 0 0 0 0 0 0 0 0 0 0 0 0 0 0 0 0 1 0 0 0 0 1 0 1 0 0 0 0 0 0 1 1 0 0 0 0 0 0 0 0 0 0 0 0 0 0 0 0 1 0 0 0 1 0 0 0 0
0 1 11 2 3 5 20 12 6 10 4 37 45 64 43 25 8 9 13 65 15 46 19 75 52 16 17 50 23 68 31 7 22 14 60 59 71 29 33 105 21 28 30 32 27 18 38 67 82 55 39 54 41 24 103 57 34 40 69 61 84 72 26 58 63 66 47 79 35 53 36 74 87 77 100 83 44 96 94 108 70 42 111 95 48 76 88 93 92 89 98 117 80 56 107 51 85 110 99 91 78 81 102 62 118 73 49 109 97 113 112 90 101 86 104 106 114 119 115 116 120 121 0 0 0 0 0 0 0 0 0 0 0 0 0 0 0 0 0 0 0 0 0 0 0 0 0 0 0 0 0 0 0 0 0 0 0 0 0 0 0 0 0 0 0 0 0 0 0 0 0 0 0 0 0 0 0 0 0 0 0 0 0 0 0 0 0 0 0 0 0 0 0 0 0 0 0 0 0 0 0 1 0 0 0 1 0 0 0 0 0 0 0 0 0 0 0 0 0 0 0 0 0 0 0 0 0 0 0 0 0 0 0 0 0 0 0 0 0 0 0 0 0 0
0 3 7 59 14 8 29 38 21 41 15 1 74 11 39 96 22 55 58 13 65 27 34 16 36 19 23 79 2 12 5 43 20 9 75 45 33 37 28 52 18 31 30 68 26 63 82 103 4 46 57 95 69 64 50 54 53 98 105 71 6 47 83 77 108 111 25 87 10 56 94 24 84 89 88 107 17 72 60 61 67 92 99 32 40 93 100 110 44 117 66 118 70 78 80 35 42 81 76 102 85 91 48 49 109 112 51 62 73 97 113 90 101 86 104 114 106 115 119 116 120 121 0 0 0 0 1 0 0 0 0 0 0 0 0 0 0 0 0 0 0 0 0 0 0 0 0 1 0 0 0 0 0 0 1 0 0 0 0 0 0 0 0 0 0 0 0 0 0 0 0 0 0 0 0 0 0 0 0 0 0 0 0 1 0 0 1 0 0 0 0 1 0 0 0 0 0 0 0 0 0 0 0 1 0 0 1 0 1 0 0 0 0 0 0 0 1 0 0 0 1 0 0 0 1 0 0 0 0 0 1 0 1 0 0 0 1 0 0 0 0 0 0 0
0 3 7 59 14 8 29 38 21 41 15 1 74 11 39 96 22 55 58 13 65 27 34 16 36 19 23 79 2 12 5 43 20 9 75 45 33 37 28 52 18 31 30 68 26 63 82 103 4 46 57 95 69 64 50 54 53 98 105 71 6 47 83 77 108 111 25 87 10 56 94 24 84 89 88 107 17 72 60 61 67 92 99 32 40 93 100 110 44 117 66 118 70 78 80 35 42 81 76 102 85 91 48 49 109 112 51 62 73 97 113 90 101 86 104 114 106 115 119 116 120 121 0 0 0 0 1 0 0 0 0 0 0 0 0 0 0 0 0 0 0 0 0 0 0 0 0 1 0 0 0 0 0 0 1 0 0 0 0 0 0 0 0 0 0 0 0 0 0 0 0 0 0 0 0 0 0 0 0 0 0 0 0 1 0 0 1 0 0 0 0 1 0 0 0 0 0 0 0 0 0 0 0 1 0 0 1 0 1 0 0 0 0 0 0 0 1 0 0 0 1 0 0 0 1 0 0 0 0 0 1 0 1 0 0 0 1 0 0 0 0 0 0 0
0 1 11 2 3 5 20 12 6 10 4 37 45 64 43 25 8 9 13 65 15 46 19 75 52 16 17 50 23 68 31 7 22 14 60 59 71 29 33 105 21 28 30 32 27 18 38 67 82 55 39 54 41 24 103 57 34 40 69 61 84 72 26 58 63 66 47 79 35 53 36 74 87 77 100 83 44 96 94 108 70 42 111 95 48 76 88 93 92 89 98 117 80 56 107 51 85 110 99 91 78 81 102 62 118 73 49 109 97 113 112 90 101 86 104 106 114 119 115 116 120 121 0 0 0 0 0 0 0 0 0 0 0 0 0 0 0 0 0 0 0 0 0 0 0 0 0 0 0 0 0 0 0 0 0 0 0 0 0 0 0 0 0 0 0 0 0 0 0 0 0 0 0 0 0 0 0 0 0 0 0 0 0 0 0 0 0 0 0 0 0 0 0 0 0 0 0 0 0 0 0 1 0 0 0 1 0 0 0 0 0 0 0 0 0 0 0 0 0 0 0 0 0 0 0 0 0 0 0 0 0 0 0 0 0 0 0 0 0 0 0 0 0 0
0 2 3 4 5 1 37 12 46 7 8 14 15 9 27 64 52 29 36 22 11 41 13 19 21 25 28 16 50 38 33 26 31 53 54 87 23 34 61 6 47 55 89 24 84 57 75 71 107 20 59 65 43 68 77 58 74 111 63 10 30 45 17 39 18 72 60 93 103 56 95 83 69 32 105 79 40 88 35 94 67 42 82 100 110 98 108 96 48 49 51 109 117 76 62 44 73 70 66 85 80 91 78 112 102 81 97 92 113 86 104 114 90 119 101 106 115 99 116 118 120 121 0 0 0 0 0 0 0 0 0 0 0 0 0 0 0 0 0 0 0 0 0 0 0 0 0 0 0 0 0 0 0 1 0 0 0 0 0 0 0 0 0 0 0 0 0 0 0 0 0 0 0 0 0 0 0 0 0 0 0 0 0 0 0 0 0 0 0 0 0 0 0 0 0 0 0 0 0 0 0 0 0 0 0 0 1 0 0 0 0 1 0 0 0 0 0 0 0 0 0 0 0 0 0 0 0 0 0 0 1 1 0 1 0 1 0 0 0 0 0 0 0 0
0 1 64 2 3 12 4 9 52 43 5 7 25 22 59 14 6 26 8 28 10 29 11 16 17 38 37 19 18 21 53 41 20 30 82 68 75 71 72 60 46 55 13 33 103 34 45 54 31 65 47 69 67 105 74 15 50 23 27 39 95 32 44 93 92 36 63 61 56 35 66 87 57 89 99 70 42 94 108 24 78 100 77 58 84 111 76 48 110 81 117 79 118 88 98 96 80 49 102 107 51 109 112 85 62 40 91 83 73 97 86 104 114 113 90 101 106 115 116 120 119 121 0 0 0 0 0 0 0 0 0 0 0 0 0 0 0 0 0 0 0 0 0 0 0 0 0 0 0 0 0 0 1 0 0 0 0 0 0 0 0 0 0 0 0 0 0 0 1 0 0 0 0 0 0 0 0 0 1 0 0 0 0 0 0 0 0 0 0 0 0 0 0 0 0 0 0 0 0 0 1 0 0 0 0 0 0 0 1 0 0 0 0 0 0 0 0 0 0 0 0 0 0 0 0 0 0 0 0 0 0 0 0 0 0 1 0 0 0 0 0 0 0 0
