0 3 2 7 1 28 4 13 8 12 40 9 17 32 44 19 18 27 33 14 34 15 6 23 21 46 35 5 10 36 37 24 11 16 22 20 43 39 30 25 41 31 26 47 42 38 51 45 52 53 29 50 49 55 48 57 54 60 59 56 58 61 0 0 0 0 0 1 0 0 0 0 0 0 0 0 0 1 0 0 0 1 0 0 0 1 1 0 0 0 0 0 0 0 0 0 0 0 0 0 0 0 0 0 0 0 0 0 0 0 0 0 0 0 0 0 0 0 0 0 0 0 0 0
0 1 3 9 2 7 8 15 4 14 19 21 11 6 13 34 10 12 28 30 5 26 37 22 16 33 36 29 42 20 44 18 25 24 48 50 39 40 35 31 17 41 57 59 23 43 32 45 27 38 49 52 47 46 51 55 53 54 60 56 58 61 0 1 0 0 0 1 0 0 0 0 0 0 0 0 0 0 0 1 0 1 0 0 0 1 1 0 0 0 1 0 0 0 0 1 0 0 0 0 0 1 1 0 0 1 0 1 0 0 0 0 0 0 0 0 0 1 0 0 0 0 0 0
0 3 11 20 2 15 7 28 13 19 1 4 21 6 18 5 9 23 40 30 8 34 37 14 10 36 44 25 16 33 43 22 24 39 49 31 48 12 26 17 42 45 29 57 32 35 38 27 41 46 50 59 52 51 47 55 60 53 54 56 58 61 0 0 0 0 0 0 0 0 0 0 0 1 0 0 1 0 1 0 1 0 1 0 1 1 0 0 0 0 0 0 0 0 0 0 1 1 0 0 0 0 0 1 1 0 1 0 0 0 0 1 0 0 0 0 0 1 0 0 0 0 0 0
0 2 28 13 33 40 1 6 3 14 15 7 9 18 8 12 11 4 17 20 19 32 21 27 34 35 41 22 26 29 38 46 44 51 23 24 30 10 43 39 45 5 37 52 25 55 16 48 53 36 42 47 57 50 31 59 49 54 56 58 60 61 0 0 0 0 0 1 0 0 0 0 0 0 0 0 0 0 1 0 0 0 0 0 0 0 0 0 0 0 1 0 0 0 0 0 0 0 1 0 0 0 0 0 1 1 0 1 0 0 0 0 0 0 0 0 0 0 0 0 0 0 0 0
0 3 2 7 1 28 4 13 8 12 40 9 17 32 44 19 18 27 33 14 34 15 6 23 21 46 35 5 10 36 37 24 11 16 22 20 43 39 30 25 41 31 26 47 42 38 51 45 52 53 29 50 49 55 48 57 54 60 59 56 58 61 0 0 0 0 0 1 0 0 0 0 0 0 0 0 0 1 0 0 0 1 0 0 0 1 1 0 0 0 0 0 0 0 0 0 0 0 0 0 0 0 0 0 0 0 0 0 0 0 0 0 0 0 0 0 0 0 0 0 0 0 0 0
0 2 28 13 33 40 1 6 3 14 15 7 9 18 8 12 11 4 17 20 19 32 21 27 34 35 41 22 26 29 38 46 44 51 23 24 30 10 43 39 45 5 37 52 25 55 16 48 53 36 42 47 57 50 31 59 49 54 56 58 60 61 0 0 0 0 0 1 0 0 0 0 0 0 0 0 0 0 1 0 0 0 0 0 0 0 0 0 0 0 1 0 0 0 0 0 0 0 1 0 0 0 0 0 1 1 0 1 0 0 0 0 0 0 0 0 0 0 0 0 0 0 0 0
0 3 11 20 2 15 7 28 13 19 1 4 21 6 18 5 9 23 40 30 8 34 37 14 10 36 44 25 16 33 43 22 24 39 49 31 48 12 26 17 42 45 29 57 32 35 38 27 41 46 50 59 52 51 47 55 60 53 54 56 58 61 0 0 0 0 0 0 0 0 0 0 0 1 0 0 1 0 1 0 1 0 1 0 1 1 0 0 0 0 0 0 0 0 0 0 1 1 0 0 0 0 0 1 1 0 1 0 0 0 0 1 0 0 0 0 0 1 0 0 0 0 0 0
0 3 11 20 2 15 7 28 13 19 1 4 21 6 18 5 9 23 40 30 8 34 37 14 10 36 44 25 16 33 43 22 24 39 49 31 48 12 26 17 42 45 29 57 32 35 38 27 41 46 50 59 52 51 47 55 60 53 54 56 58 61 0 0 0 0 0 0 0 0 0 0 0 1 0 0 1 0 1 0 1 0 1 0 1 1 0 0 0 0 0 0 0 0 0 0 1 1 0 0 0 0 0 1 1 0 1 0 0 0 0 1 0 0 0 0 0 1 0 0 0 0 0 0
0 1 3 9 2 7 8 15 4 14 19 21 11 6 13 34 10 12 28 30 5 26 37 22 16 33 36 29 42 20 44 18 25 24 48 50 39 40 35 31 17 41 57 59 23 43 32 45 27 38 49 52 47 46 51 55 53 54 60 56 58 61 0 1 0 0 0 1 0 0 0 0 0 0 0 0 0 0 0 1 0 1 0 0 0 1 1 0 0 0 1 0 0 0 0 1 0 0 0 0 0 1 1 0 0 1 0 1 0 0 0 0 0 0 0 0 0 1 0 0 0 0 0 0
0 1 3 9 2 7 8 15 4 14 19 21 11 6 13 34 10 12 28 30 5 26 37 22 16 33 36 29 42 20 44 18 25 24 48 50 39 40 35 31 17 41 57 59 23 43 32 45 27 38 49 52 47 46 51 55 53 54 60 56 58 61 0 1 0 0 0 1 0 0 0 0 0 0 0 0 0 0 0 1 0 1 0 0 0 1 1 0 0 0 1 0 0 0 0 1 0 0 0 0 0 1 1 0 0 1 0 1 0 0 0 0 0 0 0 0 0 1 0 0 0 0 0 0
0 2 13 1 6 22 18 3 4 21 33 9 28 7 10 43 40 11 14 23 8 19 44 15 30 5 36 16 12 42 24 20 57 37 34 39 26 31 50 17 27 35 25 48 29 46 45 32 59 49 38 51 53 41 52 55 60 47 54 56 58 61 0 1 0 0 0 0 0 0 0 0 0 0 0 0 0 0 1 0 0 0 0 0 0 0 0 0 0 0 0 0 0 0 0 0 0 0 0 0 0 0 0 1 0 1 0 0 0 0 0 0 0 0 0 0 0 0 0 0 0 1 1 0
0 2 13 1 6 22 18 3 4 21 33 9 28 7 10 43 40 11 14 23 8 19 44 15 30 5 36 16 12 42 24 20 57 37 34 39 26 31 50 17 27 35 25 48 29 46 45 32 59 49 38 51 53 41 52 55 60 47 54 56 58 61 0 1 0 0 0 0 0 0 0 0 0 0 0 0 0 0 1 0 0 0 0 0 0 0 0 0 0 0 0 0 0 0 0 0 0 0 0 0 0 0 0 1 0 1 0 0 0 0 0 0 0 0 0 0 0 0 0 0 0 1 1 0
0 1 2 28 3 9 11 7 14 40 4 8 23 21 12 13 5 24 34 15 10 33 20 25 17 18 27 6 36 19 32 30 22 35 45 37 48 43 16 31 46 44 51 26 53 41 42 47 29 38 54 57 39 50 49 56 58 52 55 59 60 61 0 0 0 0 0 0 0 0 0 0 0 0 0 0 0 1 0 0 0 1 0 0 0 1 1 0 0 0 0 0 0 0 0 0 1 0 0 1 0 0 0 0 0 0 0 0 0 0 0 0 0 0 0 0 1 0 0 1 0 0 0 0
0 1 2 28 3 9 11 7 14 40 4 8 23 21 12 13 5 24 34 15 10 33 20 25 17 18 27 6 36 19 32 30 22 35 45 37 48 43 16 31 46 44 51 26 53 41 42 47 29 38 54 57 39 50 49 56 58 52 55 59 60 61 0 0 0 0 0 0 0 0 0 0 0 0 0 0 0 1 0 0 0 1 0 0 0 1 1 0 0 0 0 0 0 0 0 0 1 0 0 1 0 0 0 0 0 0 0 0 0 0 0 0 0 0 0 0 1 0 0 1 0 0 0 0
0 1 2 28 3 9 11 7 14 40 4 8 23 21 12 13 5 24 34 15 10 33 20 25 17 18 27 6 36 19 32 30 22 35 45 37 48 43 16 31 46 44 51 26 53 41 42 47 29 38 54 57 39 50 49 56 58 52 55 59 60 61 0 0 0 0 0 0 0 0 0 0 0 0 0 0 0 1 0 0 0 1 0 0 0 1 1 0 0 0 0 0 0 0 0 0 1 0 0 1 0 0 0 0 0 0 0 0 0 0 0 0 0 0 0 0 1 0 0 1 0 0 0 0
0 1 2 28 3 6 7 4 9 44 8 13 12 21 11 33 34 5 35 16 19 10 26 40 43 15 20 41 29 14 18 22 25 30 24 36 42 48 23 47 57 31 37 39 50 45 17 27 32 59 46 49 38 52 51 55 53 60 54 56 58 61 0 0 0 0 0 0 0 0 0 0 0 0 0 0 0 0 0 0 1 0 0 0 1 0 1 0 0 0 1 1 0 1 0 1 0 0 0 0 0 0 0 0 0 0 0 0 0 0 0 1 0 0 0 0 0 1 0 0 0 0 0 0
0 1 2 28 3 6 7 4 9 44 8 13 12 21 11 33 34 5 35 16 19 10 26 40 43 15 20 41 29 14 18 22 25 30 24 36 42 48 23 47 57 31 37 39 50 45 17 27 32 59 46 49 38 52 51 55 53 60 54 56 58 61 0 0 0 0 0 0 0 0 0 0 0 0 0 0 0 0 0 0 1 0 0 0 1 0 1 0 0 0 1 1 0 1 0 1 0 0 0 0 0 0 0 0 0 0 0 0 0 0 0 1 0 0 0 0 0 1 0 0 0 0 0 0
0 1 14 3 9 15 24 10 2 11 13 33 43 20 4 21 7 19 23 6 8 28 34 12 5 37 40 30 16 18 26 42 17 35 29 44 39 25 31 45 36 57 41 48 32 22 47 27 49 50 59 46 51 53 38 52 55 60 54 56 58 61 0 0 0 0 0 0 0 0 0 0 0 0 0 0 0 0 0 1 0 0 0 0 1 0 1 0 0 1 1 0 0 0 0 0 0 0 0 0 1 0 0 0 0 0 0 0 0 0 0 0 0 0 0 0 0 1 0 0 0 0 1 0
0 1 14 3 9 15 24 10 2 11 13 33 43 20 4 21 7 19 23 6 8 28 34 12 5 37 40 30 16 18 26 42 17 35 29 44 39 25 31 45 36 57 41 48 32 22 47 27 49 50 59 46 51 53 38 52 55 60 54 56 58 61 0 0 0 0 0 0 0 0 0 0 0 0 0 0 0 0 0 1 0 0 0 0 1 0 1 0 0 1 1 0 0 0 0 0 0 0 0 0 1 0 0 0 0 0 0 0 0 0 0 0 0 0 0 0 0 1 0 0 0 0 1 0
0 3 11 20 2 1 15 9 6 13 14 10 4 22 23 24 25 28 21 7 33 36 5 44 40 19 8 16 43 39 45 31 18 37 34 49 12 26 48 29 30 17 35 41 47 42 32 50 38 57 59 27 52 46 55 60 51 53 54 56 58 61 0 0 0 0 0 0 0 0 0 0 0 0 0 0 0 0 0 0 0 0 0 0 1 0 1 0 0 0 1 0 0 1 0 0 0 0 1 0 0 1 1 0 0 0 1 0 0 0 0 0 0 0 0 0 0 0 0 0 0 0 0 0
0 2 1 3 4 14 13 6 5 7 33 9 24 11 22 15 19 18 8 21 37 10 44 23 20 26 30 29 28 16 42 34 12 40 39 35 31 43 45 50 17 41 36 47 27 25 46 57 48 51 32 53 54 49 56 38 59 52 55 60 58 61 0 0 0 0 0 0 0 0 0 0 0 0 0 1 0 0 0 0 0 0 1 0 0 0 1 0 0 0 1 0 0 1 0 0 0 0 0 0 0 0 0 0 0 0 0 0 0 0 0 1 0 0 0 0 0 1 0 0 0 0 0 0
0 3 11 20 2 1 15 9 6 13 14 10 4 22 23 24 25 28 21 7 33 36 5 44 40 19 8 16 43 39 45 31 18 37 34 49 12 26 48 29 30 17 35 41 47 42 32 50 38 57 59 27 52 46 55 60 51 53 54 56 58 61 0 0 0 0 0 0 0 0 0 0 0 0 0 0 0 0 0 0 0 0 0 0 1 0 1 0 0 0 1 0 0 1 0 0 0 0 1 0 0 1 1 0 0 0 1 0 0 0 0 0 0 0 0 0 0 0 0 0 0 0 0 0
0 2 1 3 4 14 13 6 5 7 33 9 24 11 22 15 19 18 8 21 37 10 44 23 20 26 30 29 28 16 42 34 12 40 39 35 31 43 45 50 17 41 36 47 27 25 46 57 48 51 32 53 54 49 56 38 59 52 55 60 58 61 0 0 0 0 0 0 0 0 0 0 0 0 0 1 0 0 0 0 0 0 1 0 0 0 1 0 0 0 1 0 0 1 0 0 0 0 0 0 0 0 0 0 0 0 0 0 0 0 0 1 0 0 0 0 0 1 0 0 0 0 0 0
0 3 7 19 11 26 2 28 15 8 20 40 45 29 12 13 34 35 1 14 18 17 6 9 44 33 27 4 5 24 37 39 22 23 10 46 41 36 25 51 48 43 16 53 32 31 38 49 47 52 54 55 21 60 56 30 42 50 57 58 59 61 0 0 0 0 0 0 0 0 0 0 0 0 0 0 0 0 0 0 0 0 0 0 0 0 0 0 0 0 0 0 0 0 0 0 0 0 0 0 0 0 0 0 0 0 0 0 0 0 0 0 0 0 0 0 0 0 0 0 0 0 0 0
0 3 1 2 7 8 28 6 14 9 4 23 44 13 33 24 5 11 22 19 10 43 18 15 12 34 20 35 21 39 40 25 48 30 41 36 26 17 37 49 16 32 31 38 52 42 47 29 57 45 50 59 55 27 46 51 60 53 54 56 58 61 0 0 0 0 0 0 0 0 0 0 0 0 0 0 0 0 1 0 0 1 1 1 1 0 0 0 0 0 0 0 0 0 0 0 0 1 0 0 0 0 0 1 0 0 0 0 0 0 0 0 0 0 0 1 0 0 0 0 0 0 0 0
0 3 15 1 9 4 10 11 5 7 20 14 44 16 8 37 12 2 13 28 34 24 6 23 21 18 31 35 33 17 43 39 27 40 49 45 22 36 41 25 48 19 30 26 42 29 32 38 57 52 47 55 50 46 51 53 54 59 56 58 60 61 0 0 0 0 0 0 1 0 0 0 0 0 0 1 0 1 0 0 0 1 0 0 1 0 1 0 0 0 1 0 1 0 0 0 1 1 0 0 0 0 0 0 0 0 0 0 0 0 0 0 0 0 0 0 0 1 0 1 0 0 1 0
0 3 15 1 9 4 10 11 5 7 20 14 44 16 8 37 12 2 13 28 34 24 6 23 21 18 31 35 33 17 43 39 27 40 49 45 22 36 41 25 48 19 30 26 42 29 32 38 57 52 47 55 50 46 51 53 54 59 56 58 60 61 0 0 0 0 0 0 1 0 0 0 0 0 0 1 0 1 0 0 0 1 0 0 1 0 1 0 0 0 1 0 1 0 0 0 1 1 0 0 0 0 0 0 0 0 0 0 0 0 0 0 0 0 0 0 0 1 0 1 0 0 1 0
0 3 1 2 7 8 28 6 14 9 4 23 44 13 33 24 5 11 22 19 10 43 18 15 12 34 20 35 21 39 40 25 48 30 41 36 26 17 37 49 16 32 31 38 52 42 47 29 57 45 50 59 55 27 46 51 60 53 54 56 58 61 0 0 0 0 0 0 0 0 0 0 0 0 0 0 0 0 1 0 0 1 1 1 1 0 0 0 0 0 0 0 0 0 0 0 0 1 0 0 0 0 0 1 0 0 0 0 0 0 0 0 0 0 0 1 0 0 0 0 0 0 0 0
0 2 3 28 11 1 14 13 9 7 4 6 44 22 18 20 8 33 40 5 23 10 45 43 36 34 12 17 15 16 32 21 25 27 31 24 37 46 39 48 38 35 52 51 19 41 30 47 53 49 54 56 42 57 26 50 59 29 58 55 60 61 0 0 0 0 0 0 0 0 0 0 0 0 0 0 0 0 0 0 0 0 0 0 0 0 0 0 0 0 0 0 0 0 0 0 0 0 0 0 0 0 0 0 0 0 0 0 0 0 0 0 0 0 0 0 0 0 0 0 0 0 0 0
0 2 3 13 1 28 9 7 19 14 40 11 10 8 33 26 25 4 34 20 15 6 18 36 5 37 45 48 12 43 16 31 35 21 44 22 23 41 29 24 39 30 47 17 27 42 46 50 32 57 38 49 59 51 53 52 55 54 60 56 58 61 0 0 0 0 0 0 0 0 0 0 0 0 0 1 0 0 1 1 0 0 0 0 1 0 1 0 0 0 0 1 0 0 0 0 1 1 0 0 0 0 0 0 0 0 0 1 0 0 1 1 1 0 0 0 0 1 0 0 0 0 0 0
0 2 3 13 1 28 9 7 19 14 40 11 10 8 33 26 25 4 34 20 15 6 18 36 5 37 45 48 12 43 16 31 35 21 44 22 23 41 29 24 39 30 47 17 27 42 46 50 32 57 38 49 59 51 53 52 55 54 60 56 58 61 0 0 0 0 0 0 0 0 0 0 0 0 0 1 0 0 1 1 0 0 0 0 1 0 1 0 0 0 0 1 0 0 0 0 1 1 0 0 0 0 0 0 0 0 0 1 0 0 1 1 1 0 0 0 0 1 0 0 0 0 0 0
0 2 3 13 1 28 9 7 19 14 40 11 10 8 33 26 25 4 34 20 15 6 18 36 5 37 45 48 12 43 16 31 35 21 44 22 23 41 29 24 39 30 47 17 27 42 46 50 32 57 38 49 59 51 53 52 55 54 60 56 58 61 0 0 0 0 0 0 0 0 0 0 0 0 0 1 0 0 1 1 0 0 0 0 1 0 1 0 0 0 0 1 0 0 0 0 1 1 0 0 0 0 0 0 0 0 0 1 0 0 1 1 1 0 0 0 0 1 0 0 0 0 0 0
0 1 2 9 13 44 14 6 10 3 7 8 12 34 4 19 35 41 25 24 39 18 5 21 16 37 11 15 22 23 48 47 30 20 28 31 26 40 42 29 17 33 36 50 32 38 43 45 59 49 57 27 52 55 46 60 51 53 54 56 58 61 0 0 0 0 0 0 0 0 0 0 0 1 0 0 0 0 1 0 0 0 1 0 1 0 1 0 0 0 0 0 0 0 0 1 0 0 0 1 0 1 0 0 0 0 1 0 0 0 1 0 0 1 0 0 0 0 0 0 0 0 0 0
0 1 3 15 4 14 2 13 5 33 23 9 10 7 6 18 44 43 36 11 25 16 22 28 21 24 37 31 48 19 26 20 30 40 39 8 45 34 12 49 42 17 35 29 41 32 57 27 38 52 46 50 51 59 55 53 47 54 56 60 58 61 0 0 0 0 0 0 0 0 0 0 0 0 0 1 0 0 0 0 0 0 0 1 0 0 0 0 0 0 1 0 0 0 0 0 0 1 0 0 0 0 0 0 0 0 0 0 0 0 0 0 0 0 0 0 0 0 0 1 0 0 0 0
0 1 3 15 4 14 2 13 5 33 23 9 10 7 6 18 44 43 36 11 25 16 22 28 21 24 37 31 48 19 26 20 30 40 39 8 45 34 12 49 42 17 35 29 41 32 57 27 38 52 46 50 51 59 55 53 47 54 56 60 58 61 0 0 0 0 0 0 0 0 0 0 0 0 0 1 0 0 0 0 0 0 0 1 0 0 0 0 0 0 1 0 0 0 0 0 0 1 0 0 0 0 0 0 0 0 0 0 0 0 0 0 0 0 0 0 0 0 0 1 0 0 0 0
0 1 3 15 4 14 2 13 5 33 23 9 10 7 6 18 44 43 36 11 25 16 22 28 21 24 37 31 48 19 26 20 30 40 39 8 45 34 12 49 42 17 35 29 41 32 57 27 38 52 46 50 51 59 55 53 47 54 56 60 58 61 0 0 0 0 0 0 0 0 0 0 0 0 0 1 0 0 0 0 0 0 0 1 0 0 0 0 0 0 1 0 0 0 0 0 0 1 0 0 0 0 0 0 0 0 0 0 0 0 0 0 0 0 0 0 0 0 0 1 0 0 0 0
0 1 2 9 13 44 14 6 10 3 7 8 12 34 4 19 35 41 25 24 39 18 5 21 16 37 11 15 22 23 48 47 30 20 28 31 26 40 42 29 17 33 36 50 32 38 43 45 59 49 57 27 52 55 46 60 51 53 54 56 58 61 0 0 0 0 0 0 0 0 0 0 0 1 0 0 0 0 1 0 0 0 1 0 1 0 1 0 0 0 0 0 0 0 0 1 0 0 0 1 0 1 0 0 0 0 1 0 0 0 1 0 0 1 0 0 0 0 0 0 0 0 0 0
0 1 3 15 4 14 2 13 5 33 23 9 10 7 6 18 44 43 36 11 25 16 22 28 21 24 37 31 48 19 26 20 30 40 39 8 45 34 12 49 42 17 35 29 41 32 57 27 38 52 46 50 51 59 55 53 47 54 56 60 58 61 0 0 0 0 0 0 0 0 0 0 0 0 0 1 0 0 0 0 0 0 0 1 0 0 0 0 0 0 1 0 0 0 0 0 0 1 0 0 0 0 0 0 0 0 0 0 0 0 0 0 0 0 0 0 0 0 0 1 0 0 0 0
0 3 15 2 7 1 6 13 11 20 22 28 8 19 40 12 4 23 5 26 33 14 16 31 9 18 10 43 29 37 45 21 30 24 25 34 48 42 17 27 35 32 39 38 41 47 46 44 49 36 51 53 50 59 54 52 56 55 60 57 58 61 0 0 0 0 0 0 0 0 0 0 0 0 0 0 0 0 0 1 0 0 0 0 0 1 0 0 0 0 0 0 0 1 0 0 0 0 0 0 0 0 0 0 1 0 0 0 0 0 1 0 0 0 0 0 0 0 0 1 0 0 0 0
0 1 3 15 7 14 4 23 21 9 2 13 19 28 24 39 6 10 18 30 33 43 40 11 36 22 8 5 37 16 49 44 31 42 20 12 17 25 32 57 27 45 46 51 34 38 53 52 26 29 35 41 47 54 48 56 50 58 59 55 60 61 0 0 0 0 0 0 0 0 0 0 0 0 0 0 0 0 0 0 0 1 1 0 1 0 0 1 0 0 0 0 0 1 0 1 0 0 0 0 0 0 0 0 0 0 1 1 0 0 0 0 0 0 0 0 0 0 0 1 0 0 0 0
0 3 15 2 7 1 6 13 11 20 22 28 8 19 40 12 4 23 5 26 33 14 16 31 9 18 10 43 29 37 45 21 30 24 25 34 48 42 17 27 35 32 39 38 41 47 46 44 49 36 51 53 50 59 54 52 56 55 60 57 58 61 0 0 0 0 0 0 0 0 0 0 0 0 0 0 0 0 0 1 0 0 0 0 0 1 0 0 0 0 0 0 0 1 0 0 0 0 0 0 0 0 0 0 1 0 0 0 0 0 1 0 0 0 0 0 0 0 0 1 0 0 0 0
0 1 3 15 7 14 4 23 21 9 2 13 19 28 24 39 6 10 18 30 33 43 40 11 36 22 8 5 37 16 49 44 31 42 20 12 17 25 32 57 27 45 46 51 34 38 53 52 26 29 35 41 47 54 48 56 50 58 59 55 60 61 0 0 0 0 0 0 0 0 0 0 0 0 0 0 0 0 0 0 0 1 1 0 1 0 0 1 0 0 0 0 0 1 0 1 0 0 0 0 0 0 0 0 0 0 1 1 0 0 0 0 0 0 0 0 0 0 0 1 0 0 0 0
0 2 6 1 22 3 9 11 14 13 15 7 18 4 21 23 24 10 5 36 28 25 16 40 33 45 37 8 43 34 31 12 17 27 44 35 32 19 49 26 29 30 39 20 41 46 47 51 42 57 38 48 52 53 54 56 50 58 55 59 60 61 0 0 0 0 0 0 0 0 0 0 0 0 0 0 0 1 0 0 1 0 1 0 1 1 1 0 0 1 0 0 0 0 0 1 0 0 0 0 0 0 0 0 0 0 0 1 0 0 1 0 0 0 1 0 0 0 0 0 0 0 0 0
0 1 4 9 5 21 16 2 6 23 13 10 14 44 33 24 43 18 37 36 49 25 22 28 40 45 48 3 11 15 7 31 20 19 8 12 34 35 26 39 30 42 29 50 57 41 59 17 32 27 46 38 47 51 53 52 55 54 56 60 58 61 0 0 0 0 0 0 0 0 0 0 0 0 0 0 0 1 0 0 0 0 1 0 1 0 1 0 0 0 1 0 0 0 0 1 0 0 0 0 0 0 0 0 0 0 0 0 0 1 0 0 0 0 0 0 0 1 0 0 0 0 0 0
0 2 6 1 22 3 9 11 14 13 15 7 18 4 21 23 24 10 5 36 28 25 16 40 33 45 37 8 43 34 31 12 17 27 44 35 32 19 49 26 29 30 39 20 41 46 47 51 42 57 38 48 52 53 54 56 50 58 55 59 60 61 0 0 0 0 0 0 0 0 0 0 0 0 0 0 0 1 0 0 1 0 1 0 1 1 1 0 0 1 0 0 0 0 0 1 0 0 0 0 0 0 0 0 0 0 0 1 0 0 1 0 0 0 1 0 0 0 0 0 0 0 0 0
0 2 6 1 22 3 9 11 14 13 15 7 18 4 21 23 24 10 5 36 28 25 16 40 33 45 37 8 43 34 31 12 17 27 44 35 32 19 49 26 29 30 39 20 41 46 47 51 42 57 38 48 52 53 54 56 50 58 55 59 60 61 0 0 0 0 0 0 0 0 0 0 0 0 0 0 0 1 0 0 1 0 1 0 1 1 1 0 0 1 0 0 0 0 0 1 0 0 0 0 0 0 0 0 0 0 0 1 0 0 1 0 0 0 1 0 0 0 0 0 0 0 0 0
0 2 6 1 22 3 9 11 14 13 15 7 18 4 21 23 24 10 5 36 28 25 16 40 33 45 37 8 43 34 31 12 17 27 44 35 32 19 49 26 29 30 39 20 41 46 47 51 42 57 38 48 52 53 54 56 50 58 55 59 60 61 0 0 0 0 0 0 0 0 0 0 0 0 0 0 0 1 0 0 1 0 1 0 1 1 1 0 0 1 0 0 0 0 0 1 0 0 0 0 0 0 0 0 0 0 0 1 0 0 1 0 0 0 1 0 0 0 0 0 0 0 0 0
0 1 4 9 5 21 16 2 6 23 13 10 14 44 33 24 43 18 37 36 49 25 22 28 40 45 48 3 11 15 7 31 20 19 8 12 34 35 26 39 30 42 29 50 57 41 59 17 32 27 46 38 47 51 53 52 55 54 56 60 58 61 0 0 0 0 0 0 0 0 0 0 0 0 0 0 0 1 0 0 0 0 1 0 1 0 1 0 0 0 1 0 0 0 0 1 0 0 0 0 0 0 0 0 0 0 0 0 0 1 0 0 0 0 0 0 0 1 0 0 0 0 0 0
0 3 2 1 14 6 13 9 4 15 44 11 28 7 10 8 40 34 5 35 33 43 12 17 21 20 18 23 41 37 27 19 30 25 36 48 24 49 26 22 16 47 39 31 45 42 50 57 32 29 59 46 51 38 52 53 55 60 54 56 58 61 0 0 0 0 0 0 0 0 0 0 0 0 0 0 0 0 0 0 1 0 0 0 1 0 1 0 0 0 0 0 0 0 0 0 0 0 0 0 0 0 0 0 0 0 0 1 0 0 0 0 0 0 0 0 0 0 0 1 1 0 0 0
0 3 2 1 14 6 13 9 4 15 44 11 28 7 10 8 40 34 5 35 33 43 12 17 21 20 18 23 41 37 27 19 30 25 36 48 24 49 26 22 16 47 39 31 45 42 50 57 32 29 59 46 51 38 52 53 55 60 54 56 58 61 0 0 0 0 0 0 0 0 0 0 0 0 0 0 0 0 0 0 1 0 0 0 1 0 1 0 0 0 0 0 0 0 0 0 0 0 0 0 0 0 0 0 0 0 0 1 0 0 0 0 0 0 0 0 0 0 0 1 1 0 0 0
0 3 2 1 14 6 13 9 4 15 44 11 28 7 10 8 40 34 5 35 33 43 12 17 21 20 18 23 41 37 27 19 30 25 36 48 24 49 26 22 16 47 39 31 45 42 50 57 32 29 59 46 51 38 52 53 55 60 54 56 58 61 0 0 0 0 0 0 0 0 0 0 0 0 0 0 0 0 0 0 1 0 0 0 1 0 1 0 0 0 0 0 0 0 0 0 0 0 0 0 0 0 0 0 0 0 0 1 0 0 0 0 0 0 0 0 0 0 0 1 1 0 0 0
0 2 13 1 4 5 3 18 14 24 37 7 39 8 28 6 12 33 23 11 22 20 21 19 40 45 17 30 9 34 10 25 48 35 36 43 44 16 42 49 15 32 31 26 29 27 50 41 46 59 51 53 47 57 38 52 55 60 54 56 58 61 0 0 0 0 0 0 0 0 0 0 0 0 0 0 0 1 0 1 0 0 0 0 1 0 1 0 0 0 0 0 0 1 0 0 1 0 0 0 1 0 0 0 0 0 0 0 0 0 0 0 0 0 0 0 0 0 0 0 0 0 0 0
0 3 7 1 8 14 2 12 24 6 39 19 13 18 11 28 33 22 34 17 27 35 32 41 46 4 40 5 23 47 37 9 44 45 16 31 15 20 21 51 30 26 10 42 29 36 25 50 48 53 43 57 38 54 56 58 49 59 52 55 60 61 0 0 0 0 0 0 0 0 0 0 0 0 0 0 0 0 0 0 0 0 1 0 0 0 0 0 0 0 0 1 1 1 0 1 0 0 0 0 0 0 0 0 0 0 1 0 0 0 0 0 1 0 0 0 0 0 1 1 0 0 0 0
0 2 13 1 4 5 3 18 14 24 37 7 39 8 28 6 12 33 23 11 22 20 21 19 40 45 17 30 9 34 10 25 48 35 36 43 44 16 42 49 15 32 31 26 29 27 50 41 46 59 51 53 47 57 38 52 55 60 54 56 58 61 0 0 0 0 0 0 0 0 0 0 0 0 0 0 0 1 0 1 0 0 0 0 1 0 1 0 0 0 0 0 0 1 0 0 1 0 0 0 1 0 0 0 0 0 0 0 0 0 0 0 0 0 0 0 0 0 0 0 0 0 0 0
0 3 7 1 8 14 2 12 24 6 39 19 13 18 11 28 33 22 34 17 27 35 32 41 46 4 40 5 23 47 37 9 44 45 16 31 15 20 21 51 30 26 10 42 29 36 25 50 48 53 43 57 38 54 56 58 49 59 52 55 60 61 0 0 0 0 0 0 0 0 0 0 0 0 0 0 0 0 0 0 0 0 1 0 0 0 0 0 0 0 0 1 1 1 0 1 0 0 0 0 0 0 0 0 0 0 1 0 0 0 0 0 1 0 0 0 0 0 1 1 0 0 0 0
0 2 13 1 4 5 3 18 14 24 37 7 39 8 28 6 12 33 23 11 22 20 21 19 40 45 17 30 9 34 10 25 48 35 36 43 44 16 42 49 15 32 31 26 29 27 50 41 46 59 51 53 47 57 38 52 55 60 54 56 58 61 0 0 0 0 0 0 0 0 0 0 0 0 0 0 0 1 0 1 0 0 0 0 1 0 1 0 0 0 0 0 0 1 0 0 1 0 0 0 1 0 0 0 0 0 0 0 0 0 0 0 0 0 0 0 0 0 0 0 0 0 0 0
0 3 7 1 8 14 2 12 24 6 39 19 13 18 11 28 33 22 34 17 27 35 32 41 46 4 40 5 23 47 37 9 44 45 16 31 15 20 21 51 30 26 10 42 29 36 25 50 48 53 43 57 38 54 56 58 49 59 52 55 60 61 0 0 0 0 0 0 0 0 0 0 0 0 0 0 0 0 0 0 0 0 1 0 0 0 0 0 0 0 0 1 1 1 0 1 0 0 0 0 0 0 0 0 0 0 1 0 0 0 0 0 1 0 0 0 0 0 1 1 0 0 0 0
0 3 2 1 4 13 14 28 18 5 37 33 11 16 24 7 15 9 40 19 31 10 6 21 44 25 8 12 34 26 36 35 20 48 23 39 30 45 29 43 42 17 49 32 38 27 46 52 55 41 47 22 50 59 57 60 51 53 54 56 58 61 0 0 0 0 0 0 0 0 0 0 0 0 0 1 0 0 0 0 0 1 0 0 0 0 0 0 0 0 0 0 0 0 0 0 0 0 1 0 0 0 0 0 0 1 1 0 0 0 1 1 0 0 1 0 0 0 0 0 0 0 1 0
0 3 2 1 4 13 14 28 18 5 37 33 11 16 24 7 15 9 40 19 31 10 6 21 44 25 8 12 34 26 36 35 20 48 23 39 30 45 29 43 42 17 49 32 38 27 46 52 55 41 47 22 50 59 57 60 51 53 54 56 58 61 0 0 0 0 0 0 0 0 0 0 0 0 0 1 0 0 0 0 0 1 0 0 0 0 0 0 0 0 0 0 0 0 0 0 0 0 1 0 0 0 0 0 0 1 1 0 0 0 1 1 0 0 1 0 0 0 0 0 0 0 1 0
0 3 2 1 4 13 14 28 18 5 37 33 11 16 24 7 15 9 40 19 31 10 6 21 44 25 8 12 34 26 36 35 20 48 23 39 30 45 29 43 42 17 49 32 38 27 46 52 55 41 47 22 50 59 57 60 51 53 54 56 58 61 0 0 0 0 0 0 0 0 0 0 0 0 0 1 0 0 0 0 0 1 0 0 0 0 0 0 0 0 0 0 0 0 0 0 0 0 1 0 0 0 0 0 0 1 1 0 0 0 1 1 0 0 1 0 0 0 0 0 0 0 1 0
0 3 2 1 4 13 14 28 18 5 37 33 11 16 24 7 15 9 40 19 31 10 6 21 44 25 8 12 34 26 36 35 20 48 23 39 30 45 29 43 42 17 49 32 38 27 46 52 55 41 47 22 50 59 57 60 51 53 54 56 58 61 0 0 0 0 0 0 0 0 0 0 0 0 0 1 0 0 0 0 0 1 0 0 0 0 0 0 0 0 0 0 0 0 0 0 0 0 1 0 0 0 0 0 0 1 1 0 0 0 1 1 0 0 1 0 0 0 0 0 0 0 1 0
0 3 15 1 11 2 6 13 7 8 12 9 14 4 17 24 22 33 19 28 39 40 20 21 5 45 37 30 18 34 35 26 29 16 42 10 41 31 43 36 50 23 32 25 47 57 27 38 44 48 52 46 49 55 59 60 51 53 54 56 58 61 0 0 0 0 0 0 0 0 0 0 0 0 0 0 0 0 0 0 0 0 0 0 0 0 0 0 0 0 0 0 0 1 0 0 0 0 0 0 0 0 0 0 0 0 0 0 0 0 0 0 0 0 0 0 0 1 0 0 0 0 0 0
0 3 15 1 11 2 6 13 7 8 12 9 14 4 17 24 22 33 19 28 39 40 20 21 5 45 37 30 18 34 35 26 29 16 42 10 41 31 43 36 50 23 32 25 47 57 27 38 44 48 52 46 49 55 59 60 51 53 54 56 58 61 0 0 0 0 0 0 0 0 0 0 0 0 0 0 0 0 0 0 0 0 0 0 0 0 0 0 0 0 0 0 0 1 0 0 0 0 0 0 0 0 0 0 0 0 0 0 0 0 0 0 0 0 0 0 0 1 0 0 0 0 0 0
0 2 1 3 9 15 28 13 11 20 4 7 10 23 33 19 14 21 5 18 16 43 44 6 36 22 8 30 34 37 25 31 35 41 47 26 40 12 48 24 39 42 50 45 57 17 59 32 49 27 38 46 52 29 55 51 53 60 54 56 58 61 0 1 0 0 0 0 0 0 0 0 0 0 0 0 0 0 0 0 0 0 1 0 1 0 1 0 0 0 0 0 0 1 0 1 0 0 0 0 0 0 0 0 0 0 0 0 0 0 0 0 0 0 0 0 0 1 0 0 0 1 0 0
0 2 1 3 9 15 28 13 11 20 4 7 10 23 33 19 14 21 5 18 16 43 44 6 36 22 8 30 34 37 25 31 35 41 47 26 40 12 48 24 39 42 50 45 57 17 59 32 49 27 38 46 52 29 55 51 53 60 54 56 58 61 0 1 0 0 0 0 0 0 0 0 0 0 0 0 0 0 0 0 0 0 1 0 1 0 1 0 0 0 0 0 0 1 0 1 0 0 0 0 0 0 0 0 0 0 0 0 0 0 0 0 0 0 0 0 0 1 0 0 0 1 0 0
0 2 1 3 9 15 28 13 11 20 4 7 10 23 33 19 14 21 5 18 16 43 44 6 36 22 8 30 34 37 25 31 35 41 47 26 40 12 48 24 39 42 50 45 57 17 59 32 49 27 38 46 52 29 55 51 53 60 54 56 58 61 0 1 0 0 0 0 0 0 0 0 0 0 0 0 0 0 0 0 0 0 1 0 1 0 1 0 0 0 0 0 0 1 0 1 0 0 0 0 0 0 0 0 0 0 0 0 0 0 0 0 0 0 0 0 0 1 0 0 0 1 0 0
0 1 3 7 15 14 9 24 4 8 10 11 2 25 36 34 28 40 6 35 23 12 48 21 5 37 44 19 26 16 31 41 22 39 47 30 13 18 17 33 20 27 43 45 42 49 32 50 57 29 38 46 52 55 51 60 59 53 54 56 58 61 0 0 0 0 0 0 0 0 0 0 0 0 0 1 0 0 0 0 0 0 0 0 0 1 0 0 1 0 1 0 0 0 0 0 0 0 0 0 0 0 1 0 0 0 0 0 0 1 0 0 1 0 0 0 0 0 0 0 0 0 0 0
0 2 13 3 1 11 15 6 18 22 7 33 9 19 28 40 20 26 45 10 14 4 29 8 25 5 48 37 16 24 21 43 31 36 44 30 12 17 42 34 57 27 46 50 39 32 23 59 49 51 53 38 52 35 41 47 54 55 56 60 58 61 0 0 0 0 0 0 0 0 0 0 0 0 0 0 0 0 0 0 0 1 0 0 0 0 0 0 0 0 0 0 0 0 0 0 1 1 0 0 0 0 0 0 0 1 1 0 0 0 0 0 0 0 0 0 0 1 0 0 0 0 1 0
0 2 13 3 1 11 15 6 18 22 7 33 9 19 28 40 20 26 45 10 14 4 29 8 25 5 48 37 16 24 21 43 31 36 44 30 12 17 42 34 57 27 46 50 39 32 23 59 49 51 53 38 52 35 41 47 54 55 56 60 58 61 0 0 0 0 0 0 0 0 0 0 0 0 0 0 0 0 0 0 0 1 0 0 0 0 0 0 0 0 0 0 0 0 0 0 1 1 0 0 0 0 0 0 0 1 1 0 0 0 0 0 0 0 0 0 0 1 0 0 0 0 1 0
0 1 3 7 15 14 9 24 4 8 10 11 2 25 36 34 28 40 6 35 23 12 48 21 5 37 44 19 26 16 31 41 22 39 47 30 13 18 17 33 20 27 43 45 42 49 32 50 57 29 38 46 52 55 51 60 59 53 54 56 58 61 0 0 0 0 0 0 0 0 0 0 0 0 0 1 0 0 0 0 0 0 0 0 0 1 0 0 1 0 1 0 0 0 0 0 0 0 0 0 0 0 1 0 0 0 0 0 0 1 0 0 1 0 0 0 0 0 0 0 0 0 0 0
0 1 4 5 14 24 21 23 3 2 28 9 40 13 15 33 18 10 45 36 37 11 16 6 25 44 7 20 43 49 22 39 48 31 19 8 12 26 29 17 27 34 30 35 41 42 32 38 46 51 53 52 55 50 60 47 57 54 59 56 58 61 0 0 0 0 0 0 0 0 1 0 1 0 0 1 0 1 0 1 0 1 0 0 0 0 0 0 0 0 0 0 0 0 0 1 0 0 1 0 0 1 0 0 1 1 0 0 0 0 0 0 0 0 0 0 0 0 0 0 0 0 1 0
0 1 4 5 14 24 21 23 3 2 28 9 40 13 15 33 18 10 45 36 37 11 16 6 25 44 7 20 43 49 22 39 48 31 19 8 12 26 29 17 27 34 30 35 41 42 32 38 46 51 53 52 55 50 60 47 57 54 59 56 58 61 0 0 0 0 0 0 0 0 1 0 1 0 0 1 0 1 0 1 0 1 0 0 0 0 0 0 0 0 0 0 0 0 0 1 0 0 1 0 0 1 0 0 1 1 0 0 0 0 0 0 0 0 0 0 0 0 0 0 0 0 1 0
0 1 4 5 14 24 21 23 3 2 28 9 40 13 15 33 18 10 45 36 37 11 16 6 25 44 7 20 43 49 22 39 48 31 19 8 12 26 29 17 27 34 30 35 41 42 32 38 46 51 53 52 55 50 60 47 57 54 59 56 58 61 0 0 0 0 0 0 0 0 1 0 1 0 0 1 0 1 0 1 0 1 0 0 0 0 0 0 0 0 0 0 0 0 0 1 0 0 1 0 0 1 0 0 1 1 0 0 0 0 0 0 0 0 0 0 0 0 0 0 0 0 1 0
0 1 4 5 14 24 21 23 3 2 28 9 40 13 15 33 18 10 45 36 37 11 16 6 25 44 7 20 43 49 22 39 48 31 19 8 12 26 29 17 27 34 30 35 41 42 32 38 46 51 53 52 55 50 60 47 57 54 59 56 58 61 0 0 0 0 0 0 0 0 1 0 1 0 0 1 0 1 0 1 0 1 0 0 0 0 0 0 0 0 0 0 0 0 0 1 0 0 1 0 0 1 0 0 1 1 0 0 0 0 0 0 0 0 0 0 0 0 0 0 0 0 1 0
0 2 13 3 7 8 15 19 1 34 28 9 10 4 5 14 6 40 33 11 44 12 25 18 22 43 21 20 24 35 48 39 26 36 29 23 30 45 17 37 16 42 41 50 32 38 47 52 55 31 57 59 27 49 60 46 51 53 54 56 58 61 0 0 0 0 0 0 0 0 0 0 0 0 0 1 0 0 0 0 0 0 0 0 0 0 0 0 0 0 1 0 0 0 0 1 0 1 0 0 0 0 0 0 0 0 0 0 0 0 1 0 0 0 0 0 0 0 0 1 0 0 0 0
0 2 13 3 7 8 15 19 1 34 28 9 10 4 5 14 6 40 33 11 44 12 25 18 22 43 21 20 24 35 48 39 26 36 29 23 30 45 17 37 16 42 41 50 32 38 47 52 55 31 57 59 27 49 60 46 51 53 54 56 58 61 0 0 0 0 0 0 0 0 0 0 0 0 0 1 0 0 0 0 0 0 0 0 0 0 0 0 0 0 1 0 0 0 0 1 0 1 0 0 0 0 0 0 0 0 0 0 0 0 1 0 0 0 0 0 0 0 0 1 0 0 0 0
0 1 4 2 3 21 28 14 15 5 24 7 11 20 9 37 23 19 8 12 30 16 34 40 13 17 26 32 10 35 39 41 6 22 18 45 27 38 31 33 44 42 43 50 29 36 25 48 46 57 59 47 52 49 51 55 60 53 54 56 58 61 0 0 0 0 0 0 0 0 0 0 0 0 0 0 0 0 0 0 0 0 0 0 1 0 0 0 0 0 0 0 0 0 0 0 0 0 0 0 0 0 0 0 0 0 0 0 0 1 0 0 0 0 0 0 0 1 0 0 0 0 0 0
0 1 4 2 3 21 28 14 15 5 24 7 11 20 9 37 23 19 8 12 30 16 34 40 13 17 26 32 10 35 39 41 6 22 18 45 27 38 31 33 44 42 43 50 29 36 25 48 46 57 59 47 52 49 51 55 60 53 54 56 58 61 0 0 0 0 0 0 0 0 0 0 0 0 0 0 0 0 0 0 0 0 0 0 1 0 0 0 0 0 0 0 0 0 0 0 0 0 0 0 0 0 0 0 0 0 0 0 0 1 0 0 0 0 0 0 0 1 0 0 0 0 0 0
0 1 3 4 23 9 10 5 14 21 44 36 11 20 25 15 16 48 2 37 6 13 22 7 19 8 28 31 40 24 33 34 12 17 32 18 35 30 43 38 27 49 39 42 41 46 57 26 50 59 52 45 51 47 29 53 55 54 60 56 58 61 0 0 0 0 0 0 1 0 0 0 0 0 0 0 0 0 0 0 0 0 0 0 0 0 0 0 0 0 1 0 0 1 0 1 0 0 0 0 0 1 0 0 0 0 0 0 0 0 0 0 0 0 0 0 0 0 0 0 0 0 0 0
0 3 7 1 8 4 21 5 15 12 2 23 37 16 13 19 31 28 40 34 45 17 35 18 6 41 33 11 32 27 14 47 9 10 30 26 25 24 42 20 48 43 36 49 57 22 29 50 38 44 46 51 39 53 59 54 56 52 58 55 60 61 0 0 0 0 0 0 0 0 0 0 0 0 0 0 0 0 0 0 0 0 0 0 1 1 0 0 0 0 1 0 0 0 0 1 0 0 0 0 0 0 0 0 0 0 1 0 0 0 0 0 0 0 0 0 0 1 0 0 0 0 0 0
0 3 7 8 2 1 15 9 13 11 20 10 6 34 19 26 12 18 4 29 28 36 14 22 40 35 17 33 5 43 44 24 21 32 23 27 39 30 37 16 42 57 25 31 45 41 50 38 48 47 59 52 55 46 49 51 60 53 54 56 58 61 0 0 0 0 0 0 0 0 0 0 0 0 0 0 0 0 0 1 0 0 0 0 0 0 1 0 0 0 1 0 0 0 0 0 0 0 1 0 0 0 0 0 0 0 0 0 0 0 0 0 0 0 0 0 0 0 0 0 0 0 0 0
0 3 7 1 8 4 21 5 15 12 2 23 37 16 13 19 31 28 40 34 45 17 35 18 6 41 33 11 32 27 14 47 9 10 30 26 25 24 42 20 48 43 36 49 57 22 29 50 38 44 46 51 39 53 59 54 56 52 58 55 60 61 0 0 0 0 0 0 0 0 0 0 0 0 0 0 0 0 0 0 0 0 0 0 1 1 0 0 0 0 1 0 0 0 0 1 0 0 0 0 0 0 0 0 0 0 1 0 0 0 0 0 0 0 0 0 0 1 0 0 0 0 0 0
0 3 7 8 2 1 15 9 13 11 20 10 6 34 19 26 12 18 4 29 28 36 14 22 40 35 17 33 5 43 44 24 21 32 23 27 39 30 37 16 42 57 25 31 45 41 50 38 48 47 59 52 55 46 49 51 60 53 54 56 58 61 0 0 0 0 0 0 0 0 0 0 0 0 0 0 0 0 0 1 0 0 0 0 0 0 1 0 0 0 1 0 0 0 0 0 0 0 1 0 0 0 0 0 0 0 0 0 0 0 0 0 0 0 0 0 0 0 0 0 0 0 0 0
0 1 3 4 23 9 10 5 14 21 44 36 11 20 25 15 16 48 2 37 6 13 22 7 19 8 28 31 40 24 33 34 12 17 32 18 35 30 43 38 27 49 39 42 41 46 57 26 50 59 52 45 51 47 29 53 55 54 60 56 58 61 0 0 0 0 0 0 1 0 0 0 0 0 0 0 0 0 0 0 0 0 0 0 0 0 0 0 0 0 1 0 0 1 0 1 0 0 0 0 0 1 0 0 0 0 0 0 0 0 0 0 0 0 0 0 0 0 0 0 0 0 0 0
0 1 9 14 2 4 44 13 10 36 21 5 25 33 24 16 6 48 3 11 28 15 18 43 23 7 22 19 30 31 40 8 26 37 20 49 12 17 27 45 34 35 29 39 41 32 47 42 57 38 52 55 60 46 50 51 59 53 54 56 58 61 0 0 0 0 0 0 0 0 0 0 0 0 0 0 0 1 0 0 0 0 0 0 1 0 0 0 1 0 1 0 0 0 0 0 0 0 0 0 0 0 0 0 1 0 1 0 0 0 0 0 1 0 0 0 0 0 0 0 0 0 0 0
0 1 14 2 9 28 13 24 4 3 10 25 6 11 15 5 48 18 33 7 19 8 21 16 43 23 12 34 39 22 17 44 26 29 35 27 30 41 42 36 40 47 37 50 57 49 31 46 45 51 59 20 53 54 56 58 32 38 52 55 60 61 0 0 0 0 0 0 0 0 0 0 0 0 0 1 0 0 0 0 0 0 1 0 0 0 0 0 0 0 1 0 0 1 0 0 0 0 0 1 0 0 0 0 0 0 1 1 0 0 1 1 0 0 0 0 0 0 0 0 0 0 0 0
0 1 9 14 2 4 44 13 10 36 21 5 25 33 24 16 6 48 3 11 28 15 18 43 23 7 22 19 30 31 40 8 26 37 20 49 12 17 27 45 34 35 29 39 41 32 47 42 57 38 52 55 60 46 50 51 59 53 54 56 58 61 0 0 0 0 0 0 0 0 0 0 0 0 0 0 0 1 0 0 0 0 0 0 1 0 0 0 1 0 1 0 0 0 0 0 0 0 0 0 0 0 0 0 1 0 1 0 0 0 0 0 1 0 0 0 0 0 0 0 0 0 0 0
0 1 14 2 9 28 13 24 4 3 10 25 6 11 15 5 48 18 33 7 19 8 21 16 43 23 12 34 39 22 17 44 26 29 35 27 30 41 42 36 40 47 37 50 57 49 31 46 45 51 59 20 53 54 56 58 32 38 52 55 60 61 0 0 0 0 0 0 0 0 0 0 0 0 0 1 0 0 0 0 0 0 1 0 0 0 0 0 0 0 1 0 0 1 0 0 0 0 0 1 0 0 0 0 0 0 1 1 0 0 1 1 0 0 0 0 0 0 0 0 0 0 0 0
0 3 1 14 9 2 11 7 8 6 24 4 23 12 21 13 22 10 19 44 28 39 25 5 37 18 30 34 35 48 17 15 40 32 20 16 33 43 41 36 31 49 26 42 27 57 46 47 51 53 50 54 59 45 38 29 52 55 60 56 58 61 0 0 0 0 0 0 0 0 0 0 0 0 0 0 0 0 0 0 0 0 0 0 0 0 0 0 0 0 1 1 0 0 0 0 1 0 0 0 0 0 0 0 0 0 0 0 1 0 0 0 0 0 1 0 0 1 0 0 0 0 0 0
0 3 1 14 9 2 11 7 8 6 24 4 23 12 21 13 22 10 19 44 28 39 25 5 37 18 30 34 35 48 17 15 40 32 20 16 33 43 41 36 31 49 26 42 27 57 46 47 51 53 50 54 59 45 38 29 52 55 60 56 58 61 0 0 0 0 0 0 0 0 0 0 0 0 0 0 0 0 0 0 0 0 0 0 0 0 0 0 0 0 1 1 0 0 0 0 1 0 0 0 0 0 0 0 0 0 0 0 1 0 0 0 0 0 1 0 0 1 0 0 0 0 0 0
0 1 14 4 21 24 9 44 2 5 13 33 10 36 28 40 6 25 16 45 48 18 22 37 23 31 3 7 43 39 19 11 15 8 12 30 34 20 42 26 29 57 49 17 27 35 41 32 47 50 38 59 46 52 55 51 53 60 54 56 58 61 0 0 0 0 0 0 0 0 0 0 0 0 0 0 0 0 0 0 0 0 0 0 0 0 1 0 0 0 0 0 0 0 0 0 0 0 0 1 0 0 0 0 0 0 0 0 0 0 0 1 0 1 1 0 0 1 0 0 0 1 0 0
0 1 14 4 21 24 9 44 2 5 13 33 10 36 28 40 6 25 16 45 48 18 22 37 23 31 3 7 43 39 19 11 15 8 12 30 34 20 42 26 29 57 49 17 27 35 41 32 47 50 38 59 46 52 55 51 53 60 54 56 58 61 0 0 0 0 0 0 0 0 0 0 0 0 0 0 0 0 0 0 0 0 0 0 0 0 1 0 0 0 0 0 0 0 0 0 0 0 0 1 0 0 0 0 0 0 0 0 0 0 0 1 0 1 1 0 0 1 0 0 0 1 0 0
0 1 14 24 9 4 3 2 6 13 11 28 44 7 40 33 18 10 25 23 43 15 48 22 45 21 5 36 16 19 8 37 49 12 20 39 30 34 35 17 26 42 41 57 47 31 27 46 32 51 29 53 38 52 50 55 54 59 60 56 58 61 0 0 0 0 0 0 1 0 0 0 0 0 0 0 0 1 0 0 0 0 1 0 1 0 1 0 0 0 1 0 0 1 0 0 0 0 0 0 0 1 0 0 0 0 0 0 0 0 0 0 0 0 0 0 0 0 0 1 0 0 0 0
0 1 2 3 4 23 15 13 28 14 9 33 5 37 7 24 10 36 16 44 21 6 11 39 20 19 40 18 43 8 22 49 30 31 25 42 48 45 12 34 35 17 27 57 41 32 38 47 52 46 51 53 54 26 29 50 55 59 60 56 58 61 0 0 0 0 0 0 0 0 0 0 0 0 0 0 0 0 0 0 0 1 0 0 0 0 1 0 0 0 0 0 0 0 0 1 0 1 0 0 0 0 0 1 1 0 0 0 0 0 1 0 0 0 0 0 0 0 0 0 0 0 0 0
0 1 2 3 4 23 15 13 28 14 9 33 5 37 7 24 10 36 16 44 21 6 11 39 20 19 40 18 43 8 22 49 30 31 25 42 48 45 12 34 35 17 27 57 41 32 38 47 52 46 51 53 54 26 29 50 55 59 60 56 58 61 0 0 0 0 0 0 0 0 0 0 0 0 0 0 0 0 0 0 0 1 0 0 0 0 1 0 0 0 0 0 0 0 0 1 0 1 0 0 0 0 0 1 1 0 0 0 0 0 1 0 0 0 0 0 0 0 0 0 0 0 0 0
0 1 14 24 9 4 3 2 6 13 11 28 44 7 40 33 18 10 25 23 43 15 48 22 45 21 5 36 16 19 8 37 49 12 20 39 30 34 35 17 26 42 41 57 47 31 27 46 32 51 29 53 38 52 50 55 54 59 60 56 58 61 0 0 0 0 0 0 1 0 0 0 0 0 0 0 0 1 0 0 0 0 1 0 1 0 1 0 0 0 1 0 0 1 0 0 0 0 0 0 0 1 0 0 0 0 0 0 0 0 0 0 0 0 0 0 0 0 0 1 0 0 0 0
0 1 14 24 9 4 3 2 6 13 11 28 44 7 40 33 18 10 25 23 43 15 48 22 45 21 5 36 16 19 8 37 49 12 20 39 30 34 35 17 26 42 41 57 47 31 27 46 32 51 29 53 38 52 50 55 54 59 60 56 58 61 0 0 0 0 0 0 1 0 0 0 0 0 0 0 0 1 0 0 0 0 1 0 1 0 1 0 0 0 1 0 0 1 0 0 0 0 0 0 0 1 0 0 0 0 0 0 0 0 0 0 0 0 0 0 0 0 0 1 0 0 0 0
0 2 28 40 3 11 7 15 20 1 19 8 9 44 4 26 6 29 22 10 34 12 13 5 37 18 17 35 14 21 41 16 30 42 36 25 33 48 50 59 24 39 43 32 23 27 45 47 57 31 38 49 46 51 52 53 54 56 55 60 58 61 0 0 0 0 0 0 0 0 0 0 0 0 0 0 0 0 0 0 0 0 1 1 0 0 0 0 0 0 0 0 0 0 0 0 0 0 0 0 0 0 0 1 0 0 0 0 0 0 0 0 0 0 0 0 0 0 0 0 0 0 0 0
0 1 3 4 14 2 7 13 28 23 19 6 18 5 11 24 33 8 22 21 34 30 12 9 20 37 35 26 10 39 16 42 25 41 48 44 40 45 17 27 32 15 36 43 49 31 29 46 38 52 51 57 47 53 55 50 60 54 59 56 58 61 0 0 0 0 0 1 0 0 0 1 0 0 0 0 0 1 0 0 0 0 0 0 0 0 0 0 1 0 0 0 0 0 0 0 0 0 0 0 0 0 0 0 1 0 0 0 0 0 0 0 0 0 0 0 0 0 0 0 0 0 0 0
0 1 3 4 14 2 7 13 28 23 19 6 18 5 11 24 33 8 22 21 34 30 12 9 20 37 35 26 10 39 16 42 25 41 48 44 40 45 17 27 32 15 36 43 49 31 29 46 38 52 51 57 47 53 55 50 60 54 59 56 58 61 0 0 0 0 0 1 0 0 0 1 0 0 0 0 0 1 0 0 0 0 0 0 0 0 0 0 1 0 0 0 0 0 0 0 0 0 0 0 0 0 0 0 1 0 0 0 0 0 0 0 0 0 0 0 0 0 0 0 0 0 0 0
