67 174043
70 171414
67 174043
70 171414
70 171414
70 171414
84 166819
123 164253
70 171414
70 171414
66 174056
70 171414
167 161502
109 165255
70 171414
70 171414
70 171414
66 174056
136 164239
68 172930
70 171414
70 171414
70 171414
70 171414
66 174056
160 162736
70 171414
113 165012
109 165255
70 171414
70 171414
70 171414
75 168198
72 168640
96 165809
65 174144
84 166819
70 171414
72 168640
96 165809
68 172930
70 171414
136 164239
70 171414
70 171414
70 171414
70 171414
70 171414
70 171414
70 171414
70 171414
72 168640
70 171414
70 171414
72 168640
75 168198
123 164253
96 165809
70 171414
167 161502
70 171414
70 171414
70 171414
75 168198
