0 3 4 1 2 11 5 15 7 6 9 12 8 14 21 18 19 10 24 16 13 25 17 20 27 22 29 28 23 26 30 31 1 1 1 1 0 0 0 0 1 0 1 1 1 0 1 1 1 1 0 0 1 1 0 1 1 1 1 1 1 0 0 1
0 3 1 2 4 5 6 7 9 15 11 8 14 12 10 21 18 19 16 13 17 24 25 27 20 22 23 29 28 26 30 31 1 1 1 1 0 1 1 1 1 1 0 1 1 1 0 1 1 1 1 0 0 1 0 1 1 1 1 1 1 1 0 1
0 3 1 2 11 4 5 7 9 6 15 12 8 14 21 18 10 19 24 25 27 13 16 22 17 23 20 29 28 26 30 31 1 1 1 0 0 1 1 1 1 1 1 1 1 1 1 1 0 1 1 0 1 1 0 0 0 1 1 1 1 1 0 1
0 3 1 2 5 4 6 11 7 9 15 8 14 12 21 10 18 16 19 24 25 17 13 22 20 27 29 23 26 28 30 31 1 1 1 1 1 0 1 0 1 1 1 0 0 0 1 1 1 1 1 0 0 0 0 0 1 1 1 0 0 1 1 1
0 3 4 5 2 1 7 9 15 11 6 8 12 14 10 21 18 19 16 13 24 22 17 25 20 27 23 26 28 29 30 31 1 1 1 1 1 1 1 1 1 1 0 1 1 1 1 1 0 1 1 1 0 0 0 0 1 1 1 1 1 0 1 0
0 3 1 4 2 11 5 15 6 7 8 9 10 21 12 18 14 19 13 16 24 22 17 20 25 23 27 29 28 26 30 31 1 1 1 0 1 0 1 1 1 1 0 1 1 1 1 1 1 1 0 1 0 1 0 0 1 1 1 1 1 0 0 1
0 3 1 4 2 11 5 15 6 7 8 9 10 21 12 18 14 19 13 16 24 22 17 20 25 23 27 29 28 26 30 31 1 1 1 0 1 0 1 1 1 1 0 1 1 1 1 1 1 1 0 1 0 1 0 0 1 1 1 1 1 0 0 1
0 3 1 2 11 4 5 7 9 6 15 12 8 14 21 18 10 19 24 25 27 13 16 22 17 23 20 29 28 26 30 31 1 1 1 0 0 1 1 1 1 1 1 1 1 1 1 1 0 1 1 0 1 1 0 0 0 1 1 1 1 1 0 1
0 3 4 1 2 11 5 15 6 21 7 9 12 8 14 10 18 19 13 16 24 17 25 27 20 22 29 23 28 26 30 31 0 1 1 0 1 1 1 0 1 1 1 1 1 1 1 1 1 1 1 1 1 0 1 1 0 1 1 1 1 0 0 1
0 3 4 5 2 1 15 11 6 7 9 8 21 12 14 10 18 16 13 19 24 17 25 27 20 22 23 29 28 26 30 31 1 1 1 1 0 1 1 1 1 1 1 1 1 0 1 1 1 1 1 1 1 0 1 1 0 1 1 1 1 0 0 1
0 3 1 2 11 4 5 7 15 6 8 9 10 12 14 21 18 16 19 13 24 22 17 25 27 20 23 29 28 26 30 31 1 1 1 0 0 1 1 1 0 1 1 1 1 0 0 1 1 1 1 1 1 1 1 0 0 1 1 1 1 1 0 1
0 3 4 5 1 2 7 9 6 11 15 21 8 12 14 18 10 19 13 16 24 22 17 25 27 20 23 29 26 28 30 31 1 1 1 1 1 1 1 1 0 0 0 1 1 1 0 1 1 1 1 1 1 1 1 0 0 1 1 1 0 1 0 1
0 3 4 5 2 1 15 11 6 7 9 12 8 21 18 19 13 10 14 16 24 17 25 22 20 27 29 26 28 23 30 31 1 1 1 1 1 1 1 0 0 1 1 1 1 1 1 1 0 1 1 1 1 1 1 1 1 1 1 1 1 0 0 1
0 3 4 5 2 1 15 11 6 7 9 8 21 12 14 10 18 16 13 19 24 17 25 27 20 22 23 29 28 26 30 31 1 1 1 1 0 1 1 1 1 1 1 1 1 0 1 1 1 1 1 1 1 0 1 1 0 1 1 1 1 0 0 1
0 3 4 5 2 1 15 11 6 7 9 12 8 21 18 19 13 10 14 16 24 17 25 22 20 27 29 26 28 23 30 31 1 1 1 1 1 1 1 0 0 1 1 1 1 1 1 1 0 1 1 1 1 1 1 1 1 1 1 1 1 0 0 1
0 3 4 5 1 2 7 9 6 11 15 21 8 12 14 18 10 19 13 16 24 22 17 25 27 20 23 29 26 28 30 31 1 1 1 1 1 1 1 1 0 0 0 1 1 1 0 1 1 1 1 1 1 1 1 0 0 1 1 1 0 1 0 1
0 3 4 5 2 1 15 11 6 7 9 12 8 21 18 19 13 10 14 16 24 17 25 22 20 27 29 26 28 23 30 31 1 1 1 1 1 1 1 0 0 1 1 1 1 1 1 1 0 1 1 1 1 1 1 1 1 1 1 1 1 0 0 1
0 3 4 5 1 2 7 9 6 11 15 21 8 12 14 18 10 19 13 16 24 22 17 25 27 20 23 29 26 28 30 31 1 1 1 1 1 1 1 1 0 0 0 1 1 1 0 1 1 1 1 1 1 1 1 0 0 1 1 1 0 1 0 1
0 3 1 2 11 4 5 7 15 6 8 9 10 12 14 21 18 16 19 13 24 22 17 25 27 20 23 29 28 26 30 31 1 1 1 0 0 1 1 1 0 1 1 1 1 0 0 1 1 1 1 1 1 1 1 0 0 1 1 1 1 1 0 1
0 3 4 5 2 1 15 11 6 7 9 8 21 12 14 10 18 16 13 19 24 17 25 27 20 22 23 29 28 26 30 31 1 1 1 1 0 1 1 1 1 1 1 1 1 0 1 1 1 1 1 1 1 0 1 1 0 1 1 1 1 0 0 1
